id,number_1,number_2,operator,solution
0,1045,1594,0,2639
1,1390,1067,0,2457
2,1539,1703,0,3242
3,1465,1871,0,3336
4,1041,1033,0,2074
5,1134,1685,0,2819
6,1210,1179,0,2389
7,1698,1749,0,3447
8,1903,1503,0,3406
9,1386,1131,0,2517
10,1620,1360,0,2980
11,1211,1788,0,2999
12,1585,1947,0,3532
13,1912,1785,0,3697
14,1147,1350,0,2497
15,1770,1311,0,3081
16,1877,1116,0,2993
17,2000,1055,0,3055
18,1516,1928,0,3444
19,1957,1851,0,3808
20,1688,1586,0,3274
21,1037,1607,0,2644
22,1006,1270,0,2276
23,1120,1343,0,2463
24,1691,1605,0,3296
25,1017,1874,0,2891
26,1082,1618,0,2700
27,1766,1820,0,3586
28,1688,1031,0,2719
29,1265,1587,0,2852
30,1349,1463,0,2812
31,1565,1872,0,3437
32,1188,1309,0,2497
33,1052,1868,0,2920
34,1306,1755,0,3061
35,1250,1700,0,2950
36,1632,1682,0,3314
37,1433,1757,0,3190
38,1404,1561,0,2965
39,1692,1345,0,3037
40,1686,1829,0,3515
41,1706,1353,0,3059
42,1159,1192,0,2351
43,1506,1625,0,3131
44,1977,1773,0,3750
45,1511,1953,0,3464
46,1228,1464,0,2692
47,1431,1758,0,3189
48,1109,1378,0,2487
49,1253,1679,0,2932
50,1720,1704,0,3424
51,1698,1759,0,3457
52,1248,1098,0,2346
53,1693,1861,0,3554
54,1815,1841,0,3656
55,1146,1993,0,3139
56,1802,1815,0,3617
57,1935,1424,0,3359
58,1077,1834,0,2911
59,1793,1480,0,3273
60,1327,1024,0,2351
61,1753,1974,0,3727
62,1516,1230,0,2746
63,1156,1372,0,2528
64,1809,1912,0,3721
65,1638,1609,0,3247
66,1674,1719,0,3393
67,1923,1281,0,3204
68,1583,1441,0,3024
69,1370,1946,0,3316
70,1700,1868,0,3568
71,1973,1765,0,3738
72,1174,1924,0,3098
73,1321,1358,0,2679
74,1961,1248,0,3209
75,1135,1340,0,2475
76,1761,1768,0,3529
77,1158,1366,0,2524
78,1848,1742,0,3590
79,1439,1903,0,3342
80,1037,1835,0,2872
81,1791,1329,0,3120
82,1292,1727,0,3019
83,1848,1170,0,3018
84,1588,1444,0,3032
85,1717,1187,0,2904
86,1736,1782,0,3518
87,1206,1856,0,3062
88,1424,1076,0,2500
89,1557,1017,0,2574
90,1240,1877,0,3117
91,1210,1141,0,2351
92,1879,1721,0,3600
93,1594,1958,0,3552
94,1093,1072,0,2165
95,1185,1918,0,3103
96,1550,1887,0,3437
97,1615,1526,0,3141
98,1465,1039,0,2504
99,1849,1094,0,2943
100,1970,1644,0,3614
101,1185,1160,0,2345
102,1460,1378,0,2838
103,1033,1639,0,2672
104,1964,1667,0,3631
105,1908,1760,0,3668
106,1811,1892,0,3703
107,1018,1821,0,2839
108,1098,1336,0,2434
109,1484,1240,0,2724
110,1370,1629,0,2999
111,1494,1623,0,3117
112,1371,1031,0,2402
113,1424,1094,0,2518
114,1725,1475,0,3200
115,1508,1254,0,2762
116,1505,1811,0,3316
117,1824,1735,0,3559
118,1462,1730,0,3192
119,1508,1041,0,2549
120,1521,1040,0,2561
121,1674,1149,0,2823
122,1367,1410,0,2777
123,1493,1078,0,2571
124,1252,1904,0,3156
125,1977,1413,0,3390
126,1080,1805,0,2885
127,1851,1523,0,3374
128,1337,1282,0,2619
129,1439,1303,0,2742
130,1262,1271,0,2533
131,1446,1379,0,2825
132,1230,1466,0,2696
133,1233,1933,0,3166
134,1348,1086,0,2434
135,1503,1434,0,2937
136,1936,1329,0,3265
137,1243,1982,0,3225
138,1586,1728,0,3314
139,1831,1717,0,3548
140,1444,1751,0,3195
141,1080,1724,0,2804
142,1135,1207,0,2342
143,1402,1715,0,3117
144,1826,1304,0,3130
145,1841,1348,0,3189
146,1041,1790,0,2831
147,1714,1691,0,3405
148,1039,1175,0,2214
149,1332,1990,0,3322
150,1402,1002,0,2404
151,1315,1065,0,2380
152,1976,1124,0,3100
153,1300,1322,0,2622
154,1021,1977,0,2998
155,1520,1179,0,2699
156,1285,1739,0,3024
157,1980,1264,0,3244
158,1731,1238,0,2969
159,1309,1718,0,3027
160,1979,1494,0,3473
161,1238,1741,0,2979
162,1645,1333,0,2978
163,1809,1363,0,3172
164,1858,1945,0,3803
165,1566,1382,0,2948
166,1187,1183,0,2370
167,1388,1669,0,3057
168,1707,1432,0,3139
169,1189,1691,0,2880
170,1410,1969,0,3379
171,1739,1784,0,3523
172,1309,1679,0,2988
173,1462,1075,0,2537
174,1188,1195,0,2383
175,1591,1240,0,2831
176,1612,1722,0,3334
177,1914,1269,0,3183
178,1554,1005,0,2559
179,1928,1985,0,3913
180,1265,1144,0,2409
181,1747,1507,0,3254
182,1413,1664,0,3077
183,1901,1269,0,3170
184,1928,1077,0,3005
185,1726,1253,0,2979
186,1576,1886,0,3462
187,1863,1721,0,3584
188,1424,1597,0,3021
189,1125,1417,0,2542
190,1457,1808,0,3265
191,1674,1421,0,3095
192,1620,1149,0,2769
193,1084,1984,0,3068
194,1768,1555,0,3323
195,1262,1686,0,2948
196,1242,1382,0,2624
197,1505,1590,0,3095
198,1928,1572,0,3500
199,1540,1989,0,3529
200,1430,1702,0,3132
201,1226,1551,0,2777
202,1246,1352,0,2598
203,1759,1279,0,3038
204,1650,1223,0,2873
205,1030,1921,0,2951
206,1648,1816,0,3464
207,1786,1388,0,3174
208,1047,1954,0,3001
209,1523,1753,0,3276
210,1625,1134,0,2759
211,1793,1333,0,3126
212,1839,1421,0,3260
213,1424,1568,0,2992
214,1623,1155,0,2778
215,1580,1872,0,3452
216,1173,1922,0,3095
217,1187,1500,0,2687
218,1277,1786,0,3063
219,1179,1050,0,2229
220,1331,1540,0,2871
221,1020,1079,0,2099
222,1718,1997,0,3715
223,1375,1672,0,3047
224,1290,1916,0,3206
225,1159,1736,0,2895
226,1703,1766,0,3469
227,1170,1069,0,2239
228,1903,1062,0,2965
229,1667,1475,0,3142
230,1527,1644,0,3171
231,1881,1526,0,3407
232,1234,1837,0,3071
233,1202,1910,0,3112
234,1686,1775,0,3461
235,1005,1321,0,2326
236,1639,1303,0,2942
237,1243,1537,0,2780
238,1421,1776,0,3197
239,1552,1782,0,3334
240,1695,1037,0,2732
241,1644,1185,0,2829
242,1254,1285,0,2539
243,1874,1097,0,2971
244,1295,1012,0,2307
245,1819,1201,0,3020
246,1435,1204,0,2639
247,1628,1290,0,2918
248,1122,1096,0,2218
249,1551,1104,0,2655
250,1756,1649,0,3405
251,1846,1498,0,3344
252,1416,1132,0,2548
253,1262,1047,0,2309
254,1782,1606,0,3388
255,1662,1007,0,2669
256,1558,1463,0,3021
257,1058,1255,0,2313
258,1209,1738,0,2947
259,1099,1880,0,2979
260,1939,1777,0,3716
261,1259,1640,0,2899
262,1280,1269,0,2549
263,1140,1013,0,2153
264,1201,1887,0,3088
265,1002,1381,0,2383
266,1524,1250,0,2774
267,1029,1730,0,2759
268,1807,1278,0,3085
269,1879,1597,0,3476
270,1296,1540,0,2836
271,1238,1066,0,2304
272,1834,1895,0,3729
273,1279,1992,0,3271
274,1061,1277,0,2338
275,1055,1218,0,2273
276,1880,1732,0,3612
277,1817,1672,0,3489
278,1204,1773,0,2977
279,1742,1966,0,3708
280,1156,1343,0,2499
281,1820,1057,0,2877
282,1516,1795,0,3311
283,1344,1409,0,2753
284,1520,1732,0,3252
285,1935,1061,0,2996
286,1628,1062,0,2690
287,1327,1705,0,3032
288,1091,1676,0,2767
289,1310,1036,0,2346
290,1314,1624,0,2938
291,1733,1638,0,3371
292,1942,1636,0,3578
293,1921,1174,0,3095
294,1620,1017,0,2637
295,1913,1328,0,3241
296,1716,1235,0,2951
297,1260,1785,0,3045
298,1164,1120,0,2284
299,1543,1927,0,3470
300,1471,1482,0,2953
301,1982,1629,0,3611
302,1611,1649,0,3260
303,1207,1858,0,3065
304,1351,1188,0,2539
305,1445,1059,0,2504
306,1841,1324,0,3165
307,1356,1278,0,2634
308,1427,1998,0,3425
309,1120,1019,0,2139
310,1231,1531,0,2762
311,1661,1350,0,3011
312,1299,1580,0,2879
313,1407,1630,0,3037
314,1806,1859,0,3665
315,1442,1758,0,3200
316,1965,1552,0,3517
317,1381,1485,0,2866
318,1823,1529,0,3352
319,1768,1182,0,2950
320,1615,1330,0,2945
321,1784,1331,0,3115
322,1540,1062,0,2602
323,1276,1961,0,3237
324,1436,1024,0,2460
325,1119,1051,0,2170
326,1685,1585,0,3270
327,1455,1346,0,2801
328,1266,1443,0,2709
329,1567,1891,0,3458
330,1520,1956,0,3476
331,1258,1108,0,2366
332,1817,1080,0,2897
333,1925,1923,0,3848
334,1751,1705,0,3456
335,1756,1487,0,3243
336,1603,1490,0,3093
337,1146,1150,0,2296
338,1789,1842,0,3631
339,1897,1378,0,3275
340,1297,1665,0,2962
341,1653,1829,0,3482
342,1451,1951,0,3402
343,1658,1830,0,3488
344,1003,1614,0,2617
345,1199,1257,0,2456
346,1000,1488,0,2488
347,1255,1415,0,2670
348,1811,1078,0,2889
349,1349,1275,0,2624
350,1344,1006,0,2350
351,1242,1971,0,3213
352,1970,1050,0,3020
353,1603,1055,0,2658
354,1500,1640,0,3140
355,1190,1931,0,3121
356,1920,1074,0,2994
357,1546,1890,0,3436
358,1081,1169,0,2250
359,1759,1820,0,3579
360,1133,1120,0,2253
361,1620,1903,0,3523
362,1711,1800,0,3511
363,1820,1183,0,3003
364,1411,1452,0,2863
365,1897,1210,0,3107
366,1819,1528,0,3347
367,1229,1590,0,2819
368,1326,1608,0,2934
369,1834,1024,0,2858
370,1059,1388,0,2447
371,1280,1001,0,2281
372,1666,1248,0,2914
373,1945,1007,0,2952
374,1393,1621,0,3014
375,1651,1836,0,3487
376,1591,1981,0,3572
377,1763,1204,0,2967
378,1089,1920,0,3009
379,1224,1491,0,2715
380,1717,1165,0,2882
381,1248,1824,0,3072
382,1572,1839,0,3411
383,1208,1399,0,2607
384,1958,1410,0,3368
385,1799,1564,0,3363
386,1672,1513,0,3185
387,1245,1660,0,2905
388,1083,1700,0,2783
389,1758,1051,0,2809
390,1781,1367,0,3148
391,1215,1822,0,3037
392,1891,1675,0,3566
393,1202,1784,0,2986
394,1202,1032,0,2234
395,1071,1168,0,2239
396,1827,1189,0,3016
397,1995,1607,0,3602
398,1016,1606,0,2622
399,1819,1670,0,3489
400,1341,1988,0,3329
401,1180,1523,0,2703
402,1663,1753,0,3416
403,1182,1197,0,2379
404,1487,1014,0,2501
405,1808,1148,0,2956
406,1339,1992,0,3331
407,1305,1475,0,2780
408,1674,1301,0,2975
409,1033,1591,0,2624
410,1072,1387,0,2459
411,1393,1562,0,2955
412,1764,1872,0,3636
413,1474,1691,0,3165
414,1354,1151,0,2505
415,1529,1276,0,2805
416,1377,1865,0,3242
417,1533,1861,0,3394
418,1249,1969,0,3218
419,1140,1952,0,3092
420,1049,1355,0,2404
421,1886,1855,0,3741
422,1322,1609,0,2931
423,1632,1877,0,3509
424,1078,1491,0,2569
425,1011,1440,0,2451
426,1813,1086,0,2899
427,1738,1377,0,3115
428,1489,1985,0,3474
429,1686,1119,0,2805
430,1370,1483,0,2853
431,1392,1963,0,3355
432,1738,1895,0,3633
433,1143,1612,0,2755
434,1242,1890,0,3132
435,1919,1733,0,3652
436,1369,1668,0,3037
437,1775,1931,0,3706
438,1994,1967,0,3961
439,1258,1149,0,2407
440,1456,1917,0,3373
441,1743,1516,0,3259
442,1166,1970,0,3136
443,1991,1758,0,3749
444,1032,1665,0,2697
445,1684,1168,0,2852
446,1501,1615,0,3116
447,1799,1896,0,3695
448,1834,1378,0,3212
449,1235,1626,0,2861
450,1855,1263,0,3118
451,1780,1129,0,2909
452,1918,1343,0,3261
453,1884,1829,0,3713
454,1614,1131,0,2745
455,1524,1371,0,2895
456,1656,1100,0,2756
457,1044,1215,0,2259
458,1435,1699,0,3134
459,1036,1531,0,2567
460,1260,1473,0,2733
461,1870,1965,0,3835
462,1133,1764,0,2897
463,1400,1358,0,2758
464,1017,1853,0,2870
465,1960,1036,0,2996
466,1903,1251,0,3154
467,1663,1815,0,3478
468,1609,1168,0,2777
469,1959,1344,0,3303
470,1303,1471,0,2774
471,1348,1854,0,3202
472,1557,1796,0,3353
473,1030,1132,0,2162
474,1514,1652,0,3166
475,1500,1466,0,2966
476,1874,1873,0,3747
477,1404,1177,0,2581
478,1134,1137,0,2271
479,1497,1837,0,3334
480,1139,1396,0,2535
481,1646,1457,0,3103
482,1963,1583,0,3546
483,1052,1058,0,2110
484,1114,1506,0,2620
485,1622,1675,0,3297
486,1115,1392,0,2507
487,1490,1297,0,2787
488,1887,1402,0,3289
489,1160,1165,0,2325
490,1470,1484,0,2954
491,1571,1942,0,3513
492,1074,1265,0,2339
493,1158,1859,0,3017
494,1769,1916,0,3685
495,1956,1316,0,3272
496,1966,1903,0,3869
497,1473,1088,0,2561
498,1284,1017,0,2301
499,1019,1782,0,2801
500,1619,1056,0,2675
501,1218,1182,0,2400
502,1750,1479,0,3229
503,1987,1431,0,3418
504,1086,1764,0,2850
505,1537,1732,0,3269
506,1000,1068,0,2068
507,1446,1990,0,3436
508,1684,1427,0,3111
509,1493,1265,0,2758
510,1578,1606,0,3184
511,1995,1831,0,3826
512,1893,1709,0,3602
513,1779,1561,0,3340
514,1430,1081,0,2511
515,1583,1789,0,3372
516,1602,1427,0,3029
517,1819,1212,0,3031
518,1727,1528,0,3255
519,1014,1474,0,2488
520,1025,1088,0,2113
521,1563,1609,0,3172
522,1411,1696,0,3107
523,1948,1809,0,3757
524,1843,1930,0,3773
525,1918,1456,0,3374
526,1676,1763,0,3439
527,1132,1907,0,3039
528,1808,1714,0,3522
529,1988,1710,0,3698
530,1124,1716,0,2840
531,1760,1466,0,3226
532,1048,1667,0,2715
533,1073,1277,0,2350
534,1726,1185,0,2911
535,1916,1705,0,3621
536,1289,1794,0,3083
537,1793,1622,0,3415
538,1869,1894,0,3763
539,1106,1616,0,2722
540,1217,1045,0,2262
541,1812,1409,0,3221
542,1984,1355,0,3339
543,1976,1251,0,3227
544,1806,1744,0,3550
545,1078,1096,0,2174
546,1752,1986,0,3738
547,1153,1770,0,2923
548,1218,1286,0,2504
549,1935,1799,0,3734
550,1067,1521,0,2588
551,1274,1695,0,2969
552,1688,1363,0,3051
553,1516,1595,0,3111
554,1191,1957,0,3148
555,1409,1506,0,2915
556,1517,1123,0,2640
557,1541,1295,0,2836
558,1586,1712,0,3298
559,1314,1934,0,3248
560,1019,1670,0,2689
561,1605,1063,0,2668
562,1295,1828,0,3123
563,1404,1392,0,2796
564,1697,1109,0,2806
565,1546,1931,0,3477
566,1980,1181,0,3161
567,1867,1276,0,3143
568,1864,1114,0,2978
569,1513,1847,0,3360
570,1755,1031,0,2786
571,2000,1553,0,3553
572,1867,1454,0,3321
573,1904,1535,0,3439
574,1390,1675,0,3065
575,1361,1529,0,2890
576,1683,1446,0,3129
577,1716,1770,0,3486
578,1351,1840,0,3191
579,1543,1497,0,3040
580,1498,1001,0,2499
581,1417,1573,0,2990
582,1368,1535,0,2903
583,1026,1985,0,3011
584,1598,1312,0,2910
585,1165,1196,0,2361
586,1072,1120,0,2192
587,1415,1538,0,2953
588,1543,1973,0,3516
589,1604,1811,0,3415
590,1765,1748,0,3513
591,1606,1083,0,2689
592,1343,1073,0,2416
593,1636,1676,0,3312
594,1659,1453,0,3112
595,1665,1521,0,3186
596,1958,1140,0,3098
597,1571,1311,0,2882
598,1972,1424,0,3396
599,1091,1545,0,2636
600,1753,1089,0,2842
601,1383,1376,0,2759
602,1477,1933,0,3410
603,1450,1871,0,3321
604,1153,1001,0,2154
605,1550,1377,0,2927
606,1477,1651,0,3128
607,1668,1234,0,2902
608,1426,1414,0,2840
609,1858,1350,0,3208
610,1869,1244,0,3113
611,1812,1936,0,3748
612,1049,1107,0,2156
613,1578,1535,0,3113
614,1667,1536,0,3203
615,1180,1136,0,2316
616,1793,1690,0,3483
617,1949,1090,0,3039
618,1756,1535,0,3291
619,1455,1017,0,2472
620,1324,1641,0,2965
621,1531,1948,0,3479
622,1333,1811,0,3144
623,1436,1860,0,3296
624,1236,1757,0,2993
625,1710,1120,0,2830
626,1184,1101,0,2285
627,1286,1917,0,3203
628,1724,1926,0,3650
629,1557,1613,0,3170
630,1959,1567,0,3526
631,1107,1254,0,2361
632,1665,1422,0,3087
633,1690,1346,0,3036
634,1429,1697,0,3126
635,1981,1513,0,3494
636,1626,1678,0,3304
637,1586,1706,0,3292
638,1389,1267,0,2656
639,1404,1604,0,3008
640,1080,1586,0,2666
641,1587,1435,0,3022
642,1885,1593,0,3478
643,1005,1889,0,2894
644,1870,1608,0,3478
645,1860,1109,0,2969
646,1554,1021,0,2575
647,1288,1073,0,2361
648,1331,1943,0,3274
649,1511,1520,0,3031
650,1307,1336,0,2643
651,1779,1602,0,3381
652,1583,1233,0,2816
653,1730,1871,0,3601
654,1578,1175,0,2753
655,1723,1790,0,3513
656,1879,1988,0,3867
657,1092,1876,0,2968
658,1481,1544,0,3025
659,1152,1937,0,3089
660,1522,1207,0,2729
661,1711,1478,0,3189
662,1392,1998,0,3390
663,1395,1291,0,2686
664,1502,1984,0,3486
665,1363,1675,0,3038
666,1949,1525,0,3474
667,1828,1394,0,3222
668,1770,1126,0,2896
669,1415,1477,0,2892
670,1204,1118,0,2322
671,1886,1742,0,3628
672,1107,1850,0,2957
673,1967,1465,0,3432
674,1457,1493,0,2950
675,1481,1342,0,2823
676,1986,1763,0,3749
677,1768,1666,0,3434
678,1053,1632,0,2685
679,1066,1615,0,2681
680,1713,1210,0,2923
681,1730,1771,0,3501
682,1085,1314,0,2399
683,1260,1316,0,2576
684,1374,1781,0,3155
685,1946,1307,0,3253
686,1060,1914,0,2974
687,1084,1020,0,2104
688,1014,1683,0,2697
689,1751,1421,0,3172
690,1546,1141,0,2687
691,1845,1850,0,3695
692,1355,1301,0,2656
693,1397,1678,0,3075
694,1253,1458,0,2711
695,1022,1261,0,2283
696,1045,1424,0,2469
697,1548,1525,0,3073
698,1943,1840,0,3783
699,1650,1464,0,3114
700,1978,1999,0,3977
701,1827,1956,0,3783
702,1691,1169,0,2860
703,1037,1175,0,2212
704,1086,1058,0,2144
705,1694,1614,0,3308
706,1047,1830,0,2877
707,1967,1534,0,3501
708,1841,1857,0,3698
709,1548,1077,0,2625
710,1781,1319,0,3100
711,1779,1248,0,3027
712,1918,1035,0,2953
713,1300,1498,0,2798
714,1961,1111,0,3072
715,1243,1198,0,2441
716,1185,1453,0,2638
717,1380,1238,0,2618
718,1262,1755,0,3017
719,1548,1797,0,3345
720,1394,1412,0,2806
721,1167,1124,0,2291
722,1051,1747,0,2798
723,1763,1289,0,3052
724,1846,1837,0,3683
725,1214,1598,0,2812
726,1158,1782,0,2940
727,1056,1353,0,2409
728,1595,1417,0,3012
729,1311,1313,0,2624
730,1799,1603,0,3402
731,1678,1847,0,3525
732,1340,1511,0,2851
733,1383,1450,0,2833
734,1184,1718,0,2902
735,1815,1576,0,3391
736,1507,1437,0,2944
737,1549,1835,0,3384
738,1037,1352,0,2389
739,1051,1798,0,2849
740,1358,1931,0,3289
741,1136,1973,0,3109
742,1976,1215,0,3191
743,1217,1307,0,2524
744,1594,1638,0,3232
745,1096,1361,0,2457
746,1528,1091,0,2619
747,1646,1228,0,2874
748,1064,1949,0,3013
749,1036,1454,0,2490
750,1068,1811,0,2879
751,1027,1580,0,2607
752,1879,1377,0,3256
753,1857,1886,0,3743
754,1739,1766,0,3505
755,1571,1736,0,3307
756,1285,1693,0,2978
757,1516,1170,0,2686
758,1885,1373,0,3258
759,1892,1809,0,3701
760,1389,1487,0,2876
761,1236,1598,0,2834
762,1043,1247,0,2290
763,1653,1894,0,3547
764,1548,1388,0,2936
765,1117,1734,0,2851
766,1566,1375,0,2941
767,1504,1058,0,2562
768,1457,1109,0,2566
769,1940,1906,0,3846
770,1291,1437,0,2728
771,1881,1053,0,2934
772,1805,1117,0,2922
773,1744,1589,0,3333
774,1060,1830,0,2890
775,1600,1475,0,3075
776,1480,1950,0,3430
777,1641,1669,0,3310
778,1713,1054,0,2767
779,1598,1265,0,2863
780,1978,1132,0,3110
781,1378,1051,0,2429
782,1436,1752,0,3188
783,1021,1277,0,2298
784,1856,1517,0,3373
785,1973,1295,0,3268
786,1834,1452,0,3286
787,1331,1144,0,2475
788,1564,1402,0,2966
789,1691,1947,0,3638
790,1985,1987,0,3972
791,1901,1292,0,3193
792,1714,1760,0,3474
793,1594,1881,0,3475
794,1552,1769,0,3321
795,1990,1789,0,3779
796,1065,1985,0,3050
797,1714,1652,0,3366
798,1344,1540,0,2884
799,1448,1676,0,3124
800,1634,1807,0,3441
801,1233,1666,0,2899
802,1155,1867,0,3022
803,1998,1675,0,3673
804,1006,1685,0,2691
805,1004,1302,0,2306
806,1341,1777,0,3118
807,1393,1479,0,2872
808,1068,1154,0,2222
809,1015,1965,0,2980
810,1055,1834,0,2889
811,1492,1988,0,3480
812,1275,1501,0,2776
813,1427,1347,0,2774
814,1068,1147,0,2215
815,1011,1678,0,2689
816,1789,2000,0,3789
817,1847,1923,0,3770
818,1684,1199,0,2883
819,1184,1673,0,2857
820,1564,1851,0,3415
821,1626,1061,0,2687
822,1062,1793,0,2855
823,1300,1969,0,3269
824,1284,1953,0,3237
825,1025,1864,0,2889
826,1572,1991,0,3563
827,1807,1052,0,2859
828,1558,1547,0,3105
829,1497,1656,0,3153
830,1586,1829,0,3415
831,1838,1852,0,3690
832,1798,1780,0,3578
833,1566,1260,0,2826
834,1830,1295,0,3125
835,1982,1684,0,3666
836,1787,1167,0,2954
837,1101,1436,0,2537
838,1053,1356,0,2409
839,1362,1868,0,3230
840,1791,1673,0,3464
841,1118,1061,0,2179
842,1138,1921,0,3059
843,1707,1060,0,2767
844,1437,1553,0,2990
845,1391,1332,0,2723
846,1726,1677,0,3403
847,1470,1855,0,3325
848,1337,1586,0,2923
849,1814,1049,0,2863
850,1386,1111,0,2497
851,1703,1405,0,3108
852,1165,1058,0,2223
853,1201,1898,0,3099
854,1773,1505,0,3278
855,1286,1550,0,2836
856,1986,1600,0,3586
857,1595,1543,0,3138
858,1073,1168,0,2241
859,1682,1990,0,3672
860,1441,1111,0,2552
861,1332,1419,0,2751
862,1431,1847,0,3278
863,1421,1522,0,2943
864,1812,1330,0,3142
865,1177,1318,0,2495
866,1257,1286,0,2543
867,1099,1039,0,2138
868,1329,1169,0,2498
869,1462,1005,0,2467
870,1656,1976,0,3632
871,1490,1365,0,2855
872,1906,1845,0,3751
873,1611,1762,0,3373
874,1149,1436,0,2585
875,1735,1899,0,3634
876,1008,1562,0,2570
877,1477,1060,0,2537
878,1611,1649,0,3260
879,1347,1164,0,2511
880,1069,1051,0,2120
881,1353,1178,0,2531
882,1457,1527,0,2984
883,1783,1452,0,3235
884,1505,1289,0,2794
885,1776,1035,0,2811
886,1386,1653,0,3039
887,1523,1841,0,3364
888,1711,1097,0,2808
889,1177,1852,0,3029
890,1857,1008,0,2865
891,1853,1737,0,3590
892,1932,1645,0,3577
893,1595,1875,0,3470
894,1230,1224,0,2454
895,1450,1944,0,3394
896,1151,1885,0,3036
897,1608,1584,0,3192
898,1348,1316,0,2664
899,1751,1469,0,3220
900,1614,1916,0,3530
901,1091,1257,0,2348
902,1620,1150,0,2770
903,1007,1576,0,2583
904,1410,1107,0,2517
905,1376,1302,0,2678
906,1243,1380,0,2623
907,1512,1482,0,2994
908,1577,1442,0,3019
909,1989,1001,0,2990
910,1232,1162,0,2394
911,1639,1856,0,3495
912,1866,1616,0,3482
913,1742,1539,0,3281
914,1449,1319,0,2768
915,1921,1533,0,3454
916,1426,1896,0,3322
917,1207,1703,0,2910
918,1653,1184,0,2837
919,1164,1196,0,2360
920,1733,1797,0,3530
921,1180,1457,0,2637
922,1192,1444,0,2636
923,1403,1895,0,3298
924,1654,1011,0,2665
925,1536,1462,0,2998
926,1441,1393,0,2834
927,1415,1690,0,3105
928,1066,1478,0,2544
929,1660,1375,0,3035
930,1342,1988,0,3330
931,1439,1692,0,3131
932,1327,1256,0,2583
933,1156,1333,0,2489
934,1186,1433,0,2619
935,1944,1528,0,3472
936,1391,1788,0,3179
937,1898,1492,0,3390
938,1466,1422,0,2888
939,1406,1661,0,3067
940,1233,1387,0,2620
941,1612,1813,0,3425
942,1718,1098,0,2816
943,1493,1896,0,3389
944,1204,1175,0,2379
945,1139,1899,0,3038
946,1763,1196,0,2959
947,1122,1184,0,2306
948,1619,1511,0,3130
949,1524,1824,0,3348
950,1459,1452,0,2911
951,1636,1715,0,3351
952,1626,1559,0,3185
953,1717,1834,0,3551
954,1146,1798,0,2944
955,1598,1462,0,3060
956,1710,1659,0,3369
957,1961,1840,0,3801
958,1420,1838,0,3258
959,1934,1998,0,3932
960,1818,1763,0,3581
961,1223,1655,0,2878
962,1068,1191,0,2259
963,1621,1153,0,2774
964,1430,1093,0,2523
965,1154,1726,0,2880
966,1713,1461,0,3174
967,1726,1602,0,3328
968,1581,1520,0,3101
969,1117,1327,0,2444
970,1487,1040,0,2527
971,1228,1971,0,3199
972,1720,1535,0,3255
973,1864,1225,0,3089
974,1340,1900,0,3240
975,1515,1168,0,2683
976,1252,1926,0,3178
977,1975,1671,0,3646
978,1987,1459,0,3446
979,1252,1363,0,2615
980,1464,1367,0,2831
981,1806,1499,0,3305
982,1141,1065,0,2206
983,1677,1699,0,3376
984,1839,1930,0,3769
985,1725,1557,0,3282
986,1752,1347,0,3099
987,1416,1458,0,2874
988,1000,1989,0,2989
989,1019,1332,0,2351
990,1907,1137,0,3044
991,1179,1891,0,3070
992,1989,1666,0,3655
993,1437,1406,0,2843
994,1327,1952,0,3279
995,1330,1823,0,3153
996,1685,1120,0,2805
997,1679,1314,0,2993
998,1313,1265,0,2578
999,1155,1581,0,2736
1000,1217,1168,0,2385
1001,1357,1370,0,2727
1002,1685,1269,0,2954
1003,1271,1620,0,2891
1004,1302,1919,0,3221
1005,1674,1457,0,3131
1006,1528,1156,0,2684
1007,1247,1726,0,2973
1008,1942,1472,0,3414
1009,1572,1272,0,2844
1010,1709,1931,0,3640
1011,1105,1563,0,2668
1012,1663,1370,0,3033
1013,1566,1700,0,3266
1014,1258,1402,0,2660
1015,1089,1765,0,2854
1016,1690,1634,0,3324
1017,1097,1884,0,2981
1018,1792,1156,0,2948
1019,1284,1683,0,2967
1020,1348,1616,0,2964
1021,1633,1736,0,3369
1022,1091,1334,0,2425
1023,1143,1392,0,2535
1024,1317,1721,0,3038
1025,1348,1980,0,3328
1026,1409,1060,0,2469
1027,1820,1875,0,3695
1028,1327,1119,0,2446
1029,1320,1150,0,2470
1030,1161,1993,0,3154
1031,1360,1603,0,2963
1032,1218,1976,0,3194
1033,1277,1579,0,2856
1034,1509,1053,0,2562
1035,1808,1400,0,3208
1036,1104,1011,0,2115
1037,1455,1240,0,2695
1038,1208,1840,0,3048
1039,1629,1390,0,3019
1040,1056,1440,0,2496
1041,1187,1048,0,2235
1042,1753,1468,0,3221
1043,1425,1718,0,3143
1044,1335,1716,0,3051
1045,1364,1379,0,2743
1046,1983,1635,0,3618
1047,1603,1828,0,3431
1048,1863,1698,0,3561
1049,1091,1330,0,2421
1050,1993,1066,0,3059
1051,1176,1321,0,2497
1052,1311,1268,0,2579
1053,1403,1353,0,2756
1054,1827,1713,0,3540
1055,1422,1014,0,2436
1056,1473,1144,0,2617
1057,1461,1838,0,3299
1058,2000,1188,0,3188
1059,1306,1257,0,2563
1060,1414,1523,0,2937
1061,1693,1934,0,3627
1062,1757,1218,0,2975
1063,1877,1287,0,3164
1064,1349,1675,0,3024
1065,1412,1346,0,2758
1066,1757,1748,0,3505
1067,1288,1085,0,2373
1068,1685,1582,0,3267
1069,1979,1066,0,3045
1070,1938,1228,0,3166
1071,1788,1809,0,3597
1072,1377,1973,0,3350
1073,1473,1031,0,2504
1074,1288,1964,0,3252
1075,1856,1743,0,3599
1076,1099,1536,0,2635
1077,1247,1971,0,3218
1078,1247,1052,0,2299
1079,1602,1963,0,3565
1080,1652,1611,0,3263
1081,1507,1893,0,3400
1082,1746,1463,0,3209
1083,1836,1647,0,3483
1084,1958,1701,0,3659
1085,1156,1162,0,2318
1086,1334,1132,0,2466
1087,1907,1091,0,2998
1088,1858,1380,0,3238
1089,1446,1660,0,3106
1090,1672,1821,0,3493
1091,1619,1404,0,3023
1092,1454,1207,0,2661
1093,1276,1810,0,3086
1094,1269,1966,0,3235
1095,1739,1254,0,2993
1096,1498,1371,0,2869
1097,1302,1281,0,2583
1098,1309,1035,0,2344
1099,1639,1481,0,3120
1100,1542,1219,0,2761
1101,1713,1705,0,3418
1102,1853,1897,0,3750
1103,1706,1395,0,3101
1104,1554,1654,0,3208
1105,1169,1685,0,2854
1106,1004,1310,0,2314
1107,1869,1142,0,3011
1108,1729,1549,0,3278
1109,1139,1709,0,2848
1110,1412,1822,0,3234
1111,1933,1869,0,3802
1112,1166,1422,0,2588
1113,1873,1882,0,3755
1114,1399,1036,0,2435
1115,1759,1553,0,3312
1116,1780,1974,0,3754
1117,1826,1358,0,3184
1118,1812,1172,0,2984
1119,1594,1022,0,2616
1120,1749,1535,0,3284
1121,1453,1133,0,2586
1122,1792,1572,0,3364
1123,1606,1796,0,3402
1124,1772,1864,0,3636
1125,1906,1215,0,3121
1126,1789,1551,0,3340
1127,1921,1669,0,3590
1128,1047,1070,0,2117
1129,1633,1059,0,2692
1130,1334,1327,0,2661
1131,1668,1032,0,2700
1132,1362,1987,0,3349
1133,1132,1170,0,2302
1134,1542,1450,0,2992
1135,1897,1545,0,3442
1136,1180,1618,0,2798
1137,1440,1954,0,3394
1138,1163,1728,0,2891
1139,1189,1510,0,2699
1140,1978,1757,0,3735
1141,1025,1353,0,2378
1142,1506,1639,0,3145
1143,1200,1535,0,2735
1144,1160,1895,0,3055
1145,1096,1711,0,2807
1146,1416,1271,0,2687
1147,1971,1378,0,3349
1148,1473,1339,0,2812
1149,1050,1660,0,2710
1150,1408,1014,0,2422
1151,1734,1470,0,3204
1152,1949,1447,0,3396
1153,1149,1682,0,2831
1154,1295,1324,0,2619
1155,1488,1430,0,2918
1156,1067,1391,0,2458
1157,1740,1171,0,2911
1158,1611,1359,0,2970
1159,1548,1920,0,3468
1160,1945,1353,0,3298
1161,1007,1669,0,2676
1162,1879,1950,0,3829
1163,1332,1287,0,2619
1164,1625,1492,0,3117
1165,1317,1973,0,3290
1166,1768,1314,0,3082
1167,1853,1364,0,3217
1168,1871,1683,0,3554
1169,1395,1716,0,3111
1170,1321,1502,0,2823
1171,1793,1266,0,3059
1172,1792,1582,0,3374
1173,1477,1339,0,2816
1174,1305,1410,0,2715
1175,1385,1534,0,2919
1176,1551,1696,0,3247
1177,2000,1159,0,3159
1178,1782,1174,0,2956
1179,1829,1520,0,3349
1180,1525,1637,0,3162
1181,1217,1263,0,2480
1182,1984,1399,0,3383
1183,1957,1874,0,3831
1184,1794,1799,0,3593
1185,1956,1934,0,3890
1186,1843,1761,0,3604
1187,1443,1129,0,2572
1188,1030,1098,0,2128
1189,1629,1728,0,3357
1190,1653,1799,0,3452
1191,1882,1741,0,3623
1192,1657,1388,0,3045
1193,1586,1215,0,2801
1194,1274,1119,0,2393
1195,1818,1820,0,3638
1196,1819,1699,0,3518
1197,1587,1393,0,2980
1198,1942,1263,0,3205
1199,1078,1757,0,2835
1200,1779,1477,0,3256
1201,1235,1970,0,3205
1202,1512,1060,0,2572
1203,1237,1288,0,2525
1204,1775,1559,0,3334
1205,1004,1663,0,2667
1206,1805,1347,0,3152
1207,1017,1881,0,2898
1208,1560,1074,0,2634
1209,1491,1341,0,2832
1210,1463,1168,0,2631
1211,1839,1753,0,3592
1212,1786,1167,0,2953
1213,1057,1496,0,2553
1214,1366,1337,0,2703
1215,1962,1750,0,3712
1216,1330,1418,0,2748
1217,1453,1241,0,2694
1218,1535,1220,0,2755
1219,1209,1412,0,2621
1220,1600,1180,0,2780
1221,1835,1828,0,3663
1222,1692,1249,0,2941
1223,1450,1082,0,2532
1224,1135,1891,0,3026
1225,1721,1564,0,3285
1226,1790,1077,0,2867
1227,1135,1146,0,2281
1228,1211,1753,0,2964
1229,1887,1589,0,3476
1230,1923,1825,0,3748
1231,1465,1303,0,2768
1232,1541,1954,0,3495
1233,1850,1937,0,3787
1234,1248,1228,0,2476
1235,1208,1839,0,3047
1236,1631,1574,0,3205
1237,1502,1005,0,2507
1238,1826,1626,0,3452
1239,1598,1700,0,3298
1240,1965,1215,0,3180
1241,1160,1098,0,2258
1242,1565,1975,0,3540
1243,1828,1554,0,3382
1244,1144,1215,0,2359
1245,1181,1943,0,3124
1246,1526,1506,0,3032
1247,1129,1223,0,2352
1248,1832,1816,0,3648
1249,1903,1250,0,3153
1250,1289,1274,0,2563
1251,1715,1464,0,3179
1252,1081,1325,0,2406
1253,1420,1164,0,2584
1254,1991,1490,0,3481
1255,1401,1137,0,2538
1256,1544,1102,0,2646
1257,1894,1554,0,3448
1258,1164,1567,0,2731
1259,1977,1635,0,3612
1260,1392,1053,0,2445
1261,1506,1710,0,3216
1262,1120,1069,0,2189
1263,1177,1754,0,2931
1264,1867,1727,0,3594
1265,1829,1132,0,2961
1266,1832,1066,0,2898
1267,1370,1632,0,3002
1268,1264,1960,0,3224
1269,1577,1530,0,3107
1270,1388,1112,0,2500
1271,1099,1048,0,2147
1272,1007,1189,0,2196
1273,1541,1608,0,3149
1274,1315,1458,0,2773
1275,1760,1431,0,3191
1276,1468,1651,0,3119
1277,1841,1120,0,2961
1278,1647,1098,0,2745
1279,1485,1240,0,2725
1280,1771,1422,0,3193
1281,1864,1900,0,3764
1282,1029,1499,0,2528
1283,1638,1499,0,3137
1284,1821,1003,0,2824
1285,1458,1208,0,2666
1286,1860,1290,0,3150
1287,1008,1178,0,2186
1288,1540,1004,0,2544
1289,1862,1832,0,3694
1290,1197,1729,0,2926
1291,1412,1976,0,3388
1292,1447,1027,0,2474
1293,1195,1079,0,2274
1294,1414,1464,0,2878
1295,1977,1923,0,3900
1296,1265,1717,0,2982
1297,1834,1210,0,3044
1298,1269,1074,0,2343
1299,1427,1962,0,3389
1300,1915,1103,0,3018
1301,1311,1109,0,2420
1302,1031,1496,0,2527
1303,1872,1893,0,3765
1304,1839,1933,0,3772
1305,1713,1206,0,2919
1306,1129,1789,0,2918
1307,1540,1115,0,2655
1308,1632,1211,0,2843
1309,1922,1728,0,3650
1310,1556,1564,0,3120
1311,1518,1622,0,3140
1312,1796,1321,0,3117
1313,1964,1827,0,3791
1314,1851,1232,0,3083
1315,1454,1403,0,2857
1316,1461,1295,0,2756
1317,1173,1079,0,2252
1318,1877,1291,0,3168
1319,1031,1462,0,2493
1320,1525,1279,0,2804
1321,1127,1314,0,2441
1322,1149,1841,0,2990
1323,1085,1572,0,2657
1324,1809,1741,0,3550
1325,1298,1454,0,2752
1326,1193,1395,0,2588
1327,1857,1792,0,3649
1328,1099,1313,0,2412
1329,1133,1940,0,3073
1330,1465,1163,0,2628
1331,1131,1481,0,2612
1332,1280,1676,0,2956
1333,1781,1716,0,3497
1334,1016,1619,0,2635
1335,1824,1281,0,3105
1336,1855,1593,0,3448
1337,1412,1022,0,2434
1338,1834,1788,0,3622
1339,1203,1844,0,3047
1340,1045,1775,0,2820
1341,1332,1031,0,2363
1342,1533,1246,0,2779
1343,1688,1774,0,3462
1344,1323,1454,0,2777
1345,1920,1798,0,3718
1346,1006,1240,0,2246
1347,1422,1264,0,2686
1348,1639,1149,0,2788
1349,1705,1056,0,2761
1350,1100,1091,0,2191
1351,1826,1301,0,3127
1352,1747,1064,0,2811
1353,1593,1932,0,3525
1354,1272,1275,0,2547
1355,1005,1622,0,2627
1356,1661,1594,0,3255
1357,1007,1972,0,2979
1358,1283,1137,0,2420
1359,1495,1489,0,2984
1360,1514,1160,0,2674
1361,1365,1474,0,2839
1362,1799,1875,0,3674
1363,1569,1229,0,2798
1364,1311,1548,0,2859
1365,1603,1546,0,3149
1366,1964,1171,0,3135
1367,1043,1630,0,2673
1368,1576,1506,0,3082
1369,1353,1729,0,3082
1370,1908,1371,0,3279
1371,1890,1399,0,3289
1372,1787,1402,0,3189
1373,1462,1206,0,2668
1374,1927,1000,0,2927
1375,1426,1849,0,3275
1376,1412,1822,0,3234
1377,1722,1241,0,2963
1378,1452,1023,0,2475
1379,1778,1366,0,3144
1380,1656,1672,0,3328
1381,1432,1099,0,2531
1382,1686,1865,0,3551
1383,1154,1064,0,2218
1384,1365,1039,0,2404
1385,1625,1971,0,3596
1386,1065,1311,0,2376
1387,1904,1054,0,2958
1388,1259,1583,0,2842
1389,1988,1701,0,3689
1390,1689,1136,0,2825
1391,1988,1774,0,3762
1392,1270,1113,0,2383
1393,1319,1428,0,2747
1394,1446,1634,0,3080
1395,1845,1311,0,3156
1396,1942,1428,0,3370
1397,1040,1820,0,2860
1398,1958,1191,0,3149
1399,1465,1654,0,3119
1400,1818,1291,0,3109
1401,1187,1269,0,2456
1402,1086,1966,0,3052
1403,1246,1283,0,2529
1404,1156,1431,0,2587
1405,1626,1977,0,3603
1406,1483,1185,0,2668
1407,1132,1045,0,2177
1408,1837,1575,0,3412
1409,1552,1225,0,2777
1410,1607,1745,0,3352
1411,1954,1182,0,3136
1412,1241,1483,0,2724
1413,1409,1051,0,2460
1414,1598,1922,0,3520
1415,1191,1537,0,2728
1416,1928,1468,0,3396
1417,1434,1837,0,3271
1418,1102,1572,0,2674
1419,1311,1915,0,3226
1420,1458,1628,0,3086
1421,1954,1915,0,3869
1422,1376,1674,0,3050
1423,1147,1918,0,3065
1424,1640,1551,0,3191
1425,1414,1699,0,3113
1426,1446,1151,0,2597
1427,1189,1126,0,2315
1428,1531,1387,0,2918
1429,1594,1687,0,3281
1430,1125,1131,0,2256
1431,1336,1271,0,2607
1432,1113,1575,0,2688
1433,1052,1322,0,2374
1434,1125,1648,0,2773
1435,1074,1906,0,2980
1436,1936,1391,0,3327
1437,1038,1237,0,2275
1438,1853,1364,0,3217
1439,1729,1786,0,3515
1440,1433,1221,0,2654
1441,1368,1961,0,3329
1442,1794,1420,0,3214
1443,1043,1932,0,2975
1444,1523,1135,0,2658
1445,1789,1857,0,3646
1446,1259,1703,0,2962
1447,1962,1060,0,3022
1448,1791,1728,0,3519
1449,1105,1658,0,2763
1450,1840,1850,0,3690
1451,1946,1636,0,3582
1452,1187,1800,0,2987
1453,1039,1959,0,2998
1454,1681,1207,0,2888
1455,1930,1009,0,2939
1456,1449,1021,0,2470
1457,1913,1587,0,3500
1458,1471,1394,0,2865
1459,1728,1071,0,2799
1460,1430,1435,0,2865
1461,1529,1257,0,2786
1462,1044,1289,0,2333
1463,1075,1334,0,2409
1464,1729,1590,0,3319
1465,1386,1223,0,2609
1466,1114,1944,0,3058
1467,1522,1194,0,2716
1468,1851,1018,0,2869
1469,1804,1281,0,3085
1470,1431,1912,0,3343
1471,1141,1372,0,2513
1472,1542,1073,0,2615
1473,1720,1925,0,3645
1474,1677,1735,0,3412
1475,1209,1719,0,2928
1476,1264,1705,0,2969
1477,1142,1444,0,2586
1478,1084,1056,0,2140
1479,1670,1268,0,2938
1480,1661,1009,0,2670
1481,1068,1692,0,2760
1482,1230,1377,0,2607
1483,1292,1031,0,2323
1484,1183,1408,0,2591
1485,1621,1974,0,3595
1486,1295,1742,0,3037
1487,1215,1326,0,2541
1488,1976,1945,0,3921
1489,1422,1529,0,2951
1490,1425,1570,0,2995
1491,1677,1851,0,3528
1492,1673,1685,0,3358
1493,1155,1738,0,2893
1494,1781,1081,0,2862
1495,1259,1648,0,2907
1496,1085,1553,0,2638
1497,1369,1867,0,3236
1498,1016,1603,0,2619
1499,1349,1695,0,3044
1500,1841,1369,0,3210
1501,1254,1322,0,2576
1502,1692,1629,0,3321
1503,1306,1193,0,2499
1504,1699,1204,0,2903
1505,1255,1929,0,3184
1506,1759,1035,0,2794
1507,1686,1681,0,3367
1508,1677,1304,0,2981
1509,1888,1966,0,3854
1510,1630,1123,0,2753
1511,1976,1186,0,3162
1512,1401,1035,0,2436
1513,1967,1673,0,3640
1514,1669,1912,0,3581
1515,1237,1882,0,3119
1516,1836,1854,0,3690
1517,1793,1460,0,3253
1518,1418,1818,0,3236
1519,1298,1352,0,2650
1520,1663,1487,0,3150
1521,1404,1902,0,3306
1522,1974,1401,0,3375
1523,1044,1151,0,2195
1524,1252,1959,0,3211
1525,1592,1593,0,3185
1526,1051,1891,0,2942
1527,1915,1875,0,3790
1528,1309,1408,0,2717
1529,1413,1244,0,2657
1530,1947,1081,0,3028
1531,1342,1643,0,2985
1532,1243,1171,0,2414
1533,1633,1271,0,2904
1534,1850,1421,0,3271
1535,1325,1175,0,2500
1536,1051,1512,0,2563
1537,1187,1591,0,2778
1538,1905,1220,0,3125
1539,1114,1777,0,2891
1540,1175,1306,0,2481
1541,1483,1474,0,2957
1542,1513,1027,0,2540
1543,1736,1612,0,3348
1544,1528,1931,0,3459
1545,1075,1350,0,2425
1546,1826,1519,0,3345
1547,1361,1629,0,2990
1548,1004,1411,0,2415
1549,1749,1717,0,3466
1550,1465,1677,0,3142
1551,1093,1858,0,2951
1552,1220,1377,0,2597
1553,1620,1067,0,2687
1554,1421,1768,0,3189
1555,1884,1178,0,3062
1556,1041,1027,0,2068
1557,1502,1849,0,3351
1558,1432,1269,0,2701
1559,1162,1226,0,2388
1560,1295,1778,0,3073
1561,1249,1898,0,3147
1562,1367,1573,0,2940
1563,1712,1620,0,3332
1564,1958,1349,0,3307
1565,1212,1022,0,2234
1566,1451,1895,0,3346
1567,1915,1334,0,3249
1568,1650,1161,0,2811
1569,1855,1187,0,3042
1570,1671,1702,0,3373
1571,1066,1620,0,2686
1572,1574,1441,0,3015
1573,1626,1921,0,3547
1574,1997,1491,0,3488
1575,1613,1816,0,3429
1576,1775,1007,0,2782
1577,1962,1540,0,3502
1578,1020,1946,0,2966
1579,1329,1328,0,2657
1580,1038,1083,0,2121
1581,1377,1163,0,2540
1582,1836,1859,0,3695
1583,1071,1414,0,2485
1584,1178,1607,0,2785
1585,1105,1266,0,2371
1586,1247,1566,0,2813
1587,1546,1401,0,2947
1588,1937,1496,0,3433
1589,1996,1904,0,3900
1590,1857,1807,0,3664
1591,1685,1456,0,3141
1592,1208,1040,0,2248
1593,1602,1582,0,3184
1594,1059,1794,0,2853
1595,1924,1015,0,2939
1596,1621,1157,0,2778
1597,1626,1643,0,3269
1598,1761,1963,0,3724
1599,1413,1778,0,3191
1600,1189,1225,0,2414
1601,1876,1150,0,3026
1602,1064,1675,0,2739
1603,1316,1337,0,2653
1604,1562,1779,0,3341
1605,1667,1311,0,2978
1606,1254,1863,0,3117
1607,1138,1579,0,2717
1608,1252,1205,0,2457
1609,1766,1422,0,3188
1610,1207,1192,0,2399
1611,1831,1959,0,3790
1612,1790,1236,0,3026
1613,1285,1956,0,3241
1614,1940,1549,0,3489
1615,1224,1507,0,2731
1616,1998,1048,0,3046
1617,1361,1807,0,3168
1618,1742,1459,0,3201
1619,1416,1270,0,2686
1620,1645,1152,0,2797
1621,1484,1930,0,3414
1622,1412,1949,0,3361
1623,1010,1774,0,2784
1624,1771,1572,0,3343
1625,1665,1662,0,3327
1626,1518,1852,0,3370
1627,1069,1719,0,2788
1628,1093,1364,0,2457
1629,1229,1076,0,2305
1630,1887,1959,0,3846
1631,1881,1943,0,3824
1632,1679,1839,0,3518
1633,1390,1428,0,2818
1634,1692,1748,0,3440
1635,1539,1864,0,3403
1636,1727,1073,0,2800
1637,1584,1256,0,2840
1638,1654,1008,0,2662
1639,1499,1162,0,2661
1640,1686,1590,0,3276
1641,1145,1640,0,2785
1642,1171,1645,0,2816
1643,1740,1738,0,3478
1644,1580,1403,0,2983
1645,1867,1069,0,2936
1646,1288,1393,0,2681
1647,1455,1709,0,3164
1648,1192,1231,0,2423
1649,1210,1406,0,2616
1650,1352,1310,0,2662
1651,1732,1142,0,2874
1652,1384,1343,0,2727
1653,1775,1106,0,2881
1654,1824,1949,0,3773
1655,1993,1988,0,3981
1656,1431,1901,0,3332
1657,1575,1152,0,2727
1658,1565,1910,0,3475
1659,1433,1750,0,3183
1660,1559,1254,0,2813
1661,1418,1946,0,3364
1662,1411,1793,0,3204
1663,1064,1114,0,2178
1664,1042,1388,0,2430
1665,1171,1243,0,2414
1666,1258,1799,0,3057
1667,1756,1299,0,3055
1668,1241,1058,0,2299
1669,1534,1496,0,3030
1670,1873,1382,0,3255
1671,1941,1640,0,3581
1672,1956,1553,0,3509
1673,1943,1327,0,3270
1674,1977,1045,0,3022
1675,1789,1203,0,2992
1676,1493,1828,0,3321
1677,1044,1928,0,2972
1678,1944,1113,0,3057
1679,1615,1673,0,3288
1680,1883,1880,0,3763
1681,1277,1023,0,2300
1682,1752,1970,0,3722
1683,1573,1039,0,2612
1684,1362,1620,0,2982
1685,1891,1919,0,3810
1686,1238,1232,0,2470
1687,1998,1554,0,3552
1688,1779,1979,0,3758
1689,1232,1170,0,2402
1690,1328,1243,0,2571
1691,1177,1094,0,2271
1692,1898,1791,0,3689
1693,1575,1948,0,3523
1694,1547,1925,0,3472
1695,1371,1444,0,2815
1696,1572,1121,0,2693
1697,1670,1738,0,3408
1698,1427,1512,0,2939
1699,1743,1953,0,3696
1700,1244,1740,0,2984
1701,1573,1870,0,3443
1702,1517,1962,0,3479
1703,1598,1146,0,2744
1704,1345,1549,0,2894
1705,1152,1460,0,2612
1706,1005,1207,0,2212
1707,1644,1846,0,3490
1708,1834,1122,0,2956
1709,1219,1861,0,3080
1710,1055,1505,0,2560
1711,1566,1905,0,3471
1712,1480,1222,0,2702
1713,1723,1825,0,3548
1714,1592,1376,0,2968
1715,1486,1562,0,3048
1716,1345,1302,0,2647
1717,1138,1250,0,2388
1718,1576,1781,0,3357
1719,1450,1241,0,2691
1720,1551,1978,0,3529
1721,1098,1462,0,2560
1722,1689,1785,0,3474
1723,1615,1626,0,3241
1724,1072,1563,0,2635
1725,1742,1428,0,3170
1726,1928,1356,0,3284
1727,1919,1157,0,3076
1728,1659,1838,0,3497
1729,1494,1306,0,2800
1730,1449,1789,0,3238
1731,1386,1194,0,2580
1732,1181,1392,0,2573
1733,1190,1932,0,3122
1734,1538,1087,0,2625
1735,1977,1592,0,3569
1736,1362,1128,0,2490
1737,1135,1130,0,2265
1738,1738,1213,0,2951
1739,1276,1706,0,2982
1740,1596,1633,0,3229
1741,1413,1203,0,2616
1742,1182,1263,0,2445
1743,1062,1117,0,2179
1744,1462,1743,0,3205
1745,1694,1352,0,3046
1746,1996,1426,0,3422
1747,1854,1675,0,3529
1748,1139,1257,0,2396
1749,1657,1575,0,3232
1750,1932,1679,0,3611
1751,1453,1700,0,3153
1752,1207,1699,0,2906
1753,1147,1654,0,2801
1754,1154,1406,0,2560
1755,1789,1758,0,3547
1756,1189,1858,0,3047
1757,1788,1523,0,3311
1758,1599,1790,0,3389
1759,1190,1800,0,2990
1760,1356,1291,0,2647
1761,1994,1792,0,3786
1762,1940,1527,0,3467
1763,1885,1819,0,3704
1764,1115,1848,0,2963
1765,1774,1480,0,3254
1766,1797,1801,0,3598
1767,1121,1569,0,2690
1768,1608,1825,0,3433
1769,1820,1924,0,3744
1770,1070,1273,0,2343
1771,1376,1759,0,3135
1772,1102,1028,0,2130
1773,1288,1439,0,2727
1774,1692,1170,0,2862
1775,1411,1749,0,3160
1776,1226,1842,0,3068
1777,1636,1093,0,2729
1778,1896,1426,0,3322
1779,1948,1289,0,3237
1780,1437,1739,0,3176
1781,1550,1296,0,2846
1782,1907,1543,0,3450
1783,1992,1228,0,3220
1784,1378,1751,0,3129
1785,1257,1261,0,2518
1786,1717,1226,0,2943
1787,1996,1375,0,3371
1788,1691,1772,0,3463
1789,1628,1968,0,3596
1790,1209,1962,0,3171
1791,1674,1443,0,3117
1792,1880,1701,0,3581
1793,1844,1523,0,3367
1794,1223,1112,0,2335
1795,1979,1312,0,3291
1796,1130,1569,0,2699
1797,1580,1640,0,3220
1798,1403,1518,0,2921
1799,1770,1402,0,3172
1800,1790,1528,0,3318
1801,1612,1081,0,2693
1802,1876,1387,0,3263
1803,1479,1207,0,2686
1804,1101,1013,0,2114
1805,1205,1551,0,2756
1806,1230,1641,0,2871
1807,1525,1430,0,2955
1808,1567,1820,0,3387
1809,1567,1588,0,3155
1810,1793,1187,0,2980
1811,1726,1913,0,3639
1812,1329,1053,0,2382
1813,1672,1793,0,3465
1814,1104,1144,0,2248
1815,1052,1331,0,2383
1816,1636,1751,0,3387
1817,1514,1892,0,3406
1818,1049,1793,0,2842
1819,1622,1732,0,3354
1820,1730,1603,0,3333
1821,1311,1940,0,3251
1822,1003,1697,0,2700
1823,1260,1988,0,3248
1824,1478,1192,0,2670
1825,1486,1010,0,2496
1826,1069,1074,0,2143
1827,1584,1543,0,3127
1828,1898,1365,0,3263
1829,1111,1402,0,2513
1830,1888,1975,0,3863
1831,1234,1349,0,2583
1832,1879,1333,0,3212
1833,1489,1527,0,3016
1834,1127,1742,0,2869
1835,1067,1140,0,2207
1836,1096,1864,0,2960
1837,1950,1091,0,3041
1838,1646,1959,0,3605
1839,1260,1694,0,2954
1840,1699,1643,0,3342
1841,1400,1070,0,2470
1842,1917,1833,0,3750
1843,1834,1964,0,3798
1844,1346,1424,0,2770
1845,1415,1428,0,2843
1846,1588,1784,0,3372
1847,1417,1879,0,3296
1848,1589,1504,0,3093
1849,1294,1934,0,3228
1850,1298,1047,0,2345
1851,1685,1039,0,2724
1852,1071,1714,0,2785
1853,1828,1660,0,3488
1854,1503,1420,0,2923
1855,1697,1724,0,3421
1856,1116,1289,0,2405
1857,1025,1643,0,2668
1858,1071,1822,0,2893
1859,1531,1448,0,2979
1860,1623,1956,0,3579
1861,1995,1998,0,3993
1862,1083,1609,0,2692
1863,1363,1477,0,2840
1864,1685,1716,0,3401
1865,2000,1748,0,3748
1866,1557,1160,0,2717
1867,1582,1962,0,3544
1868,1879,1168,0,3047
1869,1236,1693,0,2929
1870,1800,1502,0,3302
1871,1174,1091,0,2265
1872,1873,1403,0,3276
1873,1647,1015,0,2662
1874,1815,1768,0,3583
1875,1729,1365,0,3094
1876,1533,1771,0,3304
1877,1498,1729,0,3227
1878,1604,1287,0,2891
1879,1617,1326,0,2943
1880,1505,1263,0,2768
1881,1024,1217,0,2241
1882,1268,1392,0,2660
1883,1500,1999,0,3499
1884,1992,1917,0,3909
1885,1695,1013,0,2708
1886,1869,1885,0,3754
1887,1392,1287,0,2679
1888,1252,1570,0,2822
1889,1168,1915,0,3083
1890,1721,1986,0,3707
1891,1994,1463,0,3457
1892,1339,1695,0,3034
1893,1144,1861,0,3005
1894,1471,1994,0,3465
1895,1777,1144,0,2921
1896,1585,1885,0,3470
1897,1065,1382,0,2447
1898,1162,1247,0,2409
1899,1464,1480,0,2944
1900,1004,1680,0,2684
1901,1231,1684,0,2915
1902,1169,1602,0,2771
1903,1998,1781,0,3779
1904,1745,1769,0,3514
1905,1093,1745,0,2838
1906,1439,1279,0,2718
1907,1283,1069,0,2352
1908,1365,1810,0,3175
1909,1346,1315,0,2661
1910,1259,1356,0,2615
1911,1284,1932,0,3216
1912,1162,1076,0,2238
1913,1453,1373,0,2826
1914,1547,1645,0,3192
1915,1556,1081,0,2637
1916,1172,1997,0,3169
1917,1724,1724,0,3448
1918,1344,1800,0,3144
1919,1125,1649,0,2774
1920,1308,1413,0,2721
1921,1223,1998,0,3221
1922,1410,1189,0,2599
1923,1122,1977,0,3099
1924,1154,1692,0,2846
1925,1305,1594,0,2899
1926,1096,1964,0,3060
1927,1913,1937,0,3850
1928,1992,1724,0,3716
1929,1205,1531,0,2736
1930,1918,1732,0,3650
1931,1076,1946,0,3022
1932,1803,1610,0,3413
1933,1314,1561,0,2875
1934,1164,1189,0,2353
1935,1006,1858,0,2864
1936,1597,1550,0,3147
1937,1686,1961,0,3647
1938,1926,1368,0,3294
1939,1785,1164,0,2949
1940,1642,1514,0,3156
1941,1428,1412,0,2840
1942,1780,1337,0,3117
1943,1767,1023,0,2790
1944,1448,1958,0,3406
1945,1067,1892,0,2959
1946,1173,1605,0,2778
1947,1700,1600,0,3300
1948,1359,1763,0,3122
1949,1136,1007,0,2143
1950,1810,1494,0,3304
1951,1187,1405,0,2592
1952,1885,1940,0,3825
1953,1853,1532,0,3385
1954,1982,1188,0,3170
1955,1965,1940,0,3905
1956,1704,1457,0,3161
1957,1547,1404,0,2951
1958,1948,1256,0,3204
1959,1320,1294,0,2614
1960,1969,1909,0,3878
1961,1878,1676,0,3554
1962,1515,1880,0,3395
1963,1478,1075,0,2553
1964,1163,1192,0,2355
1965,1925,1169,0,3094
1966,1228,1331,0,2559
1967,1847,1934,0,3781
1968,1581,1769,0,3350
1969,1436,1615,0,3051
1970,1486,1380,0,2866
1971,1098,1499,0,2597
1972,1398,1250,0,2648
1973,1408,1515,0,2923
1974,1977,1551,0,3528
1975,1494,1815,0,3309
1976,1699,1140,0,2839
1977,1482,1834,0,3316
1978,1582,1050,0,2632
1979,1166,1074,0,2240
1980,1089,1181,0,2270
1981,1495,1456,0,2951
1982,1048,1008,0,2056
1983,1637,1401,0,3038
1984,1414,1048,0,2462
1985,1348,1835,0,3183
1986,1597,1353,0,2950
1987,1904,1065,0,2969
1988,1587,1033,0,2620
1989,1716,1326,0,3042
1990,1453,1193,0,2646
1991,1212,1107,0,2319
1992,1253,1918,0,3171
1993,1179,1154,0,2333
1994,1280,1889,0,3169
1995,1027,1868,0,2895
1996,1908,1352,0,3260
1997,1014,1572,0,2586
1998,1108,1398,0,2506
1999,1211,1249,0,2460
2000,1506,1146,0,2652
2001,1404,1532,0,2936
2002,1396,1957,0,3353
2003,1907,1890,0,3797
2004,1853,1310,0,3163
2005,1363,1153,0,2516
2006,1649,1240,0,2889
2007,1095,1157,0,2252
2008,1927,1896,0,3823
2009,1437,1121,0,2558
2010,1396,1385,0,2781
2011,1929,1998,0,3927
2012,1160,1871,0,3031
2013,1869,1119,0,2988
2014,1250,1143,0,2393
2015,1141,1622,0,2763
2016,1464,1868,0,3332
2017,1570,1635,0,3205
2018,1793,1268,0,3061
2019,1200,1982,0,3182
2020,1900,1621,0,3521
2021,1971,1487,0,3458
2022,1076,1479,0,2555
2023,1946,1127,0,3073
2024,1040,1106,0,2146
2025,1960,1864,0,3824
2026,1478,1823,0,3301
2027,1945,1450,0,3395
2028,1253,1710,0,2963
2029,1029,1339,0,2368
2030,1637,1406,0,3043
2031,1548,1984,0,3532
2032,1505,1122,0,2627
2033,1173,1108,0,2281
2034,1666,1930,0,3596
2035,1886,1958,0,3844
2036,1979,1718,0,3697
2037,1369,1096,0,2465
2038,1222,1563,0,2785
2039,1471,1078,0,2549
2040,1620,1998,0,3618
2041,1274,1481,0,2755
2042,1904,1731,0,3635
2043,1294,1567,0,2861
2044,1868,1266,0,3134
2045,1762,1515,0,3277
2046,1515,1924,0,3439
2047,1973,1184,0,3157
2048,1010,1007,0,2017
2049,1698,1330,0,3028
2050,1750,1468,0,3218
2051,1100,1039,0,2139
2052,1932,1039,0,2971
2053,1916,1861,0,3777
2054,1695,1095,0,2790
2055,1173,1452,0,2625
2056,1980,1266,0,3246
2057,1646,1576,0,3222
2058,1682,1929,0,3611
2059,1873,1180,0,3053
2060,1521,1031,0,2552
2061,1134,1180,0,2314
2062,1186,1126,0,2312
2063,1469,1338,0,2807
2064,1350,1676,0,3026
2065,1569,1074,0,2643
2066,1608,1075,0,2683
2067,1729,1798,0,3527
2068,1618,1708,0,3326
2069,1675,1959,0,3634
2070,1859,1492,0,3351
2071,1181,1477,0,2658
2072,1389,1194,0,2583
2073,1509,1195,0,2704
2074,1317,1814,0,3131
2075,1490,1531,0,3021
2076,1848,1769,0,3617
2077,1086,1062,0,2148
2078,1032,1978,0,3010
2079,1815,1025,0,2840
2080,1428,1534,0,2962
2081,1449,1524,0,2973
2082,1362,1815,0,3177
2083,1876,1027,0,2903
2084,1075,1631,0,2706
2085,1480,1397,0,2877
2086,1549,1112,0,2661
2087,1876,1948,0,3824
2088,1762,1975,0,3737
2089,1282,1323,0,2605
2090,1181,1985,0,3166
2091,1223,1174,0,2397
2092,1243,1871,0,3114
2093,1082,1119,0,2201
2094,1449,1974,0,3423
2095,1585,1093,0,2678
2096,1139,1130,0,2269
2097,1294,1339,0,2633
2098,1310,1307,0,2617
2099,1541,1176,0,2717
2100,1921,1674,0,3595
2101,1463,1976,0,3439
2102,1854,1924,0,3778
2103,1278,1865,0,3143
2104,1258,1967,0,3225
2105,1102,1504,0,2606
2106,1688,1752,0,3440
2107,1443,1752,0,3195
2108,1682,1149,0,2831
2109,1812,1614,0,3426
2110,1442,1219,0,2661
2111,1346,1553,0,2899
2112,1412,1510,0,2922
2113,1205,1263,0,2468
2114,1834,1071,0,2905
2115,1147,1607,0,2754
2116,1361,1036,0,2397
2117,1910,1156,0,3066
2118,1891,1522,0,3413
2119,1533,1748,0,3281
2120,1917,1198,0,3115
2121,1823,1198,0,3021
2122,1424,1619,0,3043
2123,1558,1499,0,3057
2124,1118,1965,0,3083
2125,1281,1722,0,3003
2126,1260,1763,0,3023
2127,1636,1479,0,3115
2128,1473,1104,0,2577
2129,1477,1377,0,2854
2130,1896,1480,0,3376
2131,1779,1973,0,3752
2132,1505,1751,0,3256
2133,1017,1398,0,2415
2134,1228,1705,0,2933
2135,1328,1680,0,3008
2136,1912,1353,0,3265
2137,1823,1244,0,3067
2138,1340,1909,0,3249
2139,1084,1972,0,3056
2140,1745,1673,0,3418
2141,1999,1442,0,3441
2142,1222,1657,0,2879
2143,1657,1699,0,3356
2144,1243,1499,0,2742
2145,1336,1088,0,2424
2146,1154,1252,0,2406
2147,1632,1707,0,3339
2148,1494,1025,0,2519
2149,1614,1122,0,2736
2150,1447,1441,0,2888
2151,1979,1008,0,2987
2152,1430,1422,0,2852
2153,1719,1773,0,3492
2154,1070,1687,0,2757
2155,1007,1505,0,2512
2156,1668,1025,0,2693
2157,1734,1526,0,3260
2158,1387,1780,0,3167
2159,1749,1444,0,3193
2160,1558,1352,0,2910
2161,1382,1091,0,2473
2162,1845,1308,0,3153
2163,1865,1088,0,2953
2164,1908,1191,0,3099
2165,1371,1766,0,3137
2166,1051,1848,0,2899
2167,1018,1986,0,3004
2168,1349,1858,0,3207
2169,1446,1741,0,3187
2170,1068,1499,0,2567
2171,1550,1033,0,2583
2172,1995,1978,0,3973
2173,1263,1281,0,2544
2174,1887,1457,0,3344
2175,1868,1753,0,3621
2176,1102,1462,0,2564
2177,1683,1967,0,3650
2178,1960,1176,0,3136
2179,1647,1697,0,3344
2180,1372,1069,0,2441
2181,1756,1591,0,3347
2182,1489,1334,0,2823
2183,1209,1042,0,2251
2184,1965,1703,0,3668
2185,1388,1217,0,2605
2186,1204,1205,0,2409
2187,1592,1871,0,3463
2188,1990,1186,0,3176
2189,1666,1255,0,2921
2190,1646,1975,0,3621
2191,1946,1449,0,3395
2192,1330,1235,0,2565
2193,1590,1948,0,3538
2194,1274,1808,0,3082
2195,1842,1632,0,3474
2196,1461,1086,0,2547
2197,1463,1290,0,2753
2198,1014,1700,0,2714
2199,1093,1796,0,2889
2200,1651,1026,0,2677
2201,1915,1464,0,3379
2202,1179,1456,0,2635
2203,1181,1835,0,3016
2204,1152,1489,0,2641
2205,1269,1619,0,2888
2206,1414,1956,0,3370
2207,1232,1174,0,2406
2208,1735,1295,0,3030
2209,1751,1555,0,3306
2210,1431,1909,0,3340
2211,1136,1860,0,2996
2212,1212,1864,0,3076
2213,1140,1391,0,2531
2214,1076,1768,0,2844
2215,1517,1998,0,3515
2216,1516,1403,0,2919
2217,1247,1738,0,2985
2218,1779,1271,0,3050
2219,1122,1323,0,2445
2220,1325,1410,0,2735
2221,1076,1866,0,2942
2222,1090,1128,0,2218
2223,1768,1891,0,3659
2224,1975,1150,0,3125
2225,1133,1389,0,2522
2226,1457,1382,0,2839
2227,1148,1278,0,2426
2228,1883,1290,0,3173
2229,1964,1092,0,3056
2230,1536,1547,0,3083
2231,1269,1425,0,2694
2232,1238,1342,0,2580
2233,1326,1114,0,2440
2234,1466,1833,0,3299
2235,1772,1878,0,3650
2236,1695,1020,0,2715
2237,1089,1221,0,2310
2238,1294,1216,0,2510
2239,1381,1222,0,2603
2240,1422,1036,0,2458
2241,1688,1482,0,3170
2242,1288,1931,0,3219
2243,1168,1693,0,2861
2244,1222,1835,0,3057
2245,1548,1091,0,2639
2246,1420,1925,0,3345
2247,1794,1679,0,3473
2248,1694,1653,0,3347
2249,1963,1627,0,3590
2250,1797,1511,0,3308
2251,1462,1910,0,3372
2252,1549,1460,0,3009
2253,1274,1220,0,2494
2254,1249,1457,0,2706
2255,1147,1898,0,3045
2256,1459,1243,0,2702
2257,1752,1530,0,3282
2258,1236,1466,0,2702
2259,1688,1338,0,3026
2260,1669,1835,0,3504
2261,1710,1299,0,3009
2262,1079,1902,0,2981
2263,1817,1615,0,3432
2264,1349,1014,0,2363
2265,1264,1280,0,2544
2266,1838,1706,0,3544
2267,1336,1624,0,2960
2268,1379,1075,0,2454
2269,1614,1345,0,2959
2270,1384,1457,0,2841
2271,1259,1141,0,2400
2272,1660,1649,0,3309
2273,1534,1695,0,3229
2274,1576,1349,0,2925
2275,1208,1458,0,2666
2276,1613,1076,0,2689
2277,1387,1343,0,2730
2278,1769,1637,0,3406
2279,1037,1788,0,2825
2280,1714,1929,0,3643
2281,1890,1479,0,3369
2282,1778,1753,0,3531
2283,1190,1367,0,2557
2284,1051,1315,0,2366
2285,1892,1501,0,3393
2286,1401,1422,0,2823
2287,1106,1484,0,2590
2288,1975,1038,0,3013
2289,1900,1781,0,3681
2290,1176,1981,0,3157
2291,1194,1958,0,3152
2292,1242,1708,0,2950
2293,1262,1519,0,2781
2294,1715,1263,0,2978
2295,1879,1464,0,3343
2296,1208,1705,0,2913
2297,1663,1936,0,3599
2298,1650,1581,0,3231
2299,1512,1213,0,2725
2300,1838,1648,0,3486
2301,1933,1029,0,2962
2302,1344,1548,0,2892
2303,1011,1702,0,2713
2304,1037,1177,0,2214
2305,1887,1640,0,3527
2306,1285,1718,0,3003
2307,1669,1626,0,3295
2308,1232,1972,0,3204
2309,1761,1218,0,2979
2310,1352,1828,0,3180
2311,1976,1541,0,3517
2312,1380,1172,0,2552
2313,1795,1097,0,2892
2314,1591,1585,0,3176
2315,1047,1471,0,2518
2316,1105,1343,0,2448
2317,1011,1082,0,2093
2318,1005,1196,0,2201
2319,1777,1715,0,3492
2320,1606,1206,0,2812
2321,1010,1575,0,2585
2322,1063,1921,0,2984
2323,1945,1129,0,3074
2324,1969,1766,0,3735
2325,1025,1293,0,2318
2326,1142,1421,0,2563
2327,1925,1964,0,3889
2328,1560,1793,0,3353
2329,1325,1973,0,3298
2330,1217,1852,0,3069
2331,1249,1864,0,3113
2332,1059,1260,0,2319
2333,1231,1667,0,2898
2334,1805,1267,0,3072
2335,1061,1722,0,2783
2336,1022,1474,0,2496
2337,1695,1748,0,3443
2338,1751,1969,0,3720
2339,1463,1393,0,2856
2340,1914,1183,0,3097
2341,1443,1401,0,2844
2342,1867,1703,0,3570
2343,1850,1580,0,3430
2344,1334,1857,0,3191
2345,1011,1446,0,2457
2346,1509,1961,0,3470
2347,1604,1232,0,2836
2348,1361,1374,0,2735
2349,1393,1247,0,2640
2350,1225,1050,0,2275
2351,1018,1445,0,2463
2352,1862,1758,0,3620
2353,1631,1709,0,3340
2354,1256,1377,0,2633
2355,1092,1033,0,2125
2356,1429,1621,0,3050
2357,1895,1554,0,3449
2358,1172,1461,0,2633
2359,1824,1300,0,3124
2360,1374,1464,0,2838
2361,1149,1033,0,2182
2362,1037,1188,0,2225
2363,1679,1667,0,3346
2364,1846,1724,0,3570
2365,1943,1258,0,3201
2366,1944,1634,0,3578
2367,1662,1756,0,3418
2368,1937,1374,0,3311
2369,1425,1777,0,3202
2370,1474,1376,0,2850
2371,1103,1212,0,2315
2372,1127,1155,0,2282
2373,1859,1375,0,3234
2374,1859,1198,0,3057
2375,1279,1003,0,2282
2376,1244,1335,0,2579
2377,1068,1024,0,2092
2378,1759,1389,0,3148
2379,1188,1495,0,2683
2380,1356,1925,0,3281
2381,1418,1463,0,2881
2382,1950,1074,0,3024
2383,1459,1281,0,2740
2384,1812,1488,0,3300
2385,1195,1980,0,3175
2386,1613,1023,0,2636
2387,1329,1313,0,2642
2388,1434,1549,0,2983
2389,1065,1915,0,2980
2390,1738,1204,0,2942
2391,1832,1747,0,3579
2392,1154,1046,0,2200
2393,1913,1721,0,3634
2394,1447,1102,0,2549
2395,1242,1557,0,2799
2396,1198,1991,0,3189
2397,1228,1751,0,2979
2398,1519,1386,0,2905
2399,1917,1644,0,3561
2400,1317,1665,0,2982
2401,1572,1279,0,2851
2402,1737,1731,0,3468
2403,1442,1867,0,3309
2404,1745,1855,0,3600
2405,1931,1890,0,3821
2406,1414,1343,0,2757
2407,1069,1283,0,2352
2408,1787,1111,0,2898
2409,1752,1104,0,2856
2410,1699,1053,0,2752
2411,1611,1707,0,3318
2412,1563,1664,0,3227
2413,1279,1921,0,3200
2414,1458,1767,0,3225
2415,1613,1554,0,3167
2416,1167,1177,0,2344
2417,1965,1161,0,3126
2418,1479,1152,0,2631
2419,1556,1130,0,2686
2420,1480,1143,0,2623
2421,1736,1176,0,2912
2422,1797,1005,0,2802
2423,1724,1953,0,3677
2424,1244,1110,0,2354
2425,1202,1407,0,2609
2426,1689,1668,0,3357
2427,1712,1478,0,3190
2428,1395,1184,0,2579
2429,1547,1061,0,2608
2430,1854,1351,0,3205
2431,1396,1052,0,2448
2432,1894,1925,0,3819
2433,1298,1008,0,2306
2434,1056,1181,0,2237
2435,1532,1949,0,3481
2436,1443,1880,0,3323
2437,1425,1112,0,2537
2438,1126,1121,0,2247
2439,1508,1861,0,3369
2440,1884,1973,0,3857
2441,1836,1240,0,3076
2442,1131,1553,0,2684
2443,1677,1645,0,3322
2444,1279,1379,0,2658
2445,1386,1585,0,2971
2446,1890,1238,0,3128
2447,1187,1589,0,2776
2448,1647,1828,0,3475
2449,1084,1680,0,2764
2450,1951,1697,0,3648
2451,1027,1068,0,2095
2452,1225,1051,0,2276
2453,1963,1055,0,3018
2454,1448,1857,0,3305
2455,1013,1908,0,2921
2456,1483,1481,0,2964
2457,1782,1643,0,3425
2458,1367,1934,0,3301
2459,1608,1838,0,3446
2460,1066,1721,0,2787
2461,1317,1174,0,2491
2462,1474,1184,0,2658
2463,1412,1330,0,2742
2464,1105,1677,0,2782
2465,1294,1367,0,2661
2466,1344,1069,0,2413
2467,1317,1635,0,2952
2468,1705,1203,0,2908
2469,1450,1758,0,3208
2470,1946,1837,0,3783
2471,1878,1738,0,3616
2472,1519,1101,0,2620
2473,1567,1560,0,3127
2474,1563,1547,0,3110
2475,1481,1070,0,2551
2476,1748,1222,0,2970
2477,1932,1251,0,3183
2478,1540,1995,0,3535
2479,1489,1463,0,2952
2480,1194,1528,0,2722
2481,1280,1503,0,2783
2482,1619,1957,0,3576
2483,1855,1269,0,3124
2484,1440,1615,0,3055
2485,1553,1581,0,3134
2486,1588,1906,0,3494
2487,1159,1889,0,3048
2488,1148,1094,0,2242
2489,1092,1314,0,2406
2490,1490,1776,0,3266
2491,1381,1323,0,2704
2492,1679,1966,0,3645
2493,1911,1831,0,3742
2494,1134,1273,0,2407
2495,1947,1159,0,3106
2496,1299,1877,0,3176
2497,1495,1024,0,2519
2498,1081,1366,0,2447
2499,1957,1727,0,3684
2500,1998,1245,0,3243
2501,1400,1438,0,2838
2502,1692,1079,0,2771
2503,1193,1825,0,3018
2504,1938,1243,0,3181
2505,1297,1367,0,2664
2506,1991,1001,0,2992
2507,1683,1062,0,2745
2508,1265,1501,0,2766
2509,1839,1871,0,3710
2510,1102,1916,0,3018
2511,1505,1398,0,2903
2512,1169,1114,0,2283
2513,1578,1436,0,3014
2514,1715,1751,0,3466
2515,1754,1770,0,3524
2516,1025,1320,0,2345
2517,1116,1664,0,2780
2518,1134,1735,0,2869
2519,1813,1474,0,3287
2520,1688,1850,0,3538
2521,1909,1219,0,3128
2522,1055,1143,0,2198
2523,1799,1606,0,3405
2524,1355,1356,0,2711
2525,1372,1328,0,2700
2526,1612,1945,0,3557
2527,1489,1303,0,2792
2528,1353,1699,0,3052
2529,1350,1694,0,3044
2530,1633,1767,0,3400
2531,1205,1013,0,2218
2532,1760,1081,0,2841
2533,1422,1845,0,3267
2534,1857,1620,0,3477
2535,1065,1024,0,2089
2536,1903,1806,0,3709
2537,1209,1421,0,2630
2538,1556,1223,0,2779
2539,1456,1554,0,3010
2540,1902,1150,0,3052
2541,1202,1283,0,2485
2542,1913,1100,0,3013
2543,1880,1243,0,3123
2544,1608,1908,0,3516
2545,1975,1086,0,3061
2546,1842,1078,0,2920
2547,1976,1311,0,3287
2548,1120,1619,0,2739
2549,1494,1969,0,3463
2550,1187,1794,0,2981
2551,1970,1750,0,3720
2552,1548,1152,0,2700
2553,1778,1094,0,2872
2554,1154,1408,0,2562
2555,1049,1835,0,2884
2556,1113,1392,0,2505
2557,1839,1952,0,3791
2558,1801,1077,0,2878
2559,1178,1153,0,2331
2560,1773,1588,0,3361
2561,1194,1973,0,3167
2562,1983,1783,0,3766
2563,1107,1021,0,2128
2564,1827,1462,0,3289
2565,1217,1415,0,2632
2566,1232,1090,0,2322
2567,1407,1900,0,3307
2568,1662,1276,0,2938
2569,1909,1118,0,3027
2570,1130,1019,0,2149
2571,1928,1841,0,3769
2572,1273,1189,0,2462
2573,1337,1856,0,3193
2574,1071,1522,0,2593
2575,1328,1853,0,3181
2576,1297,1746,0,3043
2577,1938,1755,0,3693
2578,1276,1457,0,2733
2579,1459,1496,0,2955
2580,1898,1462,0,3360
2581,1024,1593,0,2617
2582,1764,1491,0,3255
2583,1576,1574,0,3150
2584,1949,1515,0,3464
2585,1076,1383,0,2459
2586,1707,1965,0,3672
2587,1757,1792,0,3549
2588,1855,1827,0,3682
2589,1822,1696,0,3518
2590,1666,1402,0,3068
2591,1721,1665,0,3386
2592,1192,1354,0,2546
2593,1974,1280,0,3254
2594,1115,1150,0,2265
2595,1439,1121,0,2560
2596,1766,1487,0,3253
2597,1760,1610,0,3370
2598,1258,1808,0,3066
2599,1184,1713,0,2897
2600,1496,1533,0,3029
2601,1218,1727,0,2945
2602,1734,1465,0,3199
2603,1552,1611,0,3163
2604,1896,1315,0,3211
2605,1297,1321,0,2618
2606,1423,1613,0,3036
2607,1978,1718,0,3696
2608,1326,1198,0,2524
2609,1569,1680,0,3249
2610,1516,1640,0,3156
2611,1621,1468,0,3089
2612,1055,1932,0,2987
2613,1628,1599,0,3227
2614,1358,1999,0,3357
2615,1449,1534,0,2983
2616,1731,1557,0,3288
2617,1842,1325,0,3167
2618,1460,1797,0,3257
2619,1493,1647,0,3140
2620,1169,1383,0,2552
2621,1522,1173,0,2695
2622,1132,1904,0,3036
2623,1202,1311,0,2513
2624,1107,1771,0,2878
2625,1733,1940,0,3673
2626,1878,1749,0,3627
2627,1722,1807,0,3529
2628,1064,1001,0,2065
2629,1566,1460,0,3026
2630,1048,1888,0,2936
2631,1725,1517,0,3242
2632,1740,1115,0,2855
2633,1335,1076,0,2411
2634,1784,1792,0,3576
2635,1855,1295,0,3150
2636,1770,1173,0,2943
2637,1594,1988,0,3582
2638,1129,1187,0,2316
2639,1698,1703,0,3401
2640,1279,1809,0,3088
2641,1811,1313,0,3124
2642,1122,1956,0,3078
2643,1830,1801,0,3631
2644,1581,1348,0,2929
2645,1506,1757,0,3263
2646,1304,1507,0,2811
2647,1240,1281,0,2521
2648,1113,1164,0,2277
2649,1687,1537,0,3224
2650,1860,1230,0,3090
2651,1804,1094,0,2898
2652,1728,1421,0,3149
2653,1920,1769,0,3689
2654,1504,1288,0,2792
2655,1766,1435,0,3201
2656,1527,1869,0,3396
2657,1927,1479,0,3406
2658,1760,1847,0,3607
2659,1125,1252,0,2377
2660,1694,1285,0,2979
2661,1211,1707,0,2918
2662,1925,1273,0,3198
2663,1710,1975,0,3685
2664,1985,1618,0,3603
2665,1579,1038,0,2617
2666,1138,1282,0,2420
2667,1370,1041,0,2411
2668,1731,1494,0,3225
2669,1705,1001,0,2706
2670,1771,1176,0,2947
2671,1488,1614,0,3102
2672,1631,1280,0,2911
2673,1801,1168,0,2969
2674,1623,1056,0,2679
2675,1878,1815,0,3693
2676,1247,1060,0,2307
2677,1883,1286,0,3169
2678,1287,1607,0,2894
2679,1123,1647,0,2770
2680,1422,1764,0,3186
2681,1183,1982,0,3165
2682,1638,1124,0,2762
2683,1190,1443,0,2633
2684,1388,1946,0,3334
2685,1088,1378,0,2466
2686,1458,1542,0,3000
2687,1479,1025,0,2504
2688,1206,1694,0,2900
2689,1119,1281,0,2400
2690,1061,1219,0,2280
2691,1512,1070,0,2582
2692,1669,1683,0,3352
2693,1252,1421,0,2673
2694,1829,1271,0,3100
2695,1901,1099,0,3000
2696,1194,1956,0,3150
2697,1457,1183,0,2640
2698,1586,1468,0,3054
2699,1882,1387,0,3269
2700,1196,1432,0,2628
2701,1989,1874,0,3863
2702,1751,1058,0,2809
2703,1453,1285,0,2738
2704,1126,1978,0,3104
2705,1432,1599,0,3031
2706,1263,1286,0,2549
2707,1618,1819,0,3437
2708,1193,1619,0,2812
2709,1869,1910,0,3779
2710,1125,1174,0,2299
2711,1640,1630,0,3270
2712,1287,1764,0,3051
2713,1045,1983,0,3028
2714,1129,1405,0,2534
2715,1498,1794,0,3292
2716,1865,1066,0,2931
2717,1273,1992,0,3265
2718,1617,1662,0,3279
2719,1681,1605,0,3286
2720,1454,1610,0,3064
2721,1275,1079,0,2354
2722,1984,1497,0,3481
2723,1250,1074,0,2324
2724,1910,1946,0,3856
2725,1193,1545,0,2738
2726,1664,1718,0,3382
2727,1243,1658,0,2901
2728,1102,1723,0,2825
2729,1707,1858,0,3565
2730,1835,1712,0,3547
2731,1300,1356,0,2656
2732,1669,1855,0,3524
2733,1672,1963,0,3635
2734,1185,1012,0,2197
2735,1376,1956,0,3332
2736,1579,1932,0,3511
2737,1152,1957,0,3109
2738,1988,1185,0,3173
2739,1360,1098,0,2458
2740,1356,1817,0,3173
2741,1304,1087,0,2391
2742,1913,1734,0,3647
2743,1512,1584,0,3096
2744,1368,1507,0,2875
2745,1453,1674,0,3127
2746,1794,1913,0,3707
2747,1484,1270,0,2754
2748,1817,1043,0,2860
2749,1315,1757,0,3072
2750,1203,1918,0,3121
2751,1554,1598,0,3152
2752,1585,1177,0,2762
2753,1910,1559,0,3469
2754,1827,1902,0,3729
2755,1175,1563,0,2738
2756,1951,1183,0,3134
2757,1037,1202,0,2239
2758,1406,1361,0,2767
2759,1529,1573,0,3102
2760,1598,1815,0,3413
2761,1774,1661,0,3435
2762,1409,1493,0,2902
2763,1034,1401,0,2435
2764,1190,1335,0,2525
2765,1736,1864,0,3600
2766,1296,1179,0,2475
2767,1677,1551,0,3228
2768,1008,1594,0,2602
2769,1982,1883,0,3865
2770,1097,1022,0,2119
2771,1366,1960,0,3326
2772,1848,1025,0,2873
2773,1190,1158,0,2348
2774,1197,1059,0,2256
2775,1984,1462,0,3446
2776,1803,1158,0,2961
2777,1251,1279,0,2530
2778,1595,1543,0,3138
2779,1303,1933,0,3236
2780,1132,1117,0,2249
2781,1899,1227,0,3126
2782,1061,1849,0,2910
2783,1091,1806,0,2897
2784,1704,1124,0,2828
2785,1686,1829,0,3515
2786,1033,1605,0,2638
2787,1607,1603,0,3210
2788,1292,1138,0,2430
2789,1795,1419,0,3214
2790,1026,1588,0,2614
2791,1896,1169,0,3065
2792,1184,1317,0,2501
2793,1551,1847,0,3398
2794,1544,1406,0,2950
2795,1875,1009,0,2884
2796,1447,1011,0,2458
2797,1879,1832,0,3711
2798,1952,1602,0,3554
2799,1414,1567,0,2981
2800,1136,1113,0,2249
2801,1425,1631,0,3056
2802,1721,1097,0,2818
2803,1311,1508,0,2819
2804,1478,1130,0,2608
2805,1970,1548,0,3518
2806,1529,1732,0,3261
2807,1297,1967,0,3264
2808,1556,1222,0,2778
2809,1384,1609,0,2993
2810,1597,1931,0,3528
2811,1028,1178,0,2206
2812,1915,1759,0,3674
2813,1109,1887,0,2996
2814,1042,1861,0,2903
2815,1757,1607,0,3364
2816,1314,1772,0,3086
2817,1138,1342,0,2480
2818,1583,1128,0,2711
2819,1112,1063,0,2175
2820,1046,1269,0,2315
2821,1500,1587,0,3087
2822,1282,1056,0,2338
2823,1129,1854,0,2983
2824,1666,1065,0,2731
2825,1136,1482,0,2618
2826,1469,1570,0,3039
2827,1922,1212,0,3134
2828,1263,1027,0,2290
2829,1709,1556,0,3265
2830,1532,1553,0,3085
2831,1585,1413,0,2998
2832,1370,1522,0,2892
2833,1856,1167,0,3023
2834,1242,1871,0,3113
2835,1789,1966,0,3755
2836,1325,1227,0,2552
2837,1912,1484,0,3396
2838,1427,1606,0,3033
2839,1654,1193,0,2847
2840,1937,1735,0,3672
2841,1258,1638,0,2896
2842,1045,1873,0,2918
2843,1476,1104,0,2580
2844,1370,1849,0,3219
2845,1611,1382,0,2993
2846,1558,1783,0,3341
2847,1833,1650,0,3483
2848,1296,1487,0,2783
2849,1812,1698,0,3510
2850,1335,1821,0,3156
2851,1172,1481,0,2653
2852,1669,1754,0,3423
2853,1725,1906,0,3631
2854,1780,1092,0,2872
2855,1471,1232,0,2703
2856,1100,1153,0,2253
2857,1200,1549,0,2749
2858,1574,1862,0,3436
2859,1228,1773,0,3001
2860,1580,1266,0,2846
2861,1510,1247,0,2757
2862,1209,1541,0,2750
2863,1737,1136,0,2873
2864,1087,1233,0,2320
2865,1990,1910,0,3900
2866,1641,1943,0,3584
2867,1240,1730,0,2970
2868,1656,1112,0,2768
2869,1645,1510,0,3155
2870,1138,1579,0,2717
2871,1604,1871,0,3475
2872,1825,1043,0,2868
2873,1041,1247,0,2288
2874,1649,1251,0,2900
2875,1601,1582,0,3183
2876,1334,1740,0,3074
2877,1545,1618,0,3163
2878,1231,1274,0,2505
2879,1267,1130,0,2397
2880,1951,1075,0,3026
2881,1922,1009,0,2931
2882,1128,1588,0,2716
2883,1508,1744,0,3252
2884,1698,1366,0,3064
2885,1954,1499,0,3453
2886,1870,1058,0,2928
2887,1415,1554,0,2969
2888,1820,1304,0,3124
2889,1362,1299,0,2661
2890,1536,1955,0,3491
2891,1485,1454,0,2939
2892,1825,1296,0,3121
2893,1110,1561,0,2671
2894,1533,1284,0,2817
2895,1118,1163,0,2281
2896,1461,1876,0,3337
2897,1208,1785,0,2993
2898,1535,1527,0,3062
2899,1528,1645,0,3173
2900,1137,1086,0,2223
2901,1338,1810,0,3148
2902,1698,1953,0,3651
2903,1578,1388,0,2966
2904,1840,1077,0,2917
2905,1445,1683,0,3128
2906,1623,1548,0,3171
2907,1627,1096,0,2723
2908,1260,1942,0,3202
2909,1274,1099,0,2373
2910,1244,1898,0,3142
2911,1010,1465,0,2475
2912,1084,1088,0,2172
2913,1848,1807,0,3655
2914,1640,1517,0,3157
2915,1690,1313,0,3003
2916,1407,1086,0,2493
2917,1052,1321,0,2373
2918,1048,1378,0,2426
2919,1566,1011,0,2577
2920,1113,1116,0,2229
2921,1860,1270,0,3130
2922,1757,1748,0,3505
2923,1198,1434,0,2632
2924,1867,1758,0,3625
2925,1705,1049,0,2754
2926,1817,1405,0,3222
2927,1587,1900,0,3487
2928,1179,1248,0,2427
2929,1399,1639,0,3038
2930,1452,1132,0,2584
2931,1512,1869,0,3381
2932,1459,1825,0,3284
2933,1099,1470,0,2569
2934,1244,1865,0,3109
2935,1158,1353,0,2511
2936,1120,1112,0,2232
2937,1270,1277,0,2547
2938,1811,1490,0,3301
2939,1485,1413,0,2898
2940,1834,1019,0,2853
2941,1900,1359,0,3259
2942,1172,1426,0,2598
2943,1762,1478,0,3240
2944,1242,1067,0,2309
2945,1001,1569,0,2570
2946,1111,1307,0,2418
2947,1166,1499,0,2665
2948,1711,1225,0,2936
2949,1741,1975,0,3716
2950,1724,1803,0,3527
2951,1730,1625,0,3355
2952,1161,1518,0,2679
2953,1016,1562,0,2578
2954,1362,1546,0,2908
2955,1282,1739,0,3021
2956,1395,1960,0,3355
2957,1325,1547,0,2872
2958,1853,1056,0,2909
2959,1488,1989,0,3477
2960,1223,1945,0,3168
2961,1977,1075,0,3052
2962,1540,1382,0,2922
2963,1502,1589,0,3091
2964,1374,1666,0,3040
2965,1100,1989,0,3089
2966,1310,1099,0,2409
2967,1448,1887,0,3335
2968,1797,1471,0,3268
2969,1229,1882,0,3111
2970,1796,1553,0,3349
2971,1212,1624,0,2836
2972,1688,1767,0,3455
2973,1354,1413,0,2767
2974,1789,1497,0,3286
2975,1227,1962,0,3189
2976,1334,1984,0,3318
2977,1350,1426,0,2776
2978,1601,1755,0,3356
2979,1985,1098,0,3083
2980,1145,1331,0,2476
2981,1828,1226,0,3054
2982,1201,1419,0,2620
2983,1995,1701,0,3696
2984,1259,1388,0,2647
2985,1709,1705,0,3414
2986,1148,1417,0,2565
2987,1057,1560,0,2617
2988,1191,1755,0,2946
2989,1919,1799,0,3718
2990,1781,1218,0,2999
2991,1544,1610,0,3154
2992,1266,1868,0,3134
2993,1286,1964,0,3250
2994,1909,1747,0,3656
2995,1416,1744,0,3160
2996,1550,1152,0,2702
2997,1443,1128,0,2571
2998,1936,1035,0,2971
2999,1441,1557,0,2998
3000,1608,1972,0,3580
3001,1068,1168,0,2236
3002,1378,1398,0,2776
3003,1525,1220,0,2745
3004,1565,1751,0,3316
3005,1609,1276,0,2885
3006,1481,1204,0,2685
3007,1838,1050,0,2888
3008,1464,1610,0,3074
3009,1832,1833,0,3665
3010,1537,1166,0,2703
3011,1746,1352,0,3098
3012,1537,1206,0,2743
3013,1574,1243,0,2817
3014,1629,1292,0,2921
3015,1116,1290,0,2406
3016,1989,1052,0,3041
3017,1702,1275,0,2977
3018,1423,1883,0,3306
3019,1965,1995,0,3960
3020,1290,1188,0,2478
3021,1329,1224,0,2553
3022,1642,1601,0,3243
3023,1352,1748,0,3100
3024,1526,1409,0,2935
3025,1369,1969,0,3338
3026,1391,1511,0,2902
3027,1087,1220,0,2307
3028,1332,1292,0,2624
3029,1165,1172,0,2337
3030,1331,1414,0,2745
3031,1049,1772,0,2821
3032,1831,1366,0,3197
3033,1001,1845,0,2846
3034,1573,1195,0,2768
3035,1948,1344,0,3292
3036,1780,1459,0,3239
3037,1633,1860,0,3493
3038,1673,1284,0,2957
3039,1425,1467,0,2892
3040,1156,1749,0,2905
3041,1538,1365,0,2903
3042,1411,1655,0,3066
3043,1875,1549,0,3424
3044,1475,1476,0,2951
3045,1996,1571,0,3567
3046,1742,1128,0,2870
3047,1751,1021,0,2772
3048,1259,1115,0,2374
3049,1140,1053,0,2193
3050,1885,1762,0,3647
3051,1439,1997,0,3436
3052,1048,1207,0,2255
3053,1604,1676,0,3280
3054,1527,1651,0,3178
3055,1409,1216,0,2625
3056,1483,1138,0,2621
3057,1082,1889,0,2971
3058,1927,1872,0,3799
3059,1819,1142,0,2961
3060,1291,1470,0,2761
3061,1544,1519,0,3063
3062,1211,1190,0,2401
3063,1899,1862,0,3761
3064,1193,1197,0,2390
3065,1281,1759,0,3040
3066,1777,1020,0,2797
3067,1365,1770,0,3135
3068,1068,1471,0,2539
3069,1993,1830,0,3823
3070,1279,1631,0,2910
3071,1688,1535,0,3223
3072,1075,1869,0,2944
3073,1409,1108,0,2517
3074,1051,1058,0,2109
3075,1238,1197,0,2435
3076,1747,1417,0,3164
3077,1682,1970,0,3652
3078,1906,1237,0,3143
3079,1653,1232,0,2885
3080,1637,1144,0,2781
3081,1115,1548,0,2663
3082,1801,1310,0,3111
3083,1701,1596,0,3297
3084,1404,1308,0,2712
3085,1260,1805,0,3065
3086,1919,1892,0,3811
3087,1621,1330,0,2951
3088,1319,1043,0,2362
3089,1434,1622,0,3056
3090,1602,1249,0,2851
3091,1489,1248,0,2737
3092,1697,1554,0,3251
3093,1139,1414,0,2553
3094,1261,1948,0,3209
3095,1417,1321,0,2738
3096,1219,1569,0,2788
3097,1278,1744,0,3022
3098,1885,1666,0,3551
3099,1364,1542,0,2906
3100,1740,1475,0,3215
3101,1238,1735,0,2973
3102,1407,1519,0,2926
3103,1190,1636,0,2826
3104,1638,1607,0,3245
3105,1977,1139,0,3116
3106,1746,1391,0,3137
3107,1232,1814,0,3046
3108,1065,1813,0,2878
3109,1569,1534,0,3103
3110,1643,1427,0,3070
3111,1135,1887,0,3022
3112,1041,1191,0,2232
3113,1832,1818,0,3650
3114,1957,1811,0,3768
3115,1325,1021,0,2346
3116,1238,1339,0,2577
3117,1003,1397,0,2400
3118,1269,1744,0,3013
3119,1707,1253,0,2960
3120,1804,1561,0,3365
3121,1307,1252,0,2559
3122,1561,1214,0,2775
3123,1880,1353,0,3233
3124,1370,1590,0,2960
3125,1548,1957,0,3505
3126,1257,1105,0,2362
3127,1351,1228,0,2579
3128,1908,1102,0,3010
3129,1403,1775,0,3178
3130,1890,1044,0,2934
3131,1632,1963,0,3595
3132,1396,1569,0,2965
3133,1666,1621,0,3287
3134,1048,1077,0,2125
3135,1601,1360,0,2961
3136,1481,1143,0,2624
3137,1783,1725,0,3508
3138,1375,1305,0,2680
3139,1281,1755,0,3036
3140,1722,1182,0,2904
3141,1119,1685,0,2804
3142,1305,1525,0,2830
3143,1702,1789,0,3491
3144,1713,1463,0,3176
3145,1541,1743,0,3284
3146,1265,1756,0,3021
3147,1571,1911,0,3482
3148,1994,1014,0,3008
3149,1041,1695,0,2736
3150,1824,1625,0,3449
3151,1226,1547,0,2773
3152,1161,1276,0,2437
3153,1395,1157,0,2552
3154,1005,1062,0,2067
3155,1591,1089,0,2680
3156,1150,1557,0,2707
3157,1657,1903,0,3560
3158,1868,1226,0,3094
3159,1575,1039,0,2614
3160,1621,1190,0,2811
3161,1358,1669,0,3027
3162,1068,1707,0,2775
3163,1418,1817,0,3235
3164,1843,1476,0,3319
3165,1330,1062,0,2392
3166,1601,1041,0,2642
3167,1446,1321,0,2767
3168,1203,1192,0,2395
3169,1248,1421,0,2669
3170,1258,1375,0,2633
3171,1712,1897,0,3609
3172,1107,1057,0,2164
3173,1517,1876,0,3393
3174,1839,1513,0,3352
3175,1001,1775,0,2776
3176,1613,1051,0,2664
3177,1226,1421,0,2647
3178,1986,1568,0,3554
3179,1651,1842,0,3493
3180,1804,1800,0,3604
3181,1324,1639,0,2963
3182,1018,1628,0,2646
3183,1363,1828,0,3191
3184,1644,1557,0,3201
3185,1023,1004,0,2027
3186,1925,1827,0,3752
3187,1994,1139,0,3133
3188,1461,1075,0,2536
3189,1977,1217,0,3194
3190,1235,1487,0,2722
3191,1244,1003,0,2247
3192,1076,1528,0,2604
3193,1622,1835,0,3457
3194,1026,1843,0,2869
3195,1075,1054,0,2129
3196,1608,1059,0,2667
3197,1752,1118,0,2870
3198,1088,1869,0,2957
3199,1063,1811,0,2874
3200,1881,1880,0,3761
3201,1418,1747,0,3165
3202,1841,1187,0,3028
3203,1779,1583,0,3362
3204,1966,1181,0,3147
3205,1882,1900,0,3782
3206,1206,1530,0,2736
3207,1333,1812,0,3145
3208,1549,1308,0,2857
3209,1933,1501,0,3434
3210,1890,1763,0,3653
3211,1229,1825,0,3054
3212,1582,1777,0,3359
3213,1102,1369,0,2471
3214,1035,1414,0,2449
3215,1565,1682,0,3247
3216,1983,1270,0,3253
3217,1849,1629,0,3478
3218,1553,1926,0,3479
3219,1047,1963,0,3010
3220,1512,1129,0,2641
3221,1983,1382,0,3365
3222,1560,1982,0,3542
3223,1536,1753,0,3289
3224,1322,1989,0,3311
3225,1618,1398,0,3016
3226,1197,1191,0,2388
3227,1425,1767,0,3192
3228,1795,1655,0,3450
3229,1393,1233,0,2626
3230,1982,1524,0,3506
3231,1562,1186,0,2748
3232,1841,1297,0,3138
3233,1351,1476,0,2827
3234,1020,1389,0,2409
3235,1815,1669,0,3484
3236,1944,1310,0,3254
3237,1397,1050,0,2447
3238,1103,1300,0,2403
3239,1780,1455,0,3235
3240,1928,1976,0,3904
3241,1487,1889,0,3376
3242,1645,1972,0,3617
3243,1184,1439,0,2623
3244,1836,1257,0,3093
3245,1831,1578,0,3409
3246,1989,1126,0,3115
3247,1374,1898,0,3272
3248,1118,1417,0,2535
3249,1007,1547,0,2554
3250,1009,1627,0,2636
3251,1607,1180,0,2787
3252,1352,1417,0,2769
3253,1093,1212,0,2305
3254,1503,1314,0,2817
3255,1935,1733,0,3668
3256,1426,1142,0,2568
3257,1292,1254,0,2546
3258,1681,1944,0,3625
3259,1969,1700,0,3669
3260,1318,1218,0,2536
3261,1669,1678,0,3347
3262,1974,1321,0,3295
3263,1157,1218,0,2375
3264,1240,1443,0,2683
3265,1262,1012,0,2274
3266,1848,1197,0,3045
3267,1377,1315,0,2692
3268,1351,1898,0,3249
3269,1814,1896,0,3710
3270,1095,1716,0,2811
3271,1567,1371,0,2938
3272,1267,1476,0,2743
3273,1189,1715,0,2904
3274,1715,1096,0,2811
3275,1429,1473,0,2902
3276,1194,1298,0,2492
3277,1041,1018,0,2059
3278,1158,1915,0,3073
3279,1560,1616,0,3176
3280,1664,1527,0,3191
3281,1239,1031,0,2270
3282,1397,1356,0,2753
3283,1047,1830,0,2877
3284,1503,1453,0,2956
3285,1167,1578,0,2745
3286,1685,1020,0,2705
3287,1120,1915,0,3035
3288,1572,1429,0,3001
3289,1215,1452,0,2667
3290,1240,1065,0,2305
3291,1082,1962,0,3044
3292,1813,1364,0,3177
3293,1748,1079,0,2827
3294,1430,1369,0,2799
3295,1665,1116,0,2781
3296,1140,1937,0,3077
3297,1875,1063,0,2938
3298,1026,1741,0,2767
3299,1920,1242,0,3162
3300,1846,1511,0,3357
3301,1829,1191,0,3020
3302,1943,1114,0,3057
3303,1832,1816,0,3648
3304,1381,1373,0,2754
3305,1079,1050,0,2129
3306,1536,1607,0,3143
3307,1817,1030,0,2847
3308,1441,1057,0,2498
3309,1832,1658,0,3490
3310,1966,1002,0,2968
3311,1056,1886,0,2942
3312,1850,1225,0,3075
3313,1739,1925,0,3664
3314,1741,1167,0,2908
3315,1112,1168,0,2280
3316,1753,1050,0,2803
3317,1681,1804,0,3485
3318,1727,1961,0,3688
3319,1830,1023,0,2853
3320,1064,1775,0,2839
3321,1074,1755,0,2829
3322,1944,1176,0,3120
3323,1793,1148,0,2941
3324,1513,1227,0,2740
3325,1488,1403,0,2891
3326,1875,1192,0,3067
3327,1504,1644,0,3148
3328,1874,1014,0,2888
3329,1399,1534,0,2933
3330,1750,1934,0,3684
3331,1398,1131,0,2529
3332,1798,1274,0,3072
3333,1358,1456,0,2814
3334,1607,1656,0,3263
3335,1915,1669,0,3584
3336,1561,1744,0,3305
3337,1755,1769,0,3524
3338,1416,1186,0,2602
3339,1526,1159,0,2685
3340,1132,1747,0,2879
3341,1032,1681,0,2713
3342,1059,1270,0,2329
3343,1105,1634,0,2739
3344,1453,1340,0,2793
3345,1970,1092,0,3062
3346,1326,1780,0,3106
3347,1148,1018,0,2166
3348,1864,1264,0,3128
3349,1145,1092,0,2237
3350,1297,1179,0,2476
3351,1331,1887,0,3218
3352,1050,1147,0,2197
3353,1887,1459,0,3346
3354,1838,1488,0,3326
3355,1101,1249,0,2350
3356,1159,1908,0,3067
3357,1742,1101,0,2843
3358,1051,1846,0,2897
3359,1211,1661,0,2872
3360,1041,1489,0,2530
3361,1943,1224,0,3167
3362,1147,1919,0,3066
3363,1145,1743,0,2888
3364,1686,1697,0,3383
3365,1387,1012,0,2399
3366,1827,1252,0,3079
3367,1964,1750,0,3714
3368,1461,1622,0,3083
3369,1920,1821,0,3741
3370,1952,1505,0,3457
3371,1762,1294,0,3056
3372,1064,1721,0,2785
3373,1638,1922,0,3560
3374,1325,1365,0,2690
3375,1586,1686,0,3272
3376,1235,1568,0,2803
3377,1735,1449,0,3184
3378,1794,1984,0,3778
3379,1002,1891,0,2893
3380,1118,1385,0,2503
3381,1525,1223,0,2748
3382,1302,1905,0,3207
3383,1551,1396,0,2947
3384,1170,1669,0,2839
3385,1074,1402,0,2476
3386,1717,1388,0,3105
3387,1749,1086,0,2835
3388,1623,1137,0,2760
3389,1524,1485,0,3009
3390,1687,1049,0,2736
3391,1376,1154,0,2530
3392,1891,1141,0,3032
3393,1926,1749,0,3675
3394,1415,1589,0,3004
3395,1400,1200,0,2600
3396,1710,1051,0,2761
3397,1351,1608,0,2959
3398,1294,1202,0,2496
3399,1694,1968,0,3662
3400,1854,1142,0,2996
3401,1873,1083,0,2956
3402,1216,1358,0,2574
3403,2000,1206,0,3206
3404,1440,1201,0,2641
3405,1093,1005,0,2098
3406,1140,1857,0,2997
3407,1419,1760,0,3179
3408,1914,1012,0,2926
3409,1029,1640,0,2669
3410,1354,1870,0,3224
3411,1026,1190,0,2216
3412,1620,1751,0,3371
3413,1248,1178,0,2426
3414,1218,1397,0,2615
3415,1654,1258,0,2912
3416,1611,1396,0,3007
3417,1638,1041,0,2679
3418,1081,1080,0,2161
3419,1992,1071,0,3063
3420,1350,1725,0,3075
3421,1750,1235,0,2985
3422,1893,1008,0,2901
3423,1785,1494,0,3279
3424,1762,1648,0,3410
3425,1874,1817,0,3691
3426,1813,1749,0,3562
3427,1684,1846,0,3530
3428,1836,1528,0,3364
3429,1098,1688,0,2786
3430,1075,1856,0,2931
3431,1191,1002,0,2193
3432,1525,1569,0,3094
3433,1110,1741,0,2851
3434,1395,1486,0,2881
3435,1697,1619,0,3316
3436,1529,1217,0,2746
3437,1471,1416,0,2887
3438,1081,1775,0,2856
3439,1901,1286,0,3187
3440,1055,1469,0,2524
3441,1777,1621,0,3398
3442,1559,1802,0,3361
3443,1337,1781,0,3118
3444,1142,1267,0,2409
3445,1554,1837,0,3391
3446,1589,1132,0,2721
3447,1216,1928,0,3144
3448,1978,1794,0,3772
3449,1953,1432,0,3385
3450,1837,1600,0,3437
3451,1648,1113,0,2761
3452,1353,1354,0,2707
3453,1080,1812,0,2892
3454,1969,1342,0,3311
3455,1823,1138,0,2961
3456,1250,1152,0,2402
3457,1622,1967,0,3589
3458,1582,1827,0,3409
3459,1085,1409,0,2494
3460,1556,1845,0,3401
3461,1906,1604,0,3510
3462,1846,1210,0,3056
3463,1387,1388,0,2775
3464,1050,1435,0,2485
3465,1322,1819,0,3141
3466,1913,1511,0,3424
3467,1407,1352,0,2759
3468,1453,1218,0,2671
3469,1370,1878,0,3248
3470,1952,1262,0,3214
3471,1986,1644,0,3630
3472,1013,1309,0,2322
3473,1768,1578,0,3346
3474,1572,1051,0,2623
3475,1132,1428,0,2560
3476,1063,1120,0,2183
3477,1964,1861,0,3825
3478,1537,1202,0,2739
3479,1844,1545,0,3389
3480,1792,1140,0,2932
3481,1906,1035,0,2941
3482,1558,1507,0,3065
3483,1448,1865,0,3313
3484,1241,1342,0,2583
3485,1380,1244,0,2624
3486,1675,1883,0,3558
3487,1692,1847,0,3539
3488,1213,1320,0,2533
3489,1997,1061,0,3058
3490,1748,1703,0,3451
3491,1202,1499,0,2701
3492,1974,1560,0,3534
3493,1604,1682,0,3286
3494,1845,1582,0,3427
3495,1402,1745,0,3147
3496,1092,1853,0,2945
3497,1256,1292,0,2548
3498,1507,1771,0,3278
3499,1392,1689,0,3081
3500,1188,1510,0,2698
3501,1330,1524,0,2854
3502,1720,1409,0,3129
3503,1481,1123,0,2604
3504,1019,1441,0,2460
3505,1033,1250,0,2283
3506,1636,1967,0,3603
3507,1395,1581,0,2976
3508,1028,1554,0,2582
3509,1697,1985,0,3682
3510,1161,1449,0,2610
3511,1300,1206,0,2506
3512,1151,1689,0,2840
3513,1746,1649,0,3395
3514,1638,1153,0,2791
3515,1309,1911,0,3220
3516,1105,1816,0,2921
3517,1840,1705,0,3545
3518,1194,1438,0,2632
3519,1117,1835,0,2952
3520,1538,1336,0,2874
3521,1703,1986,0,3689
3522,1254,1612,0,2866
3523,1562,1815,0,3377
3524,1745,1103,0,2848
3525,1441,1248,0,2689
3526,1723,1557,0,3280
3527,1826,1907,0,3733
3528,1728,1267,0,2995
3529,1591,1654,0,3245
3530,1095,1910,0,3005
3531,1665,1740,0,3405
3532,1049,1977,0,3026
3533,1866,1172,0,3038
3534,1083,1410,0,2493
3535,1805,1405,0,3210
3536,1822,1475,0,3297
3537,1265,1553,0,2818
3538,1774,1978,0,3752
3539,1791,1999,0,3790
3540,1896,1425,0,3321
3541,1529,1356,0,2885
3542,1958,1456,0,3414
3543,1242,1222,0,2464
3544,1320,1368,0,2688
3545,1676,1172,0,2848
3546,1808,1589,0,3397
3547,1181,1300,0,2481
3548,1658,1247,0,2905
3549,1993,1628,0,3621
3550,1965,1717,0,3682
3551,1824,1120,0,2944
3552,1447,1953,0,3400
3553,1759,1206,0,2965
3554,1885,1241,0,3126
3555,1504,1166,0,2670
3556,1423,1186,0,2609
3557,1407,1988,0,3395
3558,1313,1328,0,2641
3559,1651,1841,0,3492
3560,1350,1631,0,2981
3561,1217,1920,0,3137
3562,1112,1353,0,2465
3563,1200,1357,0,2557
3564,1120,1723,0,2843
3565,1229,1023,0,2252
3566,1302,1271,0,2573
3567,1160,1702,0,2862
3568,1993,1563,0,3556
3569,1334,1894,0,3228
3570,1237,1505,0,2742
3571,1349,1646,0,2995
3572,1945,1256,0,3201
3573,1853,1171,0,3024
3574,1847,1507,0,3354
3575,1130,1936,0,3066
3576,1180,1163,0,2343
3577,1742,1636,0,3378
3578,1721,1335,0,3056
3579,1021,1881,0,2902
3580,1474,1818,0,3292
3581,1295,1047,0,2342
3582,1030,1893,0,2923
3583,1734,1360,0,3094
3584,1657,1351,0,3008
3585,1829,1135,0,2964
3586,1969,1909,0,3878
3587,1794,1049,0,2843
3588,1127,1698,0,2825
3589,1816,1886,0,3702
3590,1666,1913,0,3579
3591,1172,1647,0,2819
3592,1881,1245,0,3126
3593,1780,1413,0,3193
3594,1866,1822,0,3688
3595,1194,1736,0,2930
3596,1354,1813,0,3167
3597,1477,1973,0,3450
3598,1389,1146,0,2535
3599,1677,1729,0,3406
3600,1691,1032,0,2723
3601,1809,1279,0,3088
3602,1566,1941,0,3507
3603,1797,1381,0,3178
3604,1197,1665,0,2862
3605,1078,1043,0,2121
3606,1973,1351,0,3324
3607,1495,1707,0,3202
3608,1060,1143,0,2203
3609,1975,1274,0,3249
3610,1544,1188,0,2732
3611,1190,1243,0,2433
3612,1344,1815,0,3159
3613,1400,1701,0,3101
3614,1499,1240,0,2739
3615,1362,1645,0,3007
3616,1893,1354,0,3247
3617,1565,1464,0,3029
3618,1062,1755,0,2817
3619,1886,1673,0,3559
3620,1781,1507,0,3288
3621,1013,1884,0,2897
3622,1864,1007,0,2871
3623,1361,1425,0,2786
3624,1700,1247,0,2947
3625,1453,1433,0,2886
3626,1589,1640,0,3229
3627,1996,1633,0,3629
3628,1038,1431,0,2469
3629,1451,1377,0,2828
3630,1207,1696,0,2903
3631,1266,1716,0,2982
3632,1827,1664,0,3491
3633,1935,1603,0,3538
3634,1063,1541,0,2604
3635,1246,1781,0,3027
3636,1020,1128,0,2148
3637,1831,1429,0,3260
3638,1247,1850,0,3097
3639,1757,1830,0,3587
3640,1001,1414,0,2415
3641,1868,1229,0,3097
3642,1568,1432,0,3000
3643,1856,1420,0,3276
3644,1593,1463,0,3056
3645,1601,1746,0,3347
3646,1500,1073,0,2573
3647,1351,1561,0,2912
3648,1595,1770,0,3365
3649,1750,1228,0,2978
3650,1499,1219,0,2718
3651,1233,1014,0,2247
3652,1745,1193,0,2938
3653,1922,1452,0,3374
3654,1728,1109,0,2837
3655,1861,1770,0,3631
3656,1572,1811,0,3383
3657,1210,1351,0,2561
3658,1885,1408,0,3293
3659,1312,1289,0,2601
3660,1393,1910,0,3303
3661,1578,1592,0,3170
3662,1002,1908,0,2910
3663,1915,1409,0,3324
3664,1723,1683,0,3406
3665,1778,1465,0,3243
3666,1707,1968,0,3675
3667,1943,1925,0,3868
3668,1257,1193,0,2450
3669,1177,1784,0,2961
3670,1953,1762,0,3715
3671,1854,1602,0,3456
3672,1751,1713,0,3464
3673,1021,1949,0,2970
3674,1256,1043,0,2299
3675,1279,1657,0,2936
3676,1318,1814,0,3132
3677,1348,1199,0,2547
3678,1148,1661,0,2809
3679,1646,1089,0,2735
3680,1881,1587,0,3468
3681,1872,1483,0,3355
3682,1618,1612,0,3230
3683,1534,1796,0,3330
3684,1673,1193,0,2866
3685,1392,1214,0,2606
3686,1386,1808,0,3194
3687,1097,1121,0,2218
3688,1346,1039,0,2385
3689,1295,1185,0,2480
3690,1722,1477,0,3199
3691,1859,1325,0,3184
3692,1923,1830,0,3753
3693,1627,1150,0,2777
3694,1716,1737,0,3453
3695,1423,1310,0,2733
3696,1189,1964,0,3153
3697,1496,1876,0,3372
3698,1797,1999,0,3796
3699,1821,1642,0,3463
3700,1436,1421,0,2857
3701,1930,1562,0,3492
3702,1058,1347,0,2405
3703,1941,1412,0,3353
3704,1919,1987,0,3906
3705,1774,1167,0,2941
3706,1260,1030,0,2290
3707,1545,1074,0,2619
3708,1410,1716,0,3126
3709,1947,1649,0,3596
3710,1440,1722,0,3162
3711,1768,1672,0,3440
3712,1544,1211,0,2755
3713,1525,1913,0,3438
3714,1611,1464,0,3075
3715,1946,1566,0,3512
3716,1625,1713,0,3338
3717,1496,1130,0,2626
3718,1360,1110,0,2470
3719,1756,1285,0,3041
3720,1698,1863,0,3561
3721,1208,1855,0,3063
3722,1845,1753,0,3598
3723,1076,1423,0,2499
3724,1020,1753,0,2773
3725,1972,1982,0,3954
3726,1740,1291,0,3031
3727,1828,1429,0,3257
3728,1292,1986,0,3278
3729,1673,1875,0,3548
3730,1333,1875,0,3208
3731,1114,1361,0,2475
3732,1821,1418,0,3239
3733,1621,1303,0,2924
3734,1293,1019,0,2312
3735,1342,1189,0,2531
3736,1789,1960,0,3749
3737,1229,1029,0,2258
3738,1625,1379,0,3004
3739,1799,1817,0,3616
3740,1124,1747,0,2871
3741,1844,1235,0,3079
3742,1984,1787,0,3771
3743,1160,1206,0,2366
3744,1670,1521,0,3191
3745,1546,1806,0,3352
3746,1389,1676,0,3065
3747,1503,1301,0,2804
3748,1988,1101,0,3089
3749,1533,1475,0,3008
3750,1277,1818,0,3095
3751,1373,1743,0,3116
3752,1721,1851,0,3572
3753,1439,1547,0,2986
3754,1690,1203,0,2893
3755,1639,1898,0,3537
3756,1669,1097,0,2766
3757,1998,1764,0,3762
3758,1211,1057,0,2268
3759,1972,1718,0,3690
3760,1550,1527,0,3077
3761,1710,1453,0,3163
3762,1981,1472,0,3453
3763,1354,1731,0,3085
3764,1650,1332,0,2982
3765,1447,1767,0,3214
3766,1119,1183,0,2302
3767,1621,1393,0,3014
3768,1482,1645,0,3127
3769,1116,1150,0,2266
3770,1993,1983,0,3976
3771,1276,1363,0,2639
3772,1092,1130,0,2222
3773,1051,1204,0,2255
3774,1939,1644,0,3583
3775,1519,1795,0,3314
3776,1656,1426,0,3082
3777,1354,1313,0,2667
3778,1967,1316,0,3283
3779,1208,1337,0,2545
3780,1342,1225,0,2567
3781,1053,1187,0,2240
3782,1337,1020,0,2357
3783,1022,1363,0,2385
3784,1830,1116,0,2946
3785,1118,1832,0,2950
3786,1256,1673,0,2929
3787,1081,1940,0,3021
3788,1327,1722,0,3049
3789,1597,1791,0,3388
3790,1587,1609,0,3196
3791,1649,1678,0,3327
3792,1732,1377,0,3109
3793,1434,1044,0,2478
3794,1624,1610,0,3234
3795,1541,1364,0,2905
3796,1017,1179,0,2196
3797,1662,1580,0,3242
3798,1026,1619,0,2645
3799,1464,1904,0,3368
3800,1557,1799,0,3356
3801,1427,1887,0,3314
3802,1163,1597,0,2760
3803,1778,1880,0,3658
3804,1796,1150,0,2946
3805,1062,1025,0,2087
3806,1213,1236,0,2449
3807,1255,1267,0,2522
3808,1876,1739,0,3615
3809,1250,1189,0,2439
3810,1786,1638,0,3424
3811,1572,1328,0,2900
3812,1136,1622,0,2758
3813,1812,1090,0,2902
3814,1745,1838,0,3583
3815,1298,1350,0,2648
3816,1734,1067,0,2801
3817,1693,1571,0,3264
3818,1186,1767,0,2953
3819,1730,1672,0,3402
3820,1499,1247,0,2746
3821,1204,1974,0,3178
3822,1756,1874,0,3630
3823,1631,1736,0,3367
3824,1926,1903,0,3829
3825,1018,1369,0,2387
3826,1186,1546,0,2732
3827,1000,1068,0,2068
3828,1893,1153,0,3046
3829,1149,1212,0,2361
3830,1922,1496,0,3418
3831,1285,1399,0,2684
3832,1401,1020,0,2421
3833,1299,1797,0,3096
3834,1231,1133,0,2364
3835,1397,1528,0,2925
3836,1343,1483,0,2826
3837,1944,1545,0,3489
3838,1631,1221,0,2852
3839,1777,1511,0,3288
3840,1314,1211,0,2525
3841,1333,1548,0,2881
3842,1819,1424,0,3243
3843,1986,1560,0,3546
3844,1835,1952,0,3787
3845,1180,1058,0,2238
3846,1305,1747,0,3052
3847,1406,1091,0,2497
3848,1841,1477,0,3318
3849,1187,1146,0,2333
3850,1914,1210,0,3124
3851,1139,1669,0,2808
3852,1009,1274,0,2283
3853,1542,1498,0,3040
3854,1605,1331,0,2936
3855,1931,1285,0,3216
3856,1275,1746,0,3021
3857,1880,1401,0,3281
3858,1658,1357,0,3015
3859,1891,1526,0,3417
3860,1700,1955,0,3655
3861,1454,1043,0,2497
3862,1425,1382,0,2807
3863,1751,1829,0,3580
3864,1339,1739,0,3078
3865,1838,1063,0,2901
3866,1840,1950,0,3790
3867,1295,1346,0,2641
3868,1218,1871,0,3089
3869,1818,1728,0,3546
3870,1945,1228,0,3173
3871,1713,1704,0,3417
3872,1411,1763,0,3174
3873,1620,1816,0,3436
3874,1116,1771,0,2887
3875,1735,1103,0,2838
3876,1903,1773,0,3676
3877,1255,1522,0,2777
3878,1888,1608,0,3496
3879,1890,1614,0,3504
3880,1922,1653,0,3575
3881,1854,1277,0,3131
3882,1592,1645,0,3237
3883,1341,1455,0,2796
3884,1366,1849,0,3215
3885,1870,1654,0,3524
3886,1666,1757,0,3423
3887,1158,1328,0,2486
3888,1806,1229,0,3035
3889,1454,1536,0,2990
3890,1265,1095,0,2360
3891,1863,1920,0,3783
3892,1939,1826,0,3765
3893,1561,1314,0,2875
3894,1706,1480,0,3186
3895,1461,1217,0,2678
3896,1089,1385,0,2474
3897,1393,1399,0,2792
3898,1388,1380,0,2768
3899,1576,1853,0,3429
3900,1202,1340,0,2542
3901,1693,1898,0,3591
3902,1533,1640,0,3173
3903,1091,1950,0,3041
3904,1455,1361,0,2816
3905,1547,1401,0,2948
3906,1250,1257,0,2507
3907,1624,1969,0,3593
3908,1574,1003,0,2577
3909,1862,1343,0,3205
3910,1264,1148,0,2412
3911,1708,1785,0,3493
3912,1988,1634,0,3622
3913,1599,1629,0,3228
3914,1199,1625,0,2824
3915,1901,1976,0,3877
3916,1241,1453,0,2694
3917,1719,1711,0,3430
3918,1126,1983,0,3109
3919,1306,1596,0,2902
3920,1018,1523,0,2541
3921,1180,1024,0,2204
3922,1893,1621,0,3514
3923,1644,1892,0,3536
3924,1535,1997,0,3532
3925,1655,1314,0,2969
3926,1988,1540,0,3528
3927,1942,1350,0,3292
3928,1165,1029,0,2194
3929,1620,1955,0,3575
3930,1705,1484,0,3189
3931,1522,1879,0,3401
3932,1005,1135,0,2140
3933,1238,1624,0,2862
3934,1153,1773,0,2926
3935,1021,1867,0,2888
3936,1560,1803,0,3363
3937,1323,1538,0,2861
3938,1029,1126,0,2155
3939,1671,1148,0,2819
3940,1221,1403,0,2624
3941,1360,1445,0,2805
3942,1378,1340,0,2718
3943,1363,1728,0,3091
3944,1027,1635,0,2662
3945,1361,1819,0,3180
3946,1257,1285,0,2542
3947,1577,1607,0,3184
3948,1712,1139,0,2851
3949,1144,1199,0,2343
3950,1610,1806,0,3416
3951,1252,1360,0,2612
3952,1497,1010,0,2507
3953,1155,1740,0,2895
3954,1188,1411,0,2599
3955,1638,1575,0,3213
3956,1086,1718,0,2804
3957,1112,1588,0,2700
3958,1838,1746,0,3584
3959,1846,1440,0,3286
3960,1832,1364,0,3196
3961,1210,1939,0,3149
3962,1081,1771,0,2852
3963,1959,1103,0,3062
3964,1638,1467,0,3105
3965,1827,1604,0,3431
3966,1230,1851,0,3081
3967,1265,1298,0,2563
3968,1376,1115,0,2491
3969,1453,1982,0,3435
3970,1762,1133,0,2895
3971,1507,1212,0,2719
3972,1023,1013,0,2036
3973,1883,1504,0,3387
3974,1396,1118,0,2514
3975,1996,1797,0,3793
3976,1469,1894,0,3363
3977,1856,1028,0,2884
3978,1529,1190,0,2719
3979,1708,1094,0,2802
3980,1751,1122,0,2873
3981,1662,1276,0,2938
3982,1157,1993,0,3150
3983,1567,1226,0,2793
3984,1023,1786,0,2809
3985,1085,1022,0,2107
3986,1005,1802,0,2807
3987,1901,1098,0,2999
3988,1656,1796,0,3452
3989,1902,1950,0,3852
3990,1564,1682,0,3246
3991,1080,1830,0,2910
3992,1815,1886,0,3701
3993,1601,1526,0,3127
3994,1960,1814,0,3774
3995,1219,1075,0,2294
3996,1184,1841,0,3025
3997,1980,1808,0,3788
3998,1193,1286,0,2479
3999,1481,1639,0,3120
4000,1572,1500,0,3072
4001,1347,1915,0,3262
4002,1743,1482,0,3225
4003,1438,1335,0,2773
4004,1627,1742,0,3369
4005,1327,1200,0,2527
4006,1223,1467,0,2690
4007,1687,1708,0,3395
4008,1221,1909,0,3130
4009,1438,1403,0,2841
4010,1270,1848,0,3118
4011,1257,1317,0,2574
4012,1163,1946,0,3109
4013,1752,1952,0,3704
4014,1372,1559,0,2931
4015,1194,1317,0,2511
4016,1172,1681,0,2853
4017,1342,1255,0,2597
4018,1361,1373,0,2734
4019,1769,1948,0,3717
4020,1768,1098,0,2866
4021,1263,1840,0,3103
4022,1043,1552,0,2595
4023,1196,1948,0,3144
4024,1487,1333,0,2820
4025,1532,1023,0,2555
4026,1435,1058,0,2493
4027,1306,1448,0,2754
4028,1822,1396,0,3218
4029,1810,1507,0,3317
4030,1460,1121,0,2581
4031,1398,1938,0,3336
4032,1492,1172,0,2664
4033,1094,1835,0,2929
4034,1684,1771,0,3455
4035,1303,1377,0,2680
4036,1229,1257,0,2486
4037,1935,1374,0,3309
4038,1315,1188,0,2503
4039,1817,1015,0,2832
4040,1812,1397,0,3209
4041,1159,1888,0,3047
4042,1927,1346,0,3273
4043,1810,1551,0,3361
4044,1870,1470,0,3340
4045,1584,1890,0,3474
4046,1024,1823,0,2847
4047,1190,1747,0,2937
4048,1136,1263,0,2399
4049,1274,1723,0,2997
4050,1647,1369,0,3016
4051,1770,1336,0,3106
4052,1997,1834,0,3831
4053,1076,1787,0,2863
4054,1672,1677,0,3349
4055,1775,1207,0,2982
4056,1291,1265,0,2556
4057,1335,1852,0,3187
4058,1847,1825,0,3672
4059,1911,1952,0,3863
4060,1690,1194,0,2884
4061,1810,1935,0,3745
4062,1558,1171,0,2729
4063,1799,1347,0,3146
4064,1658,1320,0,2978
4065,1130,1067,0,2197
4066,1877,1943,0,3820
4067,1650,1385,0,3035
4068,1061,1784,0,2845
4069,1456,1189,0,2645
4070,1084,1274,0,2358
4071,1725,1718,0,3443
4072,1577,1236,0,2813
4073,1057,1139,0,2196
4074,1761,1249,0,3010
4075,1049,1373,0,2422
4076,1273,1485,0,2758
4077,1850,1166,0,3016
4078,1186,1209,0,2395
4079,1977,1624,0,3601
4080,1843,1328,0,3171
4081,1374,1531,0,2905
4082,1582,1412,0,2994
4083,1325,1821,0,3146
4084,1429,1869,0,3298
4085,1984,1220,0,3204
4086,1009,1161,0,2170
4087,1966,1420,0,3386
4088,1974,1316,0,3290
4089,1468,1082,0,2550
4090,1916,1639,0,3555
4091,1323,1196,0,2519
4092,1809,1132,0,2941
4093,1470,1877,0,3347
4094,1219,1751,0,2970
4095,1816,1915,0,3731
4096,1975,1550,0,3525
4097,1550,1490,0,3040
4098,1952,1414,0,3366
4099,1144,1783,0,2927
4100,1126,1515,0,2641
4101,1815,1468,0,3283
4102,1009,1566,0,2575
4103,1422,1225,0,2647
4104,1182,1861,0,3043
4105,1365,1785,0,3150
4106,1135,1668,0,2803
4107,1094,1767,0,2861
4108,1631,1329,0,2960
4109,1994,1455,0,3449
4110,1492,1041,0,2533
4111,1707,1899,0,3606
4112,1002,1276,0,2278
4113,1549,1309,0,2858
4114,1720,1362,0,3082
4115,1844,1922,0,3766
4116,1742,1603,0,3345
4117,1065,1871,0,2936
4118,1790,1935,0,3725
4119,1978,1768,0,3746
4120,1513,1509,0,3022
4121,1973,1435,0,3408
4122,1385,1124,0,2509
4123,1041,1822,0,2863
4124,1661,1610,0,3271
4125,1111,1826,0,2937
4126,1009,1918,0,2927
4127,1482,1924,0,3406
4128,1925,1401,0,3326
4129,1945,1245,0,3190
4130,1228,1759,0,2987
4131,1422,1728,0,3150
4132,1742,1437,0,3179
4133,1894,1791,0,3685
4134,1287,1742,0,3029
4135,1993,1137,0,3130
4136,1050,1182,0,2232
4137,1031,1422,0,2453
4138,1047,1903,0,2950
4139,1918,1498,0,3416
4140,1908,1725,0,3633
4141,1127,1548,0,2675
4142,1300,1636,0,2936
4143,1394,1275,0,2669
4144,1068,1516,0,2584
4145,1170,1964,0,3134
4146,1090,1142,0,2232
4147,1249,1485,0,2734
4148,1291,1195,0,2486
4149,1233,1536,0,2769
4150,1189,1176,0,2365
4151,1289,1500,0,2789
4152,1167,1086,0,2253
4153,1880,1046,0,2926
4154,1432,1734,0,3166
4155,1383,1232,0,2615
4156,1733,1874,0,3607
4157,1384,1099,0,2483
4158,1745,1455,0,3200
4159,1490,1758,0,3248
4160,1046,1307,0,2353
4161,1969,1389,0,3358
4162,1759,1031,0,2790
4163,1110,1853,0,2963
4164,1664,1390,0,3054
4165,1386,1299,0,2685
4166,1954,1550,0,3504
4167,1721,1969,0,3690
4168,1912,1568,0,3480
4169,1858,1496,0,3354
4170,1193,1172,0,2365
4171,1503,1900,0,3403
4172,1229,1630,0,2859
4173,1812,1259,0,3071
4174,1910,1444,0,3354
4175,1753,1364,0,3117
4176,1914,1193,0,3107
4177,1560,1252,0,2812
4178,1532,1840,0,3372
4179,1064,1442,0,2506
4180,1386,1586,0,2972
4181,1113,1547,0,2660
4182,1758,1129,0,2887
4183,1028,1068,0,2096
4184,1810,1672,0,3482
4185,1779,1698,0,3477
4186,1327,1187,0,2514
4187,1024,1987,0,3011
4188,1464,1205,0,2669
4189,1611,1898,0,3509
4190,1358,1363,0,2721
4191,1553,1468,0,3021
4192,1914,1020,0,2934
4193,1930,1435,0,3365
4194,1485,1290,0,2775
4195,1418,1212,0,2630
4196,1925,1812,0,3737
4197,1330,1920,0,3250
4198,1948,1028,0,2976
4199,1854,1969,0,3823
4200,1492,1253,0,2745
4201,1414,1869,0,3283
4202,1668,1463,0,3131
4203,1903,1493,0,3396
4204,1551,1146,0,2697
4205,1481,1268,0,2749
4206,1284,1216,0,2500
4207,1911,1306,0,3217
4208,1117,1667,0,2784
4209,1519,1782,0,3301
4210,1318,1765,0,3083
4211,1864,1400,0,3264
4212,1232,1773,0,3005
4213,1040,1433,0,2473
4214,1004,1774,0,2778
4215,1612,1315,0,2927
4216,1860,1913,0,3773
4217,1223,1976,0,3199
4218,1689,1616,0,3305
4219,1156,1746,0,2902
4220,1989,1033,0,3022
4221,1113,1124,0,2237
4222,1177,1039,0,2216
4223,1814,1001,0,2815
4224,1884,1406,0,3290
4225,1593,1975,0,3568
4226,1909,1369,0,3278
4227,1145,1713,0,2858
4228,1373,1568,0,2941
4229,1675,1575,0,3250
4230,1787,1143,0,2930
4231,1344,1064,0,2408
4232,1264,1291,0,2555
4233,1368,1206,0,2574
4234,1491,1111,0,2602
4235,1153,1426,0,2579
4236,1394,1013,0,2407
4237,1812,1770,0,3582
4238,1285,1302,0,2587
4239,1818,1089,0,2907
4240,1063,1475,0,2538
4241,1377,1986,0,3363
4242,1210,1357,0,2567
4243,1141,1384,0,2525
4244,1650,1951,0,3601
4245,1052,1823,0,2875
4246,1903,1320,0,3223
4247,1373,1180,0,2553
4248,1440,1507,0,2947
4249,1743,1632,0,3375
4250,1213,1298,0,2511
4251,1825,1054,0,2879
4252,1484,1656,0,3140
4253,1085,1862,0,2947
4254,1960,1794,0,3754
4255,1282,1561,0,2843
4256,1020,1769,0,2789
4257,1204,1960,0,3164
4258,1771,1617,0,3388
4259,1220,1511,0,2731
4260,1388,1871,0,3259
4261,1463,1437,0,2900
4262,1998,1992,0,3990
4263,1974,1367,0,3341
4264,1914,1806,0,3720
4265,1108,1304,0,2412
4266,1008,1524,0,2532
4267,1861,1030,0,2891
4268,1387,1409,0,2796
4269,1421,1536,0,2957
4270,1128,1040,0,2168
4271,1563,1547,0,3110
4272,1039,1272,0,2311
4273,1972,1123,0,3095
4274,1199,1186,0,2385
4275,1007,1415,0,2422
4276,1290,1233,0,2523
4277,1339,1984,0,3323
4278,1890,1980,0,3870
4279,1433,1089,0,2522
4280,1304,1640,0,2944
4281,1047,1175,0,2222
4282,1900,1270,0,3170
4283,1797,1180,0,2977
4284,1326,1512,0,2838
4285,1234,1111,0,2345
4286,1840,1017,0,2857
4287,1478,1094,0,2572
4288,1857,1995,0,3852
4289,1829,1253,0,3082
4290,1108,1177,0,2285
4291,1562,1145,0,2707
4292,1661,1927,0,3588
4293,1952,1149,0,3101
4294,1722,1025,0,2747
4295,1314,1035,0,2349
4296,1725,1709,0,3434
4297,1730,1318,0,3048
4298,1173,1144,0,2317
4299,1989,1960,0,3949
4300,1548,1263,0,2811
4301,1586,1087,0,2673
4302,1810,1961,0,3771
4303,1165,1276,0,2441
4304,1401,1505,0,2906
4305,1362,1405,0,2767
4306,1053,1703,0,2756
4307,1371,1515,0,2886
4308,1501,1608,0,3109
4309,1268,1956,0,3224
4310,1852,1946,0,3798
4311,1105,1470,0,2575
4312,1412,1478,0,2890
4313,1395,1650,0,3045
4314,1692,1080,0,2772
4315,1399,1705,0,3104
4316,1808,1366,0,3174
4317,1917,1020,0,2937
4318,1215,1963,0,3178
4319,1480,1935,0,3415
4320,1767,1702,0,3469
4321,1825,1804,0,3629
4322,1365,1502,0,2867
4323,1355,1502,0,2857
4324,1144,1878,0,3022
4325,1502,1512,0,3014
4326,1020,1184,0,2204
4327,1554,1627,0,3181
4328,1234,1738,0,2972
4329,1542,1466,0,3008
4330,1629,1073,0,2702
4331,1404,1566,0,2970
4332,1574,1926,0,3500
4333,1519,1540,0,3059
4334,1702,1140,0,2842
4335,1662,1560,0,3222
4336,1695,1989,0,3684
4337,1737,1905,0,3642
4338,1310,1666,0,2976
4339,1954,1927,0,3881
4340,1718,1878,0,3596
4341,1137,1027,0,2164
4342,1750,1433,0,3183
4343,1394,1645,0,3039
4344,1135,1105,0,2240
4345,1124,1734,0,2858
4346,1598,1619,0,3217
4347,1839,1758,0,3597
4348,1466,1021,0,2487
4349,1974,1359,0,3333
4350,1503,1772,0,3275
4351,1941,1111,0,3052
4352,1969,1585,0,3554
4353,1316,1149,0,2465
4354,1947,1810,0,3757
4355,1482,1132,0,2614
4356,1878,1901,0,3779
4357,1606,1905,0,3511
4358,1779,1137,0,2916
4359,1078,1651,0,2729
4360,1459,1594,0,3053
4361,1685,1853,0,3538
4362,1118,1653,0,2771
4363,1871,1905,0,3776
4364,1024,1509,0,2533
4365,1357,1175,0,2532
4366,1968,1876,0,3844
4367,1037,1048,0,2085
4368,1265,1499,0,2764
4369,1602,1735,0,3337
4370,1769,1876,0,3645
4371,1164,1361,0,2525
4372,1911,1805,0,3716
4373,1828,1697,0,3525
4374,1017,1890,0,2907
4375,1898,1343,0,3241
4376,1087,1984,0,3071
4377,1311,1775,0,3086
4378,1676,1067,0,2743
4379,1311,1562,0,2873
4380,1669,1405,0,3074
4381,1963,1198,0,3161
4382,1887,1237,0,3124
4383,1329,1922,0,3251
4384,1536,1546,0,3082
4385,1609,1195,0,2804
4386,1150,1935,0,3085
4387,1041,1346,0,2387
4388,1083,1366,0,2449
4389,1717,1712,0,3429
4390,1260,1254,0,2514
4391,1155,1993,0,3148
4392,1179,1048,0,2227
4393,1330,1672,0,3002
4394,1350,1242,0,2592
4395,1059,1862,0,2921
4396,1059,1578,0,2637
4397,1673,1917,0,3590
4398,1091,1842,0,2933
4399,1384,1371,0,2755
4400,1337,1590,0,2927
4401,1598,1810,0,3408
4402,1927,1580,0,3507
4403,1927,1658,0,3585
4404,1960,1261,0,3221
4405,1087,1871,0,2958
4406,1331,1371,0,2702
4407,1878,1240,0,3118
4408,1559,1303,0,2862
4409,1092,1589,0,2681
4410,1063,1806,0,2869
4411,1899,1108,0,3007
4412,1547,1532,0,3079
4413,1247,1272,0,2519
4414,1524,1659,0,3183
4415,1730,1486,0,3216
4416,1370,1457,0,2827
4417,1938,1176,0,3114
4418,1930,1259,0,3189
4419,1174,1124,0,2298
4420,1258,1411,0,2669
4421,1665,1474,0,3139
4422,1327,1724,0,3051
4423,1171,1698,0,2869
4424,1145,1406,0,2551
4425,1454,1088,0,2542
4426,1083,1966,0,3049
4427,2000,1462,0,3462
4428,1333,1491,0,2824
4429,1656,1118,0,2774
4430,1057,1057,0,2114
4431,1735,1649,0,3384
4432,1098,1979,0,3077
4433,1606,1207,0,2813
4434,1184,1387,0,2571
4435,1620,1340,0,2960
4436,1745,1997,0,3742
4437,1238,1584,0,2822
4438,1479,1437,0,2916
4439,1948,1409,0,3357
4440,1775,1412,0,3187
4441,1020,1986,0,3006
4442,1464,1561,0,3025
4443,1205,1855,0,3060
4444,1839,1107,0,2946
4445,1610,1511,0,3121
4446,1013,1387,0,2400
4447,1757,1668,0,3425
4448,1112,1880,0,2992
4449,1953,1358,0,3311
4450,1470,1680,0,3150
4451,1548,1981,0,3529
4452,1455,1643,0,3098
4453,1645,1036,0,2681
4454,1959,1541,0,3500
4455,1541,1965,0,3506
4456,1595,1256,0,2851
4457,1713,1862,0,3575
4458,1153,1919,0,3072
4459,1626,1650,0,3276
4460,1110,1082,0,2192
4461,1943,1056,0,2999
4462,1952,1741,0,3693
4463,1045,1588,0,2633
4464,1552,1877,0,3429
4465,1972,1807,0,3779
4466,1557,1088,0,2645
4467,1586,1457,0,3043
4468,1721,1422,0,3143
4469,1726,1914,0,3640
4470,1731,1220,0,2951
4471,1006,1996,0,3002
4472,1009,1834,0,2843
4473,1462,1985,0,3447
4474,1516,1460,0,2976
4475,1487,1429,0,2916
4476,1123,1890,0,3013
4477,1569,1007,0,2576
4478,1508,1295,0,2803
4479,1721,1025,0,2746
4480,1643,1620,0,3263
4481,1960,1046,0,3006
4482,1947,1836,0,3783
4483,1807,1032,0,2839
4484,1028,1439,0,2467
4485,1334,1013,0,2347
4486,1359,1087,0,2446
4487,1315,1421,0,2736
4488,1089,1434,0,2523
4489,1901,1833,0,3734
4490,1996,1197,0,3193
4491,1400,1784,0,3184
4492,1197,1710,0,2907
4493,1102,1140,0,2242
4494,1871,1108,0,2979
4495,1114,1326,0,2440
4496,1220,1437,0,2657
4497,1752,1011,0,2763
4498,1155,1903,0,3058
4499,1306,1371,0,2677
4500,1238,1402,0,2640
4501,1779,1126,0,2905
4502,1742,1152,0,2894
4503,1975,1123,0,3098
4504,1287,1003,0,2290
4505,1510,1747,0,3257
4506,1657,1300,0,2957
4507,1973,1544,0,3517
4508,1022,1230,0,2252
4509,1984,1570,0,3554
4510,1778,1034,0,2812
4511,1029,1782,0,2811
4512,1585,1590,0,3175
4513,1638,1047,0,2685
4514,1452,1680,0,3132
4515,1167,1652,0,2819
4516,1943,1727,0,3670
4517,1829,1008,0,2837
4518,1891,1432,0,3323
4519,1477,1776,0,3253
4520,1980,1742,0,3722
4521,1836,1329,0,3165
4522,1007,1545,0,2552
4523,1761,1913,0,3674
4524,1283,1985,0,3268
4525,1719,1646,0,3365
4526,1543,1454,0,2997
4527,1376,1787,0,3163
4528,1204,1413,0,2617
4529,1076,1382,0,2458
4530,1618,1716,0,3334
4531,1443,1628,0,3071
4532,1872,1038,0,2910
4533,1324,1363,0,2687
4534,1803,1589,0,3392
4535,1021,1392,0,2413
4536,1621,1397,0,3018
4537,1002,1461,0,2463
4538,1259,1159,0,2418
4539,1726,1847,0,3573
4540,1656,1325,0,2981
4541,1405,1881,0,3286
4542,1487,1652,0,3139
4543,1373,1576,0,2949
4544,1525,1375,0,2900
4545,1982,1346,0,3328
4546,1168,1085,0,2253
4547,1982,1605,0,3587
4548,1452,1215,0,2667
4549,1457,1617,0,3074
4550,1350,1811,0,3161
4551,1389,1022,0,2411
4552,1861,1665,0,3526
4553,1668,1042,0,2710
4554,1615,1609,0,3224
4555,1992,1911,0,3903
4556,1337,1284,0,2621
4557,1141,1143,0,2284
4558,1628,1304,0,2932
4559,1750,1895,0,3645
4560,1179,1120,0,2299
4561,1367,1307,0,2674
4562,1037,1762,0,2799
4563,1026,1816,0,2842
4564,1347,1142,0,2489
4565,1605,1184,0,2789
4566,1588,1043,0,2631
4567,1482,1794,0,3276
4568,1108,1119,0,2227
4569,1735,1437,0,3172
4570,1754,1991,0,3745
4571,1171,1156,0,2327
4572,1869,1753,0,3622
4573,1317,1070,0,2387
4574,1121,1462,0,2583
4575,1414,1808,0,3222
4576,1489,1077,0,2566
4577,1680,1672,0,3352
4578,1273,1997,0,3270
4579,1281,1321,0,2602
4580,1879,1822,0,3701
4581,1378,1668,0,3046
4582,1946,1776,0,3722
4583,1108,1072,0,2180
4584,1669,1381,0,3050
4585,1900,1491,0,3391
4586,1367,1393,0,2760
4587,1928,1657,0,3585
4588,1835,1687,0,3522
4589,1103,1478,0,2581
4590,1944,1544,0,3488
4591,1963,1534,0,3497
4592,1556,1979,0,3535
4593,1219,1607,0,2826
4594,1540,1991,0,3531
4595,1623,1143,0,2766
4596,1590,1818,0,3408
4597,1023,1252,0,2275
4598,1974,1662,0,3636
4599,1035,1512,0,2547
4600,1800,1957,0,3757
4601,1443,1073,0,2516
4602,1447,1465,0,2912
4603,1160,1297,0,2457
4604,1979,1902,0,3881
4605,1033,1849,0,2882
4606,1921,1070,0,2991
4607,1841,1391,0,3232
4608,1407,1322,0,2729
4609,1727,1092,0,2819
4610,1385,1028,0,2413
4611,1399,1896,0,3295
4612,1379,1340,0,2719
4613,1362,1978,0,3340
4614,1268,1759,0,3027
4615,1682,1735,0,3417
4616,1312,1746,0,3058
4617,1156,1969,0,3125
4618,1692,1900,0,3592
4619,1795,1285,0,3080
4620,1825,1226,0,3051
4621,1113,1251,0,2364
4622,1860,1099,0,2959
4623,1811,1319,0,3130
4624,1021,1757,0,2778
4625,1292,1898,0,3190
4626,1468,1005,0,2473
4627,1637,1173,0,2810
4628,1115,1935,0,3050
4629,1733,1599,0,3332
4630,1428,1130,0,2558
4631,1948,1185,0,3133
4632,1053,1234,0,2287
4633,1646,1031,0,2677
4634,1751,1548,0,3299
4635,1764,1914,0,3678
4636,1169,1901,0,3070
4637,1371,1445,0,2816
4638,1910,1125,0,3035
4639,1524,1780,0,3304
4640,1603,1365,0,2968
4641,1367,1860,0,3227
4642,1679,1086,0,2765
4643,1236,1311,0,2547
4644,1804,1925,0,3729
4645,1231,1161,0,2392
4646,1637,1035,0,2672
4647,1387,1635,0,3022
4648,1792,1979,0,3771
4649,1852,1789,0,3641
4650,1133,1657,0,2790
4651,1058,1766,0,2824
4652,1055,1171,0,2226
4653,1505,1035,0,2540
4654,1247,1403,0,2650
4655,1762,1284,0,3046
4656,1470,1309,0,2779
4657,1663,1422,0,3085
4658,1281,1745,0,3026
4659,1225,1352,0,2577
4660,1808,1442,0,3250
4661,1103,1288,0,2391
4662,1818,1279,0,3097
4663,1908,1675,0,3583
4664,1403,1475,0,2878
4665,1834,1491,0,3325
4666,1337,1780,0,3117
4667,1362,1687,0,3049
4668,1274,1853,0,3127
4669,1152,1112,0,2264
4670,1943,1419,0,3362
4671,1257,1379,0,2636
4672,1664,1232,0,2896
4673,1431,1266,0,2697
4674,1566,1817,0,3383
4675,1901,1674,0,3575
4676,1260,1665,0,2925
4677,1769,1734,0,3503
4678,1086,1337,0,2423
4679,1052,1802,0,2854
4680,1536,1698,0,3234
4681,1296,1884,0,3180
4682,1218,1327,0,2545
4683,1087,1102,0,2189
4684,1685,1835,0,3520
4685,1419,1864,0,3283
4686,1352,1641,0,2993
4687,1087,1455,0,2542
4688,1793,1568,0,3361
4689,1155,1519,0,2674
4690,1510,1573,0,3083
4691,1718,1650,0,3368
4692,1740,1128,0,2868
4693,1371,1912,0,3283
4694,1337,1372,0,2709
4695,1959,1892,0,3851
4696,1569,1292,0,2861
4697,1901,1558,0,3459
4698,1332,1033,0,2365
4699,1495,1961,0,3456
4700,1298,1094,0,2392
4701,1005,1688,0,2693
4702,1109,1742,0,2851
4703,1300,1434,0,2734
4704,1298,1485,0,2783
4705,1720,1104,0,2824
4706,1789,1332,0,3121
4707,1265,1275,0,2540
4708,1766,1025,0,2791
4709,1932,1768,0,3700
4710,1860,1952,0,3812
4711,1864,1182,0,3046
4712,1726,1826,0,3552
4713,1898,1113,0,3011
4714,1383,1011,0,2394
4715,1705,1093,0,2798
4716,1375,1354,0,2729
4717,1653,1617,0,3270
4718,1989,1477,0,3466
4719,1851,1422,0,3273
4720,1349,1323,0,2672
4721,1581,1681,0,3262
4722,1928,1787,0,3715
4723,1280,1542,0,2822
4724,1621,1396,0,3017
4725,1269,1108,0,2377
4726,1689,1719,0,3408
4727,1280,1285,0,2565
4728,1708,1252,0,2960
4729,1940,1251,0,3191
4730,1035,1393,0,2428
4731,1088,1317,0,2405
4732,1377,1750,0,3127
4733,1665,1919,0,3584
4734,1399,1868,0,3267
4735,1047,1002,0,2049
4736,1237,1468,0,2705
4737,1201,1730,0,2931
4738,1622,1194,0,2816
4739,1244,1390,0,2634
4740,1700,1284,0,2984
4741,1881,1906,0,3787
4742,1574,1327,0,2901
4743,1686,1346,0,3032
4744,1804,1943,0,3747
4745,1607,1864,0,3471
4746,1257,1953,0,3210
4747,1221,1556,0,2777
4748,1168,1222,0,2390
4749,1736,1526,0,3262
4750,1219,1405,0,2624
4751,1290,1171,0,2461
4752,1305,1884,0,3189
4753,1234,1062,0,2296
4754,1534,1760,0,3294
4755,1920,1582,0,3502
4756,1313,1897,0,3210
4757,1168,1589,0,2757
4758,1938,1509,0,3447
4759,1730,1999,0,3729
4760,1173,1381,0,2554
4761,1350,1008,0,2358
4762,1090,1071,0,2161
4763,1109,1515,0,2624
4764,1115,1972,0,3087
4765,1662,1145,0,2807
4766,1971,1203,0,3174
4767,1554,1002,0,2556
4768,1132,1741,0,2873
4769,1969,1305,0,3274
4770,1330,1916,0,3246
4771,1248,1075,0,2323
4772,1142,1968,0,3110
4773,1671,1035,0,2706
4774,1366,1021,0,2387
4775,1277,1563,0,2840
4776,1829,1530,0,3359
4777,1736,1114,0,2850
4778,1080,1432,0,2512
4779,1267,1503,0,2770
4780,1722,1946,0,3668
4781,1718,1316,0,3034
4782,1307,1725,0,3032
4783,1774,1070,0,2844
4784,1228,1990,0,3218
4785,1149,1385,0,2534
4786,1455,1259,0,2714
4787,1300,1552,0,2852
4788,1841,1457,0,3298
4789,1638,1069,0,2707
4790,1213,1038,0,2251
4791,1701,1484,0,3185
4792,1039,1917,0,2956
4793,1276,1274,0,2550
4794,1320,1627,0,2947
4795,1101,1354,0,2455
4796,1253,1375,0,2628
4797,1127,1799,0,2926
4798,1817,1437,0,3254
4799,1787,1063,0,2850
4800,1302,1560,0,2862
4801,1930,1952,0,3882
4802,1096,1933,0,3029
4803,1282,1673,0,2955
4804,1053,1087,0,2140
4805,1675,1353,0,3028
4806,1448,1624,0,3072
4807,1825,1507,0,3332
4808,1550,1340,0,2890
4809,1923,1390,0,3313
4810,1668,1477,0,3145
4811,1574,1942,0,3516
4812,1335,1486,0,2821
4813,1239,1865,0,3104
4814,1410,1929,0,3339
4815,1475,1993,0,3468
4816,1628,1864,0,3492
4817,1059,1467,0,2526
4818,1934,1669,0,3603
4819,1464,1960,0,3424
4820,1626,1003,0,2629
4821,1087,1608,0,2695
4822,1812,1873,0,3685
4823,1324,1323,0,2647
4824,1418,1427,0,2845
4825,1077,1716,0,2793
4826,1025,1057,0,2082
4827,1381,1357,0,2738
4828,1721,1213,0,2934
4829,1784,1849,0,3633
4830,1836,1259,0,3095
4831,1567,1651,0,3218
4832,1335,1985,0,3320
4833,1469,1761,0,3230
4834,1136,1549,0,2685
4835,1255,1354,0,2609
4836,1726,1022,0,2748
4837,1958,1307,0,3265
4838,1885,1963,0,3848
4839,1497,1329,0,2826
4840,1182,1731,0,2913
4841,1122,1124,0,2246
4842,1880,1683,0,3563
4843,1675,1795,0,3470
4844,1833,1426,0,3259
4845,1740,1559,0,3299
4846,1665,1320,0,2985
4847,1300,1153,0,2453
4848,1833,1769,0,3602
4849,1664,1793,0,3457
4850,1832,1834,0,3666
4851,1722,1228,0,2950
4852,1143,1570,0,2713
4853,1192,1228,0,2420
4854,1279,1352,0,2631
4855,1802,1626,0,3428
4856,1284,1212,0,2496
4857,1579,1422,0,3001
4858,1834,1095,0,2929
4859,1338,1857,0,3195
4860,1954,1810,0,3764
4861,1231,1347,0,2578
4862,1909,1601,0,3510
4863,1424,1343,0,2767
4864,1014,1017,0,2031
4865,1374,1639,0,3013
4866,1182,1061,0,2243
4867,1441,1378,0,2819
4868,1506,1828,0,3334
4869,1340,1999,0,3339
4870,1901,1176,0,3077
4871,1589,1728,0,3317
4872,1731,1874,0,3605
4873,1738,1109,0,2847
4874,1613,1119,0,2732
4875,1390,1100,0,2490
4876,1470,1930,0,3400
4877,1844,1398,0,3242
4878,1442,1593,0,3035
4879,1836,1940,0,3776
4880,1166,1345,0,2511
4881,1959,1193,0,3152
4882,1430,1604,0,3034
4883,1962,1180,0,3142
4884,1427,1798,0,3225
4885,1290,1919,0,3209
4886,1238,1059,0,2297
4887,1208,1000,0,2208
4888,1356,1501,0,2857
4889,1650,1419,0,3069
4890,1786,1185,0,2971
4891,1959,1498,0,3457
4892,1362,1983,0,3345
4893,1997,1848,0,3845
4894,1506,1492,0,2998
4895,1058,1055,0,2113
4896,1166,1129,0,2295
4897,1654,1273,0,2927
4898,1616,1281,0,2897
4899,1157,1603,0,2760
4900,1638,1125,0,2763
4901,1715,1658,0,3373
4902,1439,1717,0,3156
4903,1998,1674,0,3672
4904,1271,1724,0,2995
4905,1133,1812,0,2945
4906,1197,1539,0,2736
4907,1102,1692,0,2794
4908,1069,1774,0,2843
4909,1503,1360,0,2863
4910,1629,1461,0,3090
4911,1253,1462,0,2715
4912,1329,1747,0,3076
4913,1205,1347,0,2552
4914,1011,1967,0,2978
4915,1276,1546,0,2822
4916,1413,1806,0,3219
4917,1221,1493,0,2714
4918,1668,1926,0,3594
4919,1723,1978,0,3701
4920,1149,1787,0,2936
4921,1697,1404,0,3101
4922,1699,1079,0,2778
4923,1364,1543,0,2907
4924,1279,1874,0,3153
4925,1452,1582,0,3034
4926,1736,1166,0,2902
4927,1696,1398,0,3094
4928,1770,1625,0,3395
4929,1997,1299,0,3296
4930,1799,1226,0,3025
4931,1683,1355,0,3038
4932,1372,1753,0,3125
4933,1128,1834,0,2962
4934,1947,1961,0,3908
4935,1995,1018,0,3013
4936,1879,1949,0,3828
4937,1239,1788,0,3027
4938,1074,1447,0,2521
4939,1219,1352,0,2571
4940,1272,1733,0,3005
4941,1455,1555,0,3010
4942,1731,1274,0,3005
4943,1582,1678,0,3260
4944,1900,1416,0,3316
4945,1972,1202,0,3174
4946,1062,1294,0,2356
4947,1973,1726,0,3699
4948,1037,1884,0,2921
4949,1455,1810,0,3265
4950,1486,1603,0,3089
4951,1817,1665,0,3482
4952,1023,1352,0,2375
4953,1358,1971,0,3329
4954,1919,1439,0,3358
4955,1219,1945,0,3164
4956,1777,1470,0,3247
4957,1649,1846,0,3495
4958,1998,1673,0,3671
4959,1689,1952,0,3641
4960,1349,1810,0,3159
4961,1286,1487,0,2773
4962,1337,1793,0,3130
4963,1517,1585,0,3102
4964,1941,1353,0,3294
4965,1081,1862,0,2943
4966,1025,1328,0,2353
4967,1801,1230,0,3031
4968,1688,1017,0,2705
4969,1381,1900,0,3281
4970,1631,1663,0,3294
4971,1833,1651,0,3484
4972,1560,1889,0,3449
4973,1515,1243,0,2758
4974,1914,1719,0,3633
4975,1890,1073,0,2963
4976,1913,1856,0,3769
4977,1717,1484,0,3201
4978,1380,1898,0,3278
4979,1899,1640,0,3539
4980,1649,1684,0,3333
4981,1050,1062,0,2112
4982,1611,1050,0,2661
4983,1444,1174,0,2618
4984,1010,1797,0,2807
4985,1140,1249,0,2389
4986,1808,1092,0,2900
4987,1182,1100,0,2282
4988,1950,1796,0,3746
4989,1023,1805,0,2828
4990,1822,1950,0,3772
4991,1004,1434,0,2438
4992,1507,1173,0,2680
4993,1518,1270,0,2788
4994,1960,1106,0,3066
4995,1960,1109,0,3069
4996,1807,1543,0,3350
4997,1784,1211,0,2995
4998,1052,1981,0,3033
4999,1729,1044,0,2773
5000,1806,1455,0,3261
5001,1671,1909,0,3580
5002,1956,1188,0,3144
5003,1432,1667,0,3099
5004,1640,1892,0,3532
5005,1801,1556,0,3357
5006,1468,1346,0,2814
5007,1263,1186,0,2449
5008,1971,1860,0,3831
5009,1477,1964,0,3441
5010,1886,1196,0,3082
5011,1217,1178,0,2395
5012,1204,1678,0,2882
5013,1859,1277,0,3136
5014,1529,1287,0,2816
5015,1134,1713,0,2847
5016,1075,1570,0,2645
5017,1298,1275,0,2573
5018,1884,1799,0,3683
5019,1330,1140,0,2470
5020,1385,1412,0,2797
5021,1872,1664,0,3536
5022,1714,1476,0,3190
5023,1622,1734,0,3356
5024,1448,1586,0,3034
5025,1139,1927,0,3066
5026,1299,1324,0,2623
5027,1422,1992,0,3414
5028,1233,1147,0,2380
5029,1613,1421,0,3034
5030,1623,1348,0,2971
5031,1803,1617,0,3420
5032,1117,1668,0,2785
5033,1316,1674,0,2990
5034,1087,1091,0,2178
5035,1371,1076,0,2447
5036,1190,1893,0,3083
5037,1258,1818,0,3076
5038,1035,1272,0,2307
5039,1540,1304,0,2844
5040,1983,1460,0,3443
5041,1979,1944,0,3923
5042,1966,1743,0,3709
5043,1200,1853,0,3053
5044,1741,1243,0,2984
5045,1315,1397,0,2712
5046,1249,1377,0,2626
5047,1979,1393,0,3372
5048,1998,1489,0,3487
5049,1793,1529,0,3322
5050,1108,1807,0,2915
5051,1683,1132,0,2815
5052,1327,1072,0,2399
5053,1990,1183,0,3173
5054,1994,1571,0,3565
5055,1825,1870,0,3695
5056,1808,1077,0,2885
5057,1144,1322,0,2466
5058,1576,1525,0,3101
5059,1467,1474,0,2941
5060,1080,1357,0,2437
5061,1195,1670,0,2865
5062,1410,1231,0,2641
5063,1919,1255,0,3174
5064,1634,1527,0,3161
5065,1349,1074,0,2423
5066,1658,1143,0,2801
5067,1880,1413,0,3293
5068,1330,1860,0,3190
5069,1991,1852,0,3843
5070,1000,1354,0,2354
5071,1332,1397,0,2729
5072,1362,1587,0,2949
5073,1817,1152,0,2969
5074,1469,1560,0,3029
5075,1261,1397,0,2658
5076,1615,1157,0,2772
5077,1196,1167,0,2363
5078,1303,1959,0,3262
5079,1402,1284,0,2686
5080,1489,1286,0,2775
5081,1353,1159,0,2512
5082,1843,1286,0,3129
5083,1830,1869,0,3699
5084,1777,1601,0,3378
5085,1103,1661,0,2764
5086,1756,1727,0,3483
5087,1733,1087,0,2820
5088,1283,1695,0,2978
5089,1568,1660,0,3228
5090,1650,1332,0,2982
5091,1775,1533,0,3308
5092,1307,1902,0,3209
5093,1904,1386,0,3290
5094,1940,1004,0,2944
5095,1505,1035,0,2540
5096,1821,1196,0,3017
5097,1277,1042,0,2319
5098,1818,1353,0,3171
5099,1670,1325,0,2995
5100,1428,1701,0,3129
5101,1047,1562,0,2609
5102,1041,1292,0,2333
5103,1998,1944,0,3942
5104,1016,1326,0,2342
5105,1557,1703,0,3260
5106,1566,1253,0,2819
5107,1814,1750,0,3564
5108,1008,1957,0,2965
5109,1570,1531,0,3101
5110,1723,1646,0,3369
5111,1728,1617,0,3345
5112,1025,1694,0,2719
5113,1471,1320,0,2791
5114,1301,1055,0,2356
5115,1112,1076,0,2188
5116,1621,1402,0,3023
5117,1019,1009,0,2028
5118,1260,1691,0,2951
5119,1818,1023,0,2841
5120,1719,1705,0,3424
5121,1972,1188,0,3160
5122,1774,1569,0,3343
5123,1000,1752,0,2752
5124,1581,1320,0,2901
5125,1937,1935,0,3872
5126,1286,1549,0,2835
5127,1448,1812,0,3260
5128,1287,1868,0,3155
5129,1542,1889,0,3431
5130,1635,1610,0,3245
5131,1741,1673,0,3414
5132,1590,1711,0,3301
5133,1007,1275,0,2282
5134,1116,1484,0,2600
5135,1155,1915,0,3070
5136,1817,1551,0,3368
5137,1390,1237,0,2627
5138,1135,1260,0,2395
5139,1804,1146,0,2950
5140,1890,1496,0,3386
5141,1247,1040,0,2287
5142,1968,1708,0,3676
5143,1762,1279,0,3041
5144,1890,1496,0,3386
5145,1410,1828,0,3238
5146,1933,1562,0,3495
5147,1464,1109,0,2573
5148,1801,1692,0,3493
5149,1687,1206,0,2893
5150,1944,1432,0,3376
5151,1283,1280,0,2563
5152,1782,1921,0,3703
5153,1676,1287,0,2963
5154,1468,1238,0,2706
5155,1884,1776,0,3660
5156,1572,1153,0,2725
5157,1966,1637,0,3603
5158,1945,1450,0,3395
5159,1523,1910,0,3433
5160,1303,1782,0,3085
5161,1476,1819,0,3295
5162,1665,1940,0,3605
5163,1229,1074,0,2303
5164,1995,1688,0,3683
5165,1085,1434,0,2519
5166,1688,1459,0,3147
5167,1089,1441,0,2530
5168,1928,1688,0,3616
5169,1517,1681,0,3198
5170,1583,1127,0,2710
5171,1943,1347,0,3290
5172,1897,1600,0,3497
5173,1436,1075,0,2511
5174,1157,1173,0,2330
5175,1686,1370,0,3056
5176,1332,1532,0,2864
5177,1668,1852,0,3520
5178,1735,1099,0,2834
5179,1712,1591,0,3303
5180,1366,1058,0,2424
5181,1320,1842,0,3162
5182,1879,1732,0,3611
5183,1826,1000,0,2826
5184,1072,1919,0,2991
5185,1645,1528,0,3173
5186,1734,1496,0,3230
5187,1572,1294,0,2866
5188,1768,1401,0,3169
5189,1300,1592,0,2892
5190,1721,1171,0,2892
5191,1188,1939,0,3127
5192,1553,1809,0,3362
5193,1966,1946,0,3912
5194,1143,1809,0,2952
5195,1314,1523,0,2837
5196,1949,1133,0,3082
5197,1541,1437,0,2978
5198,1200,1025,0,2225
5199,1322,1351,0,2673
5200,1550,1569,0,3119
5201,1777,1506,0,3283
5202,1029,1016,0,2045
5203,1820,1862,0,3682
5204,1977,1065,0,3042
5205,1126,1389,0,2515
5206,1992,1988,0,3980
5207,1399,1670,0,3069
5208,1966,1765,0,3731
5209,1709,1581,0,3290
5210,1997,1961,0,3958
5211,1736,1120,0,2856
5212,1447,1294,0,2741
5213,1691,1644,0,3335
5214,1334,1419,0,2753
5215,1878,1085,0,2963
5216,1698,1541,0,3239
5217,1910,1795,0,3705
5218,1472,1917,0,3389
5219,1141,1699,0,2840
5220,1659,1303,0,2962
5221,1221,1604,0,2825
5222,1719,1101,0,2820
5223,1517,1832,0,3349
5224,1500,1425,0,2925
5225,1364,1810,0,3174
5226,1958,1389,0,3347
5227,1871,1364,0,3235
5228,1812,1451,0,3263
5229,1364,1754,0,3118
5230,1258,1423,0,2681
5231,1167,1171,0,2338
5232,1060,1147,0,2207
5233,1193,1850,0,3043
5234,1727,1281,0,3008
5235,1588,1541,0,3129
5236,1432,1672,0,3104
5237,1563,1188,0,2751
5238,1156,1122,0,2278
5239,1562,1883,0,3445
5240,1124,1740,0,2864
5241,1066,1501,0,2567
5242,1869,1771,0,3640
5243,1334,1860,0,3194
5244,1263,1874,0,3137
5245,1319,1406,0,2725
5246,1048,1200,0,2248
5247,1637,1340,0,2977
5248,1580,1794,0,3374
5249,1781,1045,0,2826
5250,1631,1594,0,3225
5251,1339,1355,0,2694
5252,1167,1909,0,3076
5253,1097,1079,0,2176
5254,1797,1621,0,3418
5255,1210,1556,0,2766
5256,1074,1130,0,2204
5257,1182,1323,0,2505
5258,1170,1914,0,3084
5259,1838,1354,0,3192
5260,1609,1958,0,3567
5261,1528,1710,0,3238
5262,1647,1084,0,2731
5263,1323,1170,0,2493
5264,1460,1704,0,3164
5265,1277,1121,0,2398
5266,1384,1349,0,2733
5267,1189,1989,0,3178
5268,1780,1359,0,3139
5269,1058,1540,0,2598
5270,1346,1454,0,2800
5271,1006,1775,0,2781
5272,1898,1825,0,3723
5273,1564,1825,0,3389
5274,1983,1367,0,3350
5275,1087,1681,0,2768
5276,1242,1014,0,2256
5277,1336,1541,0,2877
5278,1221,1519,0,2740
5279,1836,1098,0,2934
5280,1280,1626,0,2906
5281,1434,1924,0,3358
5282,1588,1499,0,3087
5283,1477,1103,0,2580
5284,1940,1904,0,3844
5285,1243,1927,0,3170
5286,1925,1125,0,3050
5287,1718,1604,0,3322
5288,1196,1052,0,2248
5289,1928,1834,0,3762
5290,1423,1587,0,3010
5291,1916,1036,0,2952
5292,1606,1977,0,3583
5293,1413,1277,0,2690
5294,1165,1267,0,2432
5295,1150,1585,0,2735
5296,1992,1153,0,3145
5297,1031,1825,0,2856
5298,1755,1622,0,3377
5299,1192,1767,0,2959
5300,1651,1063,0,2714
5301,1879,1046,0,2925
5302,1690,1542,0,3232
5303,1644,1128,0,2772
5304,1130,1280,0,2410
5305,1670,1242,0,2912
5306,1433,1321,0,2754
5307,1305,1945,0,3250
5308,1012,1274,0,2286
5309,1921,1386,0,3307
5310,1617,1065,0,2682
5311,1741,1110,0,2851
5312,1609,1348,0,2957
5313,1343,1280,0,2623
5314,1677,1746,0,3423
5315,1480,1337,0,2817
5316,1810,1861,0,3671
5317,1726,1813,0,3539
5318,1616,1934,0,3550
5319,1126,1076,0,2202
5320,1800,1788,0,3588
5321,1815,1861,0,3676
5322,1836,1443,0,3279
5323,1920,1116,0,3036
5324,1686,1414,0,3100
5325,1148,1786,0,2934
5326,1871,1764,0,3635
5327,1144,1394,0,2538
5328,1149,1114,0,2263
5329,1880,1199,0,3079
5330,1179,1027,0,2206
5331,1077,1417,0,2494
5332,1961,1523,0,3484
5333,1186,1003,0,2189
5334,1502,1948,0,3450
5335,1797,1473,0,3270
5336,1021,1515,0,2536
5337,1332,1686,0,3018
5338,1645,1871,0,3516
5339,1559,1962,0,3521
5340,1746,1056,0,2802
5341,1711,1473,0,3184
5342,1530,1609,0,3139
5343,1443,1733,0,3176
5344,1371,1855,0,3226
5345,1534,1896,0,3430
5346,1098,1436,0,2534
5347,1347,1178,0,2525
5348,1059,1200,0,2259
5349,1231,1615,0,2846
5350,1945,1533,0,3478
5351,1986,1418,0,3404
5352,1598,1892,0,3490
5353,1088,1859,0,2947
5354,1983,1288,0,3271
5355,1689,1017,0,2706
5356,1574,1078,0,2652
5357,1719,1179,0,2898
5358,1537,1668,0,3205
5359,1893,1179,0,3072
5360,1950,1797,0,3747
5361,1710,1039,0,2749
5362,1126,1103,0,2229
5363,1917,1575,0,3492
5364,1391,1647,0,3038
5365,1910,1228,0,3138
5366,1210,1276,0,2486
5367,1442,1369,0,2811
5368,1546,1583,0,3129
5369,1518,1069,0,2587
5370,1746,1923,0,3669
5371,1220,1175,0,2395
5372,1822,1418,0,3240
5373,1197,1758,0,2955
5374,1864,1902,0,3766
5375,1409,1843,0,3252
5376,1427,1716,0,3143
5377,1339,1910,0,3249
5378,1539,1145,0,2684
5379,1752,1783,0,3535
5380,1209,1394,0,2603
5381,1551,1117,0,2668
5382,1094,1545,0,2639
5383,1725,1441,0,3166
5384,1330,1252,0,2582
5385,1278,1471,0,2749
5386,1851,1909,0,3760
5387,1444,1722,0,3166
5388,1888,1407,0,3295
5389,1909,1459,0,3368
5390,1722,1482,0,3204
5391,1394,1378,0,2772
5392,1320,1492,0,2812
5393,1745,1193,0,2938
5394,1571,1203,0,2774
5395,1183,1333,0,2516
5396,1323,1140,0,2463
5397,1115,1781,0,2896
5398,1575,1860,0,3435
5399,1225,1410,0,2635
5400,1819,1370,0,3189
5401,1934,1383,0,3317
5402,1071,1991,0,3062
5403,1877,1604,0,3481
5404,1390,1094,0,2484
5405,1700,1100,0,2800
5406,1455,1672,0,3127
5407,1338,1649,0,2987
5408,1965,1210,0,3175
5409,1051,1244,0,2295
5410,1901,1883,0,3784
5411,1803,1518,0,3321
5412,1419,1032,0,2451
5413,1515,1818,0,3333
5414,1307,1440,0,2747
5415,1388,1626,0,3014
5416,1596,1945,0,3541
5417,1827,1694,0,3521
5418,1338,1449,0,2787
5419,1263,1527,0,2790
5420,1552,1108,0,2660
5421,1868,1017,0,2885
5422,1512,1937,0,3449
5423,1898,1145,0,3043
5424,1538,1531,0,3069
5425,1691,1351,0,3042
5426,1802,1669,0,3471
5427,1609,1890,0,3499
5428,1292,1729,0,3021
5429,1662,1809,0,3471
5430,1732,1078,0,2810
5431,1342,1727,0,3069
5432,1509,1807,0,3316
5433,1326,1361,0,2687
5434,1033,1165,0,2198
5435,1792,1170,0,2962
5436,1913,1684,0,3597
5437,1335,1119,0,2454
5438,1521,1370,0,2891
5439,1875,1026,0,2901
5440,1971,1829,0,3800
5441,1574,1812,0,3386
5442,1406,1822,0,3228
5443,1496,1363,0,2859
5444,1771,1226,0,2997
5445,1166,1149,0,2315
5446,1641,1824,0,3465
5447,1438,1336,0,2774
5448,1992,1707,0,3699
5449,1748,1911,0,3659
5450,1384,1538,0,2922
5451,1767,1403,0,3170
5452,1402,1144,0,2546
5453,1477,1733,0,3210
5454,1749,1155,0,2904
5455,1823,1992,0,3815
5456,1078,1997,0,3075
5457,1706,1428,0,3134
5458,1973,1937,0,3910
5459,1488,1764,0,3252
5460,1323,1536,0,2859
5461,1609,1418,0,3027
5462,1805,1606,0,3411
5463,1532,1733,0,3265
5464,1799,1415,0,3214
5465,1942,1861,0,3803
5466,1867,1725,0,3592
5467,1651,1566,0,3217
5468,1739,1141,0,2880
5469,1377,1924,0,3301
5470,1757,1383,0,3140
5471,1481,1441,0,2922
5472,1607,1892,0,3499
5473,1330,1469,0,2799
5474,1398,1966,0,3364
5475,1228,1683,0,2911
5476,1432,1125,0,2557
5477,1776,1338,0,3114
5478,1400,1197,0,2597
5479,1153,1530,0,2683
5480,1469,1494,0,2963
5481,1964,1242,0,3206
5482,1046,1054,0,2100
5483,1651,1138,0,2789
5484,1767,1657,0,3424
5485,1691,1967,0,3658
5486,1360,1752,0,3112
5487,1031,1127,0,2158
5488,1472,1945,0,3417
5489,1845,1194,0,3039
5490,1799,1611,0,3410
5491,1839,1059,0,2898
5492,1774,1044,0,2818
5493,1425,1991,0,3416
5494,1010,1633,0,2643
5495,1302,1304,0,2606
5496,1487,1698,0,3185
5497,1690,1298,0,2988
5498,1162,1864,0,3026
5499,1409,1772,0,3181
5500,1915,1807,0,3722
5501,1519,1694,0,3213
5502,1427,1648,0,3075
5503,1797,1971,0,3768
5504,1670,1160,0,2830
5505,1408,1190,0,2598
5506,1161,1335,0,2496
5507,1183,1212,0,2395
5508,1459,1748,0,3207
5509,1906,1539,0,3445
5510,1218,1669,0,2887
5511,1220,1241,0,2461
5512,1266,1708,0,2974
5513,1209,1286,0,2495
5514,1492,1444,0,2936
5515,1641,1211,0,2852
5516,1166,1639,0,2805
5517,1293,1564,0,2857
5518,1157,1442,0,2599
5519,1906,1777,0,3683
5520,1076,1052,0,2128
5521,1277,1173,0,2450
5522,1052,1844,0,2896
5523,1607,1979,0,3586
5524,1726,1245,0,2971
5525,1204,1283,0,2487
5526,1789,1245,0,3034
5527,1624,1436,0,3060
5528,1468,1972,0,3440
5529,1486,1592,0,3078
5530,1984,1695,0,3679
5531,1955,1174,0,3129
5532,1160,1234,0,2394
5533,1396,1788,0,3184
5534,1037,1087,0,2124
5535,1242,1228,0,2470
5536,1396,1160,0,2556
5537,1025,1750,0,2775
5538,1589,1103,0,2692
5539,1526,1229,0,2755
5540,1567,1521,0,3088
5541,1521,1865,0,3386
5542,1611,1360,0,2971
5543,1617,1932,0,3549
5544,1421,1180,0,2601
5545,1689,1135,0,2824
5546,1425,1920,0,3345
5547,1838,1889,0,3727
5548,1792,1162,0,2954
5549,1778,1840,0,3618
5550,1965,1391,0,3356
5551,1138,1105,0,2243
5552,1165,1101,0,2266
5553,1763,1505,0,3268
5554,1334,1742,0,3076
5555,1008,1457,0,2465
5556,1201,1025,0,2226
5557,1343,1680,0,3023
5558,1485,1316,0,2801
5559,1297,1517,0,2814
5560,1801,1211,0,3012
5561,1335,1587,0,2922
5562,1215,1430,0,2645
5563,1877,1693,0,3570
5564,1069,1050,0,2119
5565,1185,1529,0,2714
5566,1442,1324,0,2766
5567,1383,1699,0,3082
5568,1689,1007,0,2696
5569,1683,1580,0,3263
5570,1230,1895,0,3125
5571,1344,1646,0,2990
5572,1838,1945,0,3783
5573,1151,1548,0,2699
5574,1651,1655,0,3306
5575,1918,1567,0,3485
5576,1168,1589,0,2757
5577,1899,1955,0,3854
5578,1134,1243,0,2377
5579,1299,1535,0,2834
5580,1974,1846,0,3820
5581,1594,1276,0,2870
5582,1797,1556,0,3353
5583,1223,1715,0,2938
5584,1691,1335,0,3026
5585,1357,1290,0,2647
5586,1343,1337,0,2680
5587,1642,1533,0,3175
5588,1689,1324,0,3013
5589,1835,1635,0,3470
5590,1073,1921,0,2994
5591,1735,1290,0,3025
5592,1691,1407,0,3098
5593,1404,1524,0,2928
5594,1597,1686,0,3283
5595,1865,1450,0,3315
5596,1477,1587,0,3064
5597,1439,1088,0,2527
5598,1734,1297,0,3031
5599,1531,1121,0,2652
5600,1737,1341,0,3078
5601,1992,1541,0,3533
5602,1859,1002,0,2861
5603,1013,1476,0,2489
5604,1136,1543,0,2679
5605,1650,1916,0,3566
5606,1641,1758,0,3399
5607,1656,1712,0,3368
5608,1025,1785,0,2810
5609,1230,1246,0,2476
5610,1242,1167,0,2409
5611,1773,1634,0,3407
5612,1214,1712,0,2926
5613,1143,1890,0,3033
5614,1147,1712,0,2859
5615,1847,1984,0,3831
5616,1588,1763,0,3351
5617,1484,1012,0,2496
5618,1978,1437,0,3415
5619,1295,1983,0,3278
5620,1535,1979,0,3514
5621,1969,1011,0,2980
5622,1224,1109,0,2333
5623,1821,1367,0,3188
5624,1295,1515,0,2810
5625,1775,1889,0,3664
5626,1486,1199,0,2685
5627,1834,1821,0,3655
5628,1581,1659,0,3240
5629,1701,1158,0,2859
5630,1746,1234,0,2980
5631,1828,1911,0,3739
5632,1089,1813,0,2902
5633,1055,1580,0,2635
5634,1943,1824,0,3767
5635,1034,1738,0,2772
5636,1998,1559,0,3557
5637,1121,1426,0,2547
5638,1873,1726,0,3599
5639,1625,1424,0,3049
5640,1432,1166,0,2598
5641,1614,1507,0,3121
5642,1279,1537,0,2816
5643,1022,1955,0,2977
5644,1983,1350,0,3333
5645,1030,1499,0,2529
5646,1979,1138,0,3117
5647,1036,1308,0,2344
5648,1686,1338,0,3024
5649,1672,1619,0,3291
5650,1976,1544,0,3520
5651,1769,1592,0,3361
5652,1563,1253,0,2816
5653,1160,1984,0,3144
5654,1629,1508,0,3137
5655,1254,1351,0,2605
5656,1087,1120,0,2207
5657,1925,1215,0,3140
5658,1969,1446,0,3415
5659,1457,1957,0,3414
5660,1375,1352,0,2727
5661,1381,1338,0,2719
5662,1261,1264,0,2525
5663,1634,1525,0,3159
5664,1054,2000,0,3054
5665,1080,1412,0,2492
5666,1889,1741,0,3630
5667,1596,1775,0,3371
5668,1662,1448,0,3110
5669,1851,1718,0,3569
5670,1773,1109,0,2882
5671,1010,1563,0,2573
5672,1824,1449,0,3273
5673,1319,1797,0,3116
5674,1597,1627,0,3224
5675,1454,1857,0,3311
5676,1606,1234,0,2840
5677,1556,1966,0,3522
5678,1096,1118,0,2214
5679,1567,1833,0,3400
5680,1282,1526,0,2808
5681,1737,1918,0,3655
5682,1586,1203,0,2789
5683,1576,1860,0,3436
5684,1766,1527,0,3293
5685,1273,1144,0,2417
5686,1186,1132,0,2318
5687,1001,1853,0,2854
5688,1043,1757,0,2800
5689,1626,1876,0,3502
5690,1599,1374,0,2973
5691,1814,1696,0,3510
5692,1897,1076,0,2973
5693,1240,1257,0,2497
5694,1663,1203,0,2866
5695,1847,1943,0,3790
5696,1258,1327,0,2585
5697,1160,1565,0,2725
5698,1274,1259,0,2533
5699,1976,1933,0,3909
5700,1319,1897,0,3216
5701,1642,1872,0,3514
5702,1267,1892,0,3159
5703,1323,1708,0,3031
5704,1514,1046,0,2560
5705,1023,1344,0,2367
5706,1198,1183,0,2381
5707,1449,1759,0,3208
5708,1306,1025,0,2331
5709,1126,1381,0,2507
5710,1562,1917,0,3479
5711,1517,1747,0,3264
5712,1791,1477,0,3268
5713,1297,1558,0,2855
5714,1722,1600,0,3322
5715,1900,1707,0,3607
5716,1503,1250,0,2753
5717,1503,1131,0,2634
5718,1446,1256,0,2702
5719,1460,1563,0,3023
5720,1387,1968,0,3355
5721,1299,1622,0,2921
5722,1999,1401,0,3400
5723,1429,1554,0,2983
5724,1567,1520,0,3087
5725,1104,1443,0,2547
5726,1524,1349,0,2873
5727,1456,1012,0,2468
5728,1069,1408,0,2477
5729,1018,1286,0,2304
5730,1804,1742,0,3546
5731,1963,1265,0,3228
5732,1167,1713,0,2880
5733,1126,1966,0,3092
5734,1480,1206,0,2686
5735,1744,1115,0,2859
5736,1992,1531,0,3523
5737,1686,1003,0,2689
5738,1549,1744,0,3293
5739,1270,1721,0,2991
5740,1575,1054,0,2629
5741,1479,1671,0,3150
5742,1651,1396,0,3047
5743,1086,1432,0,2518
5744,1222,1119,0,2341
5745,1781,1786,0,3567
5746,1917,1959,0,3876
5747,1705,1219,0,2924
5748,1169,1820,0,2989
5749,1771,1959,0,3730
5750,1208,1592,0,2800
5751,1586,1568,0,3154
5752,1767,1888,0,3655
5753,1404,1591,0,2995
5754,1122,1651,0,2773
5755,1848,1915,0,3763
5756,1539,1697,0,3236
5757,1507,1496,0,3003
5758,1789,1466,0,3255
5759,1109,1522,0,2631
5760,1544,1126,0,2670
5761,1355,1311,0,2666
5762,1800,1343,0,3143
5763,1682,1284,0,2966
5764,1868,1310,0,3178
5765,1408,1652,0,3060
5766,1667,1517,0,3184
5767,1000,1254,0,2254
5768,1079,1397,0,2476
5769,1421,1710,0,3131
5770,1553,1545,0,3098
5771,1151,1705,0,2856
5772,1070,1341,0,2411
5773,1820,1931,0,3751
5774,1372,1235,0,2607
5775,1684,1112,0,2796
5776,1565,1696,0,3261
5777,1255,1937,0,3192
5778,1144,1935,0,3079
5779,1751,1002,0,2753
5780,1239,1228,0,2467
5781,1934,1977,0,3911
5782,1823,1308,0,3131
5783,1927,1672,0,3599
5784,1237,1070,0,2307
5785,1806,1644,0,3450
5786,1291,1163,0,2454
5787,1904,1877,0,3781
5788,1656,1852,0,3508
5789,1283,1003,0,2286
5790,1809,1437,0,3246
5791,1422,1548,0,2970
5792,1166,1732,0,2898
5793,1361,1915,0,3276
5794,1717,1853,0,3570
5795,1427,1306,0,2733
5796,1703,1492,0,3195
5797,1658,1046,0,2704
5798,1292,1806,0,3098
5799,1932,1138,0,3070
5800,1286,1022,0,2308
5801,1564,1335,0,2899
5802,1933,1688,0,3621
5803,1866,1751,0,3617
5804,1008,1811,0,2819
5805,1394,1062,0,2456
5806,1190,1423,0,2613
5807,1464,1547,0,3011
5808,1755,1905,0,3660
5809,1634,1202,0,2836
5810,1172,1671,0,2843
5811,1824,1638,0,3462
5812,1113,1516,0,2629
5813,1195,1956,0,3151
5814,1589,1479,0,3068
5815,1271,1453,0,2724
5816,1314,1121,0,2435
5817,1574,1998,0,3572
5818,1803,1459,0,3262
5819,1064,1666,0,2730
5820,1478,1763,0,3241
5821,1559,1647,0,3206
5822,1553,1000,0,2553
5823,1079,1749,0,2828
5824,1981,1745,0,3726
5825,1095,1872,0,2967
5826,1219,1059,0,2278
5827,1006,1003,0,2009
5828,1079,1172,0,2251
5829,1923,1542,0,3465
5830,1813,1685,0,3498
5831,1411,1568,0,2979
5832,1087,1716,0,2803
5833,1179,1401,0,2580
5834,1361,1907,0,3268
5835,1711,1069,0,2780
5836,1954,1915,0,3869
5837,1234,1519,0,2753
5838,1016,1618,0,2634
5839,1056,1365,0,2421
5840,1257,1518,0,2775
5841,1464,1661,0,3125
5842,1015,1184,0,2199
5843,1394,1270,0,2664
5844,1704,1506,0,3210
5845,1706,1943,0,3649
5846,1692,1807,0,3499
5847,1589,1961,0,3550
5848,1429,1827,0,3256
5849,1667,1955,0,3622
5850,1199,1961,0,3160
5851,1651,1764,0,3415
5852,1475,1153,0,2628
5853,1421,1130,0,2551
5854,1244,1924,0,3168
5855,1738,1659,0,3397
5856,1056,1082,0,2138
5857,1969,1681,0,3650
5858,1085,1344,0,2429
5859,1315,1534,0,2849
5860,1596,1085,0,2681
5861,1671,1934,0,3605
5862,1424,1037,0,2461
5863,1417,1600,0,3017
5864,1127,1981,0,3108
5865,1348,1852,0,3200
5866,1773,1333,0,3106
5867,1846,1670,0,3516
5868,1965,1289,0,3254
5869,1514,1774,0,3288
5870,1463,1851,0,3314
5871,1986,1600,0,3586
5872,1564,1353,0,2917
5873,1549,1083,0,2632
5874,1711,1309,0,3020
5875,1391,1520,0,2911
5876,1604,1060,0,2664
5877,1518,1908,0,3426
5878,1628,1093,0,2721
5879,1763,1076,0,2839
5880,1947,1693,0,3640
5881,1659,1955,0,3614
5882,1531,1322,0,2853
5883,1639,1443,0,3082
5884,1163,1450,0,2613
5885,1527,1734,0,3261
5886,1953,1847,0,3800
5887,1315,1275,0,2590
5888,1436,1049,0,2485
5889,1189,1883,0,3072
5890,1589,1460,0,3049
5891,1051,1903,0,2954
5892,1391,1960,0,3351
5893,1434,1876,0,3310
5894,1705,1258,0,2963
5895,1898,1108,0,3006
5896,1443,1204,0,2647
5897,1351,1096,0,2447
5898,1757,1648,0,3405
5899,1258,1510,0,2768
5900,1877,1207,0,3084
5901,1072,1037,0,2109
5902,1416,1220,0,2636
5903,1185,1472,0,2657
5904,1008,1428,0,2436
5905,1761,1789,0,3550
5906,1397,1188,0,2585
5907,1436,1434,0,2870
5908,1838,1904,0,3742
5909,1198,1850,0,3048
5910,1527,1127,0,2654
5911,1178,1767,0,2945
5912,1124,1586,0,2710
5913,1994,1377,0,3371
5914,1984,1443,0,3427
5915,1203,1671,0,2874
5916,1193,1441,0,2634
5917,1421,1778,0,3199
5918,1656,1175,0,2831
5919,1339,1881,0,3220
5920,1635,1517,0,3152
5921,1305,1462,0,2767
5922,1409,1700,0,3109
5923,1704,1784,0,3488
5924,1735,1173,0,2908
5925,1523,1485,0,3008
5926,1539,1003,0,2542
5927,1869,1803,0,3672
5928,1162,1020,0,2182
5929,1279,1406,0,2685
5930,1698,1077,0,2775
5931,1281,1068,0,2349
5932,1222,1998,0,3220
5933,1282,1590,0,2872
5934,1660,1169,0,2829
5935,1931,1419,0,3350
5936,1176,1187,0,2363
5937,1487,1830,0,3317
5938,1620,1380,0,3000
5939,1955,1395,0,3350
5940,1478,1444,0,2922
5941,1168,1838,0,3006
5942,1258,1479,0,2737
5943,1975,1915,0,3890
5944,1203,1541,0,2744
5945,1093,1777,0,2870
5946,1918,1038,0,2956
5947,1958,1257,0,3215
5948,1260,1785,0,3045
5949,1217,1416,0,2633
5950,1201,1805,0,3006
5951,1362,1220,0,2582
5952,1783,1544,0,3327
5953,1892,1781,0,3673
5954,1367,1024,0,2391
5955,1482,1942,0,3424
5956,1005,1395,0,2400
5957,1777,1763,0,3540
5958,1773,1857,0,3630
5959,1224,1877,0,3101
5960,1300,1093,0,2393
5961,1368,1822,0,3190
5962,1715,1428,0,3143
5963,1721,1789,0,3510
5964,1254,1728,0,2982
5965,1648,1499,0,3147
5966,1076,1158,0,2234
5967,1877,1249,0,3126
5968,1755,1924,0,3679
5969,1761,1994,0,3755
5970,1622,1010,0,2632
5971,1775,1659,0,3434
5972,1291,1701,0,2992
5973,1329,1683,0,3012
5974,1280,1481,0,2761
5975,1561,1553,0,3114
5976,1835,1910,0,3745
5977,1533,1698,0,3231
5978,1647,1851,0,3498
5979,1065,1775,0,2840
5980,1897,1090,0,2987
5981,1143,1444,0,2587
5982,1423,1796,0,3219
5983,1786,1532,0,3318
5984,1254,1164,0,2418
5985,1743,1314,0,3057
5986,1391,1738,0,3129
5987,1763,1747,0,3510
5988,1694,1909,0,3603
5989,1476,1189,0,2665
5990,1921,1841,0,3762
5991,1639,1614,0,3253
5992,1609,1164,0,2773
5993,1975,1709,0,3684
5994,1729,1451,0,3180
5995,1248,1417,0,2665
5996,1010,1085,0,2095
5997,1250,1965,0,3215
5998,1346,1130,0,2476
5999,1619,1156,0,2775
6000,1538,1798,0,3336
6001,1418,1977,0,3395
6002,1312,1235,0,2547
6003,1812,1991,0,3803
6004,1706,1869,0,3575
6005,1532,1055,0,2587
6006,1002,1696,0,2698
6007,1032,1389,0,2421
6008,1333,1301,0,2634
6009,1319,1588,0,2907
6010,1343,1368,0,2711
6011,1974,1039,0,3013
6012,1564,1978,0,3542
6013,1796,1189,0,2985
6014,1242,1908,0,3150
6015,1461,1870,0,3331
6016,1891,1448,0,3339
6017,1008,1172,0,2180
6018,1854,1413,0,3267
6019,1962,1230,0,3192
6020,1425,1242,0,2667
6021,1571,1018,0,2589
6022,1493,1228,0,2721
6023,1588,1811,0,3399
6024,1432,1696,0,3128
6025,1662,1095,0,2757
6026,1677,1595,0,3272
6027,1280,1656,0,2936
6028,1231,1570,0,2801
6029,1537,1881,0,3418
6030,1775,1538,0,3313
6031,1592,1139,0,2731
6032,1526,1429,0,2955
6033,1517,1876,0,3393
6034,1653,1122,0,2775
6035,1751,1049,0,2800
6036,1529,1108,0,2637
6037,1195,1107,0,2302
6038,1327,1395,0,2722
6039,1458,1697,0,3155
6040,1885,1468,0,3353
6041,1680,1512,0,3192
6042,1590,1428,0,3018
6043,1926,1269,0,3195
6044,1314,1447,0,2761
6045,1769,1114,0,2883
6046,1122,1517,0,2639
6047,1484,1067,0,2551
6048,1130,1662,0,2792
6049,1230,1967,0,3197
6050,1066,1600,0,2666
6051,1281,1741,0,3022
6052,1817,1283,0,3100
6053,1240,1650,0,2890
6054,1035,1210,0,2245
6055,1878,1084,0,2962
6056,1969,1799,0,3768
6057,1777,1222,0,2999
6058,1516,1295,0,2811
6059,1340,1642,0,2982
6060,1661,1312,0,2973
6061,1442,1690,0,3132
6062,1245,1344,0,2589
6063,1947,1243,0,3190
6064,1422,1586,0,3008
6065,1526,1909,0,3435
6066,1385,1481,0,2866
6067,1004,1070,0,2074
6068,1948,1933,0,3881
6069,1565,1460,0,3025
6070,1126,1521,0,2647
6071,1904,1513,0,3417
6072,1847,1588,0,3435
6073,1507,1986,0,3493
6074,1036,1624,0,2660
6075,1141,1767,0,2908
6076,1189,1863,0,3052
6077,1786,1976,0,3762
6078,1928,1803,0,3731
6079,1001,1568,0,2569
6080,1319,1316,0,2635
6081,1560,1803,0,3363
6082,1975,1566,0,3541
6083,1200,1028,0,2228
6084,1598,1863,0,3461
6085,1332,1541,0,2873
6086,1916,1602,0,3518
6087,1835,1659,0,3494
6088,1535,1646,0,3181
6089,1826,1947,0,3773
6090,1931,1031,0,2962
6091,1059,1920,0,2979
6092,1287,1234,0,2521
6093,1274,1575,0,2849
6094,1940,1315,0,3255
6095,1949,1977,0,3926
6096,1657,1568,0,3225
6097,1608,1187,0,2795
6098,1128,1553,0,2681
6099,1693,1796,0,3489
6100,1198,1158,0,2356
6101,1746,1725,0,3471
6102,1263,1842,0,3105
6103,1617,1470,0,3087
6104,1789,1458,0,3247
6105,1945,1783,0,3728
6106,1413,1735,0,3148
6107,1617,1478,0,3095
6108,1518,1372,0,2890
6109,1344,1466,0,2810
6110,1284,1645,0,2929
6111,1404,1889,0,3293
6112,1012,1528,0,2540
6113,1641,1773,0,3414
6114,1430,1483,0,2913
6115,1698,1773,0,3471
6116,1358,1587,0,2945
6117,1244,1844,0,3088
6118,1330,1977,0,3307
6119,1791,1694,0,3485
6120,1494,1497,0,2991
6121,1597,1928,0,3525
6122,1568,1169,0,2737
6123,1985,1353,0,3338
6124,1834,1121,0,2955
6125,1445,1588,0,3033
6126,1272,1822,0,3094
6127,1546,1045,0,2591
6128,1805,1162,0,2967
6129,1781,1982,0,3763
6130,1623,1148,0,2771
6131,1982,1404,0,3386
6132,1792,1695,0,3487
6133,1294,1883,0,3177
6134,1126,1313,0,2439
6135,1841,1572,0,3413
6136,1596,1535,0,3131
6137,1027,1494,0,2521
6138,1964,1502,0,3466
6139,1785,1322,0,3107
6140,1744,1927,0,3671
6141,1669,1807,0,3476
6142,1917,1686,0,3603
6143,1486,1439,0,2925
6144,1796,1933,0,3729
6145,1398,1572,0,2970
6146,1085,1017,0,2102
6147,1439,1053,0,2492
6148,1742,1580,0,3322
6149,1354,1033,0,2387
6150,1563,1040,0,2603
6151,1662,1878,0,3540
6152,1865,1075,0,2940
6153,1205,1475,0,2680
6154,1079,1101,0,2180
6155,1263,1866,0,3129
6156,1751,1465,0,3216
6157,1478,1255,0,2733
6158,1172,1029,0,2201
6159,1467,1647,0,3114
6160,1729,1381,0,3110
6161,1944,1514,0,3458
6162,1015,1293,0,2308
6163,1054,1440,0,2494
6164,1867,1873,0,3740
6165,1118,1764,0,2882
6166,1361,1119,0,2480
6167,1455,1257,0,2712
6168,1615,1827,0,3442
6169,1357,1996,0,3353
6170,1473,1921,0,3394
6171,1344,1865,0,3209
6172,1916,1698,0,3614
6173,1792,1865,0,3657
6174,1864,1143,0,3007
6175,1202,1780,0,2982
6176,1163,1450,0,2613
6177,1579,1116,0,2695
6178,1841,1741,0,3582
6179,1868,1121,0,2989
6180,1121,1771,0,2892
6181,1944,1290,0,3234
6182,1935,1956,0,3891
6183,1868,1102,0,2970
6184,1387,1577,0,2964
6185,1451,1240,0,2691
6186,1964,1542,0,3506
6187,1899,1473,0,3372
6188,1400,1425,0,2825
6189,1447,1204,0,2651
6190,1045,1108,0,2153
6191,1203,1423,0,2626
6192,1801,1959,0,3760
6193,1591,1437,0,3028
6194,1421,1537,0,2958
6195,1826,1466,0,3292
6196,1517,1841,0,3358
6197,1860,1325,0,3185
6198,1771,1050,0,2821
6199,1266,1754,0,3020
6200,1622,1394,0,3016
6201,1457,1068,0,2525
6202,1866,1372,0,3238
6203,1833,1361,0,3194
6204,1177,1875,0,3052
6205,1100,1550,0,2650
6206,1113,1060,0,2173
6207,1759,1381,0,3140
6208,1044,1648,0,2692
6209,1147,1375,0,2522
6210,1007,1651,0,2658
6211,1885,1554,0,3439
6212,1891,1195,0,3086
6213,1884,1271,0,3155
6214,1683,1559,0,3242
6215,1468,1613,0,3081
6216,1529,1136,0,2665
6217,1323,1798,0,3121
6218,1310,1193,0,2503
6219,1397,1224,0,2621
6220,1084,1666,0,2750
6221,1130,1361,0,2491
6222,1496,1043,0,2539
6223,1895,1845,0,3740
6224,1135,1575,0,2710
6225,1851,1788,0,3639
6226,1222,1894,0,3116
6227,1845,1618,0,3463
6228,1386,1615,0,3001
6229,1625,1562,0,3187
6230,1795,1648,0,3443
6231,1490,1437,0,2927
6232,1029,1986,0,3015
6233,1368,1942,0,3310
6234,1468,1358,0,2826
6235,1978,1180,0,3158
6236,1441,1766,0,3207
6237,1025,1974,0,2999
6238,1006,1949,0,2955
6239,1136,1454,0,2590
6240,1539,1409,0,2948
6241,1576,1985,0,3561
6242,1942,1594,0,3536
6243,1354,1856,0,3210
6244,1006,1403,0,2409
6245,1978,1539,0,3517
6246,1609,1903,0,3512
6247,1390,1557,0,2947
6248,1631,1231,0,2862
6249,1258,1025,0,2283
6250,1898,1722,0,3620
6251,1713,1097,0,2810
6252,1909,1175,0,3084
6253,1063,1293,0,2356
6254,1457,1030,0,2487
6255,1952,1247,0,3199
6256,1491,1934,0,3425
6257,1665,1264,0,2929
6258,1274,1164,0,2438
6259,1735,1591,0,3326
6260,1970,1290,0,3260
6261,1710,1421,0,3131
6262,1744,1585,0,3329
6263,1302,1115,0,2417
6264,1903,1347,0,3250
6265,1358,1904,0,3262
6266,1354,1376,0,2730
6267,1576,1462,0,3038
6268,1530,1067,0,2597
6269,1931,1987,0,3918
6270,1747,1362,0,3109
6271,1781,1251,0,3032
6272,1883,1218,0,3101
6273,1880,1405,0,3285
6274,1607,1809,0,3416
6275,1043,1096,0,2139
6276,1479,1132,0,2611
6277,1665,1482,0,3147
6278,1567,1270,0,2837
6279,1415,1598,0,3013
6280,1952,1206,0,3158
6281,1021,1703,0,2724
6282,1073,1874,0,2947
6283,1619,1279,0,2898
6284,1401,1050,0,2451
6285,1453,1137,0,2590
6286,1659,1401,0,3060
6287,1256,1239,0,2495
6288,1698,1490,0,3188
6289,1588,1759,0,3347
6290,1406,1643,0,3049
6291,1038,1428,0,2466
6292,1850,1674,0,3524
6293,1118,1058,0,2176
6294,1922,1500,0,3422
6295,1836,1585,0,3421
6296,1887,1764,0,3651
6297,1146,1958,0,3104
6298,1783,1937,0,3720
6299,1979,1706,0,3685
6300,1815,1548,0,3363
6301,1460,1807,0,3267
6302,1835,1308,0,3143
6303,1188,1512,0,2700
6304,1995,1036,0,3031
6305,1589,1125,0,2714
6306,1776,1122,0,2898
6307,1727,1040,0,2767
6308,1138,1665,0,2803
6309,1888,1511,0,3399
6310,1358,1827,0,3185
6311,1197,1028,0,2225
6312,1232,1517,0,2749
6313,1278,1225,0,2503
6314,1157,1175,0,2332
6315,1683,1825,0,3508
6316,1449,1024,0,2473
6317,1906,1729,0,3635
6318,1137,1601,0,2738
6319,1851,1789,0,3640
6320,1224,1193,0,2417
6321,1914,1658,0,3572
6322,1502,1905,0,3407
6323,1438,1366,0,2804
6324,1817,1292,0,3109
6325,1538,1476,0,3014
6326,1631,1771,0,3402
6327,1560,1061,0,2621
6328,1850,1654,0,3504
6329,1065,1696,0,2761
6330,1203,1357,0,2560
6331,1936,1654,0,3590
6332,1437,1139,0,2576
6333,1920,1759,0,3679
6334,1197,1298,0,2495
6335,1705,1307,0,3012
6336,1917,1575,0,3492
6337,1267,1390,0,2657
6338,1177,1226,0,2403
6339,1859,1538,0,3397
6340,1377,1233,0,2610
6341,1082,1846,0,2928
6342,1314,1825,0,3139
6343,1589,1649,0,3238
6344,1555,1118,0,2673
6345,1518,1847,0,3365
6346,1341,1289,0,2630
6347,1525,1794,0,3319
6348,1540,1878,0,3418
6349,1441,1161,0,2602
6350,1128,1765,0,2893
6351,1864,1163,0,3027
6352,1813,1520,0,3333
6353,1505,1326,0,2831
6354,1162,1929,0,3091
6355,1907,1629,0,3536
6356,1692,1691,0,3383
6357,1115,1575,0,2690
6358,1356,1295,0,2651
6359,1047,1985,0,3032
6360,1864,1969,0,3833
6361,1554,1306,0,2860
6362,1185,1660,0,2845
6363,1773,1102,0,2875
6364,1321,1649,0,2970
6365,1781,1262,0,3043
6366,1973,1044,0,3017
6367,1221,1046,0,2267
6368,1337,1080,0,2417
6369,1134,1525,0,2659
6370,1493,1315,0,2808
6371,1340,1716,0,3056
6372,1100,1270,0,2370
6373,1567,1597,0,3164
6374,1996,1138,0,3134
6375,1570,1282,0,2852
6376,1636,1933,0,3569
6377,1293,1746,0,3039
6378,1586,1302,0,2888
6379,1576,1873,0,3449
6380,1318,1741,0,3059
6381,1802,1300,0,3102
6382,1454,1396,0,2850
6383,1343,1582,0,2925
6384,1229,1644,0,2873
6385,1528,1640,0,3168
6386,1823,1997,0,3820
6387,1187,1500,0,2687
6388,1107,1674,0,2781
6389,1927,1029,0,2956
6390,1170,1493,0,2663
6391,1443,1920,0,3363
6392,1043,1662,0,2705
6393,1793,1586,0,3379
6394,1176,1447,0,2623
6395,1234,1335,0,2569
6396,1949,1361,0,3310
6397,1101,1849,0,2950
6398,1150,1302,0,2452
6399,1055,1705,0,2760
6400,1096,1423,0,2519
6401,1073,1522,0,2595
6402,1892,1063,0,2955
6403,1409,1984,0,3393
6404,1540,1614,0,3154
6405,1032,1355,0,2387
6406,1186,1703,0,2889
6407,1138,1081,0,2219
6408,1686,1463,0,3149
6409,1031,1263,0,2294
6410,1991,1759,0,3750
6411,1416,1913,0,3329
6412,1593,1841,0,3434
6413,1562,1587,0,3149
6414,1171,1554,0,2725
6415,1314,1401,0,2715
6416,1515,1050,0,2565
6417,1619,1156,0,2775
6418,1906,1954,0,3860
6419,1371,1334,0,2705
6420,1519,1401,0,2920
6421,1601,1201,0,2802
6422,1327,1296,0,2623
6423,1363,1892,0,3255
6424,1535,1483,0,3018
6425,1948,1962,0,3910
6426,1410,1600,0,3010
6427,1361,1886,0,3247
6428,1226,1621,0,2847
6429,1942,1069,0,3011
6430,1047,1553,0,2600
6431,1849,1741,0,3590
6432,1260,1237,0,2497
6433,1674,1468,0,3142
6434,1312,1893,0,3205
6435,1421,1780,0,3201
6436,1545,1240,0,2785
6437,1266,1260,0,2526
6438,1139,1348,0,2487
6439,1358,1666,0,3024
6440,1341,1005,0,2346
6441,1182,1270,0,2452
6442,1635,1721,0,3356
6443,1447,1220,0,2667
6444,1923,1769,0,3692
6445,1676,1874,0,3550
6446,1985,1666,0,3651
6447,1459,1861,0,3320
6448,1099,1484,0,2583
6449,1132,1343,0,2475
6450,1323,1240,0,2563
6451,1938,1704,0,3642
6452,1551,1302,0,2853
6453,1631,1446,0,3077
6454,1344,1181,0,2525
6455,1820,1302,0,3122
6456,1621,1747,0,3368
6457,1399,1062,0,2461
6458,1299,1067,0,2366
6459,1708,1762,0,3470
6460,1780,1371,0,3151
6461,1911,1276,0,3187
6462,1314,1438,0,2752
6463,1776,1620,0,3396
6464,1300,1577,0,2877
6465,1139,1279,0,2418
6466,1436,1100,0,2536
6467,1130,1704,0,2834
6468,1762,1316,0,3078
6469,1301,1479,0,2780
6470,1629,1473,0,3102
6471,1669,1351,0,3020
6472,1352,1804,0,3156
6473,1771,1797,0,3568
6474,1305,1806,0,3111
6475,1176,1630,0,2806
6476,1677,1700,0,3377
6477,1036,1849,0,2885
6478,1806,1697,0,3503
6479,1769,1047,0,2816
6480,1984,1060,0,3044
6481,1818,1330,0,3148
6482,1991,1065,0,3056
6483,1066,1830,0,2896
6484,1188,1166,0,2354
6485,1007,1854,0,2861
6486,1359,1267,0,2626
6487,1162,1693,0,2855
6488,1912,1467,0,3379
6489,1914,1185,0,3099
6490,1863,1561,0,3424
6491,1229,1019,0,2248
6492,1141,1935,0,3076
6493,1296,1676,0,2972
6494,1138,1938,0,3076
6495,1265,1098,0,2363
6496,1504,1298,0,2802
6497,1936,1122,0,3058
6498,1623,1778,0,3401
6499,1256,1259,0,2515
6500,1873,1314,0,3187
6501,1096,1568,0,2664
6502,1096,1784,0,2880
6503,1337,1299,0,2636
6504,1917,1418,0,3335
6505,1599,1369,0,2968
6506,1110,1685,0,2795
6507,1975,1902,0,3877
6508,1340,1764,0,3104
6509,1878,1528,0,3406
6510,1553,1895,0,3448
6511,1066,1076,0,2142
6512,1880,1881,0,3761
6513,1435,1380,0,2815
6514,1154,1390,0,2544
6515,1783,1390,0,3173
6516,1494,1277,0,2771
6517,1057,1069,0,2126
6518,1827,1793,0,3620
6519,1808,1050,0,2858
6520,1015,1799,0,2814
6521,1234,1592,0,2826
6522,1543,1262,0,2805
6523,1100,1702,0,2802
6524,1922,1532,0,3454
6525,1991,1120,0,3111
6526,1735,1520,0,3255
6527,1396,1201,0,2597
6528,1107,1273,0,2380
6529,1668,1034,0,2702
6530,1434,1777,0,3211
6531,1759,1532,0,3291
6532,1068,1621,0,2689
6533,1315,1342,0,2657
6534,1382,1764,0,3146
6535,1886,1031,0,2917
6536,1989,1774,0,3763
6537,1741,1133,0,2874
6538,1076,1896,0,2972
6539,1516,1944,0,3460
6540,1569,1786,0,3355
6541,1661,1349,0,3010
6542,1557,1343,0,2900
6543,1092,1632,0,2724
6544,1303,1310,0,2613
6545,1864,1504,0,3368
6546,1997,1616,0,3613
6547,1022,1366,0,2388
6548,1425,1185,0,2610
6549,1650,1770,0,3420
6550,1552,1625,0,3177
6551,1957,1160,0,3117
6552,1306,1171,0,2477
6553,1287,1036,0,2323
6554,1952,1605,0,3557
6555,1318,1107,0,2425
6556,1707,1559,0,3266
6557,1490,1920,0,3410
6558,1575,1519,0,3094
6559,1513,1388,0,2901
6560,1674,1410,0,3084
6561,1495,1182,0,2677
6562,1015,1250,0,2265
6563,1593,1180,0,2773
6564,1126,1395,0,2521
6565,1526,1716,0,3242
6566,1270,1201,0,2471
6567,1986,1463,0,3449
6568,1270,1428,0,2698
6569,1754,1714,0,3468
6570,1329,1459,0,2788
6571,1596,1135,0,2731
6572,1176,1249,0,2425
6573,1391,1663,0,3054
6574,1055,1522,0,2577
6575,1017,1309,0,2326
6576,1128,1451,0,2579
6577,1346,1580,0,2926
6578,1019,1997,0,3016
6579,1844,1731,0,3575
6580,1874,1811,0,3685
6581,1781,1118,0,2899
6582,1511,1486,0,2997
6583,1368,1844,0,3212
6584,1069,1475,0,2544
6585,1239,1540,0,2779
6586,1193,1922,0,3115
6587,1500,1256,0,2756
6588,1740,1257,0,2997
6589,1991,1056,0,3047
6590,1836,1371,0,3207
6591,1833,1836,0,3669
6592,1295,1848,0,3143
6593,1320,1538,0,2858
6594,1037,1882,0,2919
6595,1857,1547,0,3404
6596,1056,1694,0,2750
6597,1661,1550,0,3211
6598,1538,1618,0,3156
6599,1866,1914,0,3780
6600,1421,1179,0,2600
6601,1112,1476,0,2588
6602,1262,1913,0,3175
6603,1658,1108,0,2766
6604,1244,1906,0,3150
6605,1860,1632,0,3492
6606,1016,1697,0,2713
6607,1437,1009,0,2446
6608,1341,1274,0,2615
6609,1081,1079,0,2160
6610,1798,1062,0,2860
6611,1031,1539,0,2570
6612,1380,1850,0,3230
6613,1988,1326,0,3314
6614,1904,1018,0,2922
6615,1049,1029,0,2078
6616,1508,1679,0,3187
6617,1248,1094,0,2342
6618,1325,1251,0,2576
6619,1086,1323,0,2409
6620,1500,1957,0,3457
6621,1657,1403,0,3060
6622,1018,1170,0,2188
6623,1180,1282,0,2462
6624,1044,1741,0,2785
6625,1325,1894,0,3219
6626,1625,1877,0,3502
6627,1068,1060,0,2128
6628,1076,1182,0,2258
6629,1903,1258,0,3161
6630,1375,1908,0,3283
6631,1162,1332,0,2494
6632,1313,1513,0,2826
6633,1831,1309,0,3140
6634,1786,1614,0,3400
6635,1673,1327,0,3000
6636,1891,1293,0,3184
6637,1319,1026,0,2345
6638,1687,1967,0,3654
6639,1467,1229,0,2696
6640,1259,1049,0,2308
6641,1391,1933,0,3324
6642,1795,1683,0,3478
6643,1727,1813,0,3540
6644,1141,1487,0,2628
6645,1460,1395,0,2855
6646,1316,1496,0,2812
6647,1600,1137,0,2737
6648,1115,1490,0,2605
6649,1539,1645,0,3184
6650,1768,1498,0,3266
6651,1229,1547,0,2776
6652,1833,1807,0,3640
6653,1150,1265,0,2415
6654,1209,1899,0,3108
6655,1115,1996,0,3111
6656,1031,1004,0,2035
6657,1837,1468,0,3305
6658,1275,1252,0,2527
6659,1569,1287,0,2856
6660,1196,1598,0,2794
6661,1385,1958,0,3343
6662,1875,1964,0,3839
6663,1475,1962,0,3437
6664,1554,1828,0,3382
6665,1869,1725,0,3594
6666,1170,1760,0,2930
6667,1082,1591,0,2673
6668,1014,1872,0,2886
6669,1915,1884,0,3799
6670,1695,1249,0,2944
6671,1909,1083,0,2992
6672,1467,1071,0,2538
6673,1262,1639,0,2901
6674,1069,1345,0,2414
6675,1329,1257,0,2586
6676,1387,1747,0,3134
6677,1901,1338,0,3239
6678,1574,1036,0,2610
6679,1110,1001,0,2111
6680,1138,1146,0,2284
6681,1473,1428,0,2901
6682,1803,1487,0,3290
6683,1322,1749,0,3071
6684,1631,1759,0,3390
6685,1956,1763,0,3719
6686,1472,1164,0,2636
6687,1500,1444,0,2944
6688,1400,1814,0,3214
6689,1747,1697,0,3444
6690,1093,1073,0,2166
6691,1109,1765,0,2874
6692,1750,1931,0,3681
6693,1919,1506,0,3425
6694,1822,1320,0,3142
6695,1609,1367,0,2976
6696,1643,1260,0,2903
6697,1432,1244,0,2676
6698,1107,1420,0,2527
6699,1703,1742,0,3445
6700,1609,1437,0,3046
6701,1340,1312,0,2652
6702,1257,1272,0,2529
6703,1339,1383,0,2722
6704,1305,1599,0,2904
6705,1113,1558,0,2671
6706,1836,1369,0,3205
6707,1429,1691,0,3120
6708,1893,1167,0,3060
6709,1556,1624,0,3180
6710,1259,1075,0,2334
6711,1375,1198,0,2573
6712,1381,1396,0,2777
6713,1960,1232,0,3192
6714,1883,1315,0,3198
6715,1417,1179,0,2596
6716,1713,1429,0,3142
6717,1710,1819,0,3529
6718,1795,1435,0,3230
6719,1693,1301,0,2994
6720,1128,1630,0,2758
6721,1603,1625,0,3228
6722,1105,1641,0,2746
6723,1696,1263,0,2959
6724,1594,1556,0,3150
6725,1642,1010,0,2652
6726,1403,1741,0,3144
6727,1705,1621,0,3326
6728,1464,1305,0,2769
6729,1925,1728,0,3653
6730,1858,1788,0,3646
6731,1355,1222,0,2577
6732,1646,1870,0,3516
6733,1124,1303,0,2427
6734,1252,1011,0,2263
6735,1711,1974,0,3685
6736,1441,1488,0,2929
6737,1262,1484,0,2746
6738,1486,1947,0,3433
6739,1478,1120,0,2598
6740,1991,1556,0,3547
6741,1311,1610,0,2921
6742,1686,1291,0,2977
6743,1627,1358,0,2985
6744,1235,1970,0,3205
6745,1534,1107,0,2641
6746,1965,1283,0,3248
6747,1768,1896,0,3664
6748,1275,1587,0,2862
6749,1255,1667,0,2922
6750,1007,1283,0,2290
6751,1579,1851,0,3430
6752,1552,1108,0,2660
6753,1017,1633,0,2650
6754,1117,1629,0,2746
6755,1295,1600,0,2895
6756,1709,1242,0,2951
6757,1302,1593,0,2895
6758,1999,1625,0,3624
6759,1654,1522,0,3176
6760,1666,1403,0,3069
6761,1675,1405,0,3080
6762,1498,1034,0,2532
6763,1173,1516,0,2689
6764,1569,1479,0,3048
6765,1984,1323,0,3307
6766,1997,1435,0,3432
6767,1640,1422,0,3062
6768,1012,1533,0,2545
6769,1148,1995,0,3143
6770,1958,1368,0,3326
6771,1704,1855,0,3559
6772,1882,1129,0,3011
6773,1238,1041,0,2279
6774,1744,1919,0,3663
6775,1115,1840,0,2955
6776,1076,1301,0,2377
6777,1213,1642,0,2855
6778,1516,1812,0,3328
6779,1983,1110,0,3093
6780,1997,1518,0,3515
6781,1493,1835,0,3328
6782,1161,1931,0,3092
6783,1144,1466,0,2610
6784,1174,1923,0,3097
6785,1922,1502,0,3424
6786,1395,1715,0,3110
6787,1748,1965,0,3713
6788,1880,1205,0,3085
6789,1784,1927,0,3711
6790,1458,1348,0,2806
6791,1378,1468,0,2846
6792,1048,1890,0,2938
6793,1366,1504,0,2870
6794,1039,1249,0,2288
6795,1618,1964,0,3582
6796,1877,1197,0,3074
6797,1115,1490,0,2605
6798,1432,1023,0,2455
6799,1213,1495,0,2708
6800,1899,1680,0,3579
6801,1577,1198,0,2775
6802,1403,1219,0,2622
6803,1251,1040,0,2291
6804,1772,1721,0,3493
6805,1776,1397,0,3173
6806,1931,1566,0,3497
6807,1868,1797,0,3665
6808,1853,1815,0,3668
6809,1715,1644,0,3359
6810,1023,1385,0,2408
6811,1547,1057,0,2604
6812,1065,1739,0,2804
6813,1461,1120,0,2581
6814,1556,1103,0,2659
6815,1032,1208,0,2240
6816,1300,1798,0,3098
6817,1468,1686,0,3154
6818,1101,1210,0,2311
6819,1304,2000,0,3304
6820,1892,1732,0,3624
6821,1428,1595,0,3023
6822,1755,1955,0,3710
6823,1206,1697,0,2903
6824,1776,1696,0,3472
6825,1099,1174,0,2273
6826,1057,1732,0,2789
6827,1941,1739,0,3680
6828,1443,1548,0,2991
6829,1496,1964,0,3460
6830,1320,1743,0,3063
6831,1861,1152,0,3013
6832,1591,1028,0,2619
6833,1305,1624,0,2929
6834,1490,1775,0,3265
6835,1917,1329,0,3246
6836,1701,1631,0,3332
6837,1937,1819,0,3756
6838,1031,1748,0,2779
6839,1935,1163,0,3098
6840,1284,1399,0,2683
6841,1246,1464,0,2710
6842,1363,1325,0,2688
6843,1090,1457,0,2547
6844,1021,1097,0,2118
6845,1303,1946,0,3249
6846,1459,1125,0,2584
6847,1060,1435,0,2495
6848,1633,1992,0,3625
6849,1149,1744,0,2893
6850,1626,1236,0,2862
6851,1045,1910,0,2955
6852,1433,1911,0,3344
6853,1811,1749,0,3560
6854,1655,1041,0,2696
6855,1073,1150,0,2223
6856,1985,1007,0,2992
6857,1909,1777,0,3686
6858,1191,1677,0,2868
6859,1964,1461,0,3425
6860,1171,1608,0,2779
6861,1103,1050,0,2153
6862,1605,1529,0,3134
6863,1869,1742,0,3611
6864,1105,1168,0,2273
6865,1556,1649,0,3205
6866,1814,1792,0,3606
6867,1764,1602,0,3366
6868,1506,1808,0,3314
6869,1905,1056,0,2961
6870,1394,1028,0,2422
6871,1281,1591,0,2872
6872,1912,1855,0,3767
6873,1442,1063,0,2505
6874,1057,1165,0,2222
6875,1162,1239,0,2401
6876,1789,1953,0,3742
6877,1580,1186,0,2766
6878,1252,1656,0,2908
6879,1840,1405,0,3245
6880,1690,1129,0,2819
6881,1309,1106,0,2415
6882,1414,1662,0,3076
6883,1745,1667,0,3412
6884,1708,1994,0,3702
6885,1669,1026,0,2695
6886,1113,1137,0,2250
6887,1966,1502,0,3468
6888,1233,1726,0,2959
6889,1620,1120,0,2740
6890,1911,1425,0,3336
6891,1413,1822,0,3235
6892,1113,1469,0,2582
6893,1908,1843,0,3751
6894,1009,1249,0,2258
6895,1518,1516,0,3034
6896,1324,1614,0,2938
6897,1380,1041,0,2421
6898,1835,1114,0,2949
6899,1232,1246,0,2478
6900,1985,1239,0,3224
6901,1724,1906,0,3630
6902,1529,1081,0,2610
6903,1873,1158,0,3031
6904,1783,1399,0,3182
6905,1620,1010,0,2630
6906,1621,1526,0,3147
6907,1308,1984,0,3292
6908,1014,1327,0,2341
6909,1035,1936,0,2971
6910,1569,1034,0,2603
6911,1431,1045,0,2476
6912,1902,1998,0,3900
6913,1455,1853,0,3308
6914,1495,1466,0,2961
6915,1491,1892,0,3383
6916,1053,1025,0,2078
6917,1441,1284,0,2725
6918,1416,1010,0,2426
6919,1054,1817,0,2871
6920,1618,1246,0,2864
6921,1600,1968,0,3568
6922,1273,1311,0,2584
6923,1549,1481,0,3030
6924,1358,1192,0,2550
6925,1191,1269,0,2460
6926,1559,1904,0,3463
6927,1875,1287,0,3162
6928,1270,1377,0,2647
6929,1282,1612,0,2894
6930,1634,1482,0,3116
6931,1596,1355,0,2951
6932,1721,1887,0,3608
6933,1569,1290,0,2859
6934,1615,1643,0,3258
6935,1507,1195,0,2702
6936,1841,1687,0,3528
6937,1591,1775,0,3366
6938,1424,1140,0,2564
6939,1839,1997,0,3836
6940,1507,1023,0,2530
6941,1368,1409,0,2777
6942,1772,1363,0,3135
6943,1061,1082,0,2143
6944,1996,1448,0,3444
6945,1703,1195,0,2898
6946,1632,1298,0,2930
6947,1198,1647,0,2845
6948,1843,1314,0,3157
6949,1600,1213,0,2813
6950,1413,1660,0,3073
6951,1994,1878,0,3872
6952,1446,1595,0,3041
6953,1659,1924,0,3583
6954,1134,1023,0,2157
6955,1552,1424,0,2976
6956,1073,1745,0,2818
6957,1748,1216,0,2964
6958,1661,1907,0,3568
6959,1851,1474,0,3325
6960,1384,1890,0,3274
6961,1445,1187,0,2632
6962,1429,1218,0,2647
6963,1972,1878,0,3850
6964,1258,1016,0,2274
6965,1946,1546,0,3492
6966,1423,1175,0,2598
6967,1279,1084,0,2363
6968,1060,1260,0,2320
6969,1031,1943,0,2974
6970,1758,1961,0,3719
6971,1559,1407,0,2966
6972,1940,1349,0,3289
6973,1758,1343,0,3101
6974,1908,1645,0,3553
6975,1392,1979,0,3371
6976,1374,1538,0,2912
6977,1353,1369,0,2722
6978,1096,1439,0,2535
6979,1097,1389,0,2486
6980,1783,1549,0,3332
6981,1882,1441,0,3323
6982,1981,1312,0,3293
6983,1495,1993,0,3488
6984,1669,1355,0,3024
6985,1050,1542,0,2592
6986,1504,1947,0,3451
6987,1326,1223,0,2549
6988,1886,1244,0,3130
6989,1435,1167,0,2602
6990,1672,1424,0,3096
6991,1597,1350,0,2947
6992,1362,1643,0,3005
6993,1532,1483,0,3015
6994,1999,1229,0,3228
6995,1851,1859,0,3710
6996,1423,1405,0,2828
6997,1373,1291,0,2664
6998,1985,1279,0,3264
6999,1088,1882,0,2970
7000,1050,1863,0,2913
7001,1724,1274,0,2998
7002,1337,1253,0,2590
7003,1696,1439,0,3135
7004,1746,1570,0,3316
7005,1852,1945,0,3797
7006,1234,1181,0,2415
7007,1484,1390,0,2874
7008,1509,1076,0,2585
7009,1077,1688,0,2765
7010,1854,1805,0,3659
7011,1807,1196,0,3003
7012,1112,1062,0,2174
7013,1757,1305,0,3062
7014,1563,1192,0,2755
7015,1856,1470,0,3326
7016,1540,1591,0,3131
7017,1459,1118,0,2577
7018,1717,1301,0,3018
7019,1258,1702,0,2960
7020,1721,1078,0,2799
7021,1652,1670,0,3322
7022,1995,1851,0,3846
7023,1332,1723,0,3055
7024,1889,1420,0,3309
7025,1414,1101,0,2515
7026,1077,1337,0,2414
7027,1570,1245,0,2815
7028,1489,1296,0,2785
7029,1681,1802,0,3483
7030,1022,1120,0,2142
7031,1261,1147,0,2408
7032,1085,1163,0,2248
7033,1801,1791,0,3592
7034,1873,1469,0,3342
7035,1728,1916,0,3644
7036,1102,1644,0,2746
7037,1458,1798,0,3256
7038,1324,1643,0,2967
7039,1874,1630,0,3504
7040,1644,1136,0,2780
7041,1003,1023,0,2026
7042,1739,1136,0,2875
7043,1907,1837,0,3744
7044,1924,1917,0,3841
7045,1916,1569,0,3485
7046,1443,1469,0,2912
7047,1295,1231,0,2526
7048,1602,1876,0,3478
7049,1285,1393,0,2678
7050,1574,1757,0,3331
7051,1080,1511,0,2591
7052,1191,1467,0,2658
7053,1023,1376,0,2399
7054,1412,1181,0,2593
7055,1128,1472,0,2600
7056,1736,1457,0,3193
7057,1304,1246,0,2550
7058,1683,1097,0,2780
7059,1887,1692,0,3579
7060,1821,1364,0,3185
7061,1738,1311,0,3049
7062,1313,1256,0,2569
7063,1637,1884,0,3521
7064,1352,1628,0,2980
7065,1802,1711,0,3513
7066,1421,1043,0,2464
7067,1275,1985,0,3260
7068,1734,1417,0,3151
7069,1412,1975,0,3387
7070,1717,1661,0,3378
7071,1483,1320,0,2803
7072,1490,1927,0,3417
7073,1039,1423,0,2462
7074,1165,1541,0,2706
7075,1215,1873,0,3088
7076,1959,1989,0,3948
7077,1356,1905,0,3261
7078,1612,1446,0,3058
7079,1878,1570,0,3448
7080,1541,1371,0,2912
7081,1941,1817,0,3758
7082,1813,1345,0,3158
7083,1299,1038,0,2337
7084,1374,1314,0,2688
7085,1942,1511,0,3453
7086,1101,1459,0,2560
7087,1324,1841,0,3165
7088,1662,1166,0,2828
7089,1814,1171,0,2985
7090,1750,1847,0,3597
7091,1512,1284,0,2796
7092,1937,1604,0,3541
7093,1473,1013,0,2486
7094,1588,1137,0,2725
7095,1613,1737,0,3350
7096,1984,1877,0,3861
7097,1572,1853,0,3425
7098,1151,1011,0,2162
7099,1424,1641,0,3065
7100,1603,1948,0,3551
7101,1689,1472,0,3161
7102,1668,1394,0,3062
7103,1583,1689,0,3272
7104,1222,1593,0,2815
7105,1043,1688,0,2731
7106,1324,1170,0,2494
7107,1180,1504,0,2684
7108,1852,1557,0,3409
7109,1956,1895,0,3851
7110,1972,1673,0,3645
7111,1375,1398,0,2773
7112,1313,1264,0,2577
7113,1945,1323,0,3268
7114,1276,1086,0,2362
7115,1068,1979,0,3047
7116,1140,1705,0,2845
7117,1130,1930,0,3060
7118,1279,1043,0,2322
7119,1246,1996,0,3242
7120,1491,1343,0,2834
7121,1520,1234,0,2754
7122,1632,1637,0,3269
7123,1598,1474,0,3072
7124,1399,1983,0,3382
7125,1144,1355,0,2499
7126,1809,1965,0,3774
7127,1132,1646,0,2778
7128,1347,1617,0,2964
7129,1040,1680,0,2720
7130,1200,1975,0,3175
7131,1591,1090,0,2681
7132,1470,1170,0,2640
7133,1980,1870,0,3850
7134,1994,1643,0,3637
7135,1047,1694,0,2741
7136,1224,1690,0,2914
7137,1139,1795,0,2934
7138,1256,1892,0,3148
7139,1826,1271,0,3097
7140,1813,1680,0,3493
7141,1883,1767,0,3650
7142,1834,1753,0,3587
7143,1124,1564,0,2688
7144,1941,1758,0,3699
7145,1242,1802,0,3044
7146,1272,1846,0,3118
7147,1836,1932,0,3768
7148,1606,1818,0,3424
7149,1098,1239,0,2337
7150,1549,1916,0,3465
7151,1371,1124,0,2495
7152,1733,1926,0,3659
7153,1147,1661,0,2808
7154,1935,1767,0,3702
7155,1196,1998,0,3194
7156,1203,1257,0,2460
7157,1554,1961,0,3515
7158,1815,1737,0,3552
7159,1165,1008,0,2173
7160,1845,1868,0,3713
7161,1792,1426,0,3218
7162,1834,1463,0,3297
7163,1342,1414,0,2756
7164,1893,1961,0,3854
7165,1879,1187,0,3066
7166,1947,1196,0,3143
7167,1837,1434,0,3271
7168,1591,1438,0,3029
7169,1639,1355,0,2994
7170,1911,1466,0,3377
7171,1117,1834,0,2951
7172,1093,1099,0,2192
7173,1509,1460,0,2969
7174,1497,1842,0,3339
7175,1499,1096,0,2595
7176,1564,1176,0,2740
7177,1790,1642,0,3432
7178,1290,1565,0,2855
7179,1024,1802,0,2826
7180,1180,1706,0,2886
7181,1577,1441,0,3018
7182,1091,1091,0,2182
7183,1139,1299,0,2438
7184,1203,1515,0,2718
7185,1002,1561,0,2563
7186,1701,1689,0,3390
7187,1026,1657,0,2683
7188,1887,1548,0,3435
7189,1377,1263,0,2640
7190,1987,1984,0,3971
7191,1278,1685,0,2963
7192,1892,1027,0,2919
7193,1792,1642,0,3434
7194,1468,1720,0,3188
7195,1539,1133,0,2672
7196,1575,1257,0,2832
7197,1166,1737,0,2903
7198,1173,1643,0,2816
7199,1877,1591,0,3468
7200,1856,1444,0,3300
7201,1337,1239,0,2576
7202,1600,1695,0,3295
7203,1841,1716,0,3557
7204,1482,1284,0,2766
7205,1247,1362,0,2609
7206,1843,1116,0,2959
7207,1472,1359,0,2831
7208,1099,1897,0,2996
7209,1823,1391,0,3214
7210,1205,1904,0,3109
7211,1385,1491,0,2876
7212,1917,1168,0,3085
7213,1489,1797,0,3286
7214,1458,1731,0,3189
7215,1511,1570,0,3081
7216,1012,1121,0,2133
7217,1063,1445,0,2508
7218,1639,1824,0,3463
7219,1420,1254,0,2674
7220,1331,1120,0,2451
7221,1927,1071,0,2998
7222,1270,1436,0,2706
7223,1733,1616,0,3349
7224,1202,1372,0,2574
7225,1086,1692,0,2778
7226,1432,1856,0,3288
7227,1612,1038,0,2650
7228,1022,1290,0,2312
7229,1712,1455,0,3167
7230,1610,1230,0,2840
7231,1557,1952,0,3509
7232,1164,1986,0,3150
7233,1011,1520,0,2531
7234,1709,1320,0,3029
7235,1828,1411,0,3239
7236,1665,1403,0,3068
7237,1428,1166,0,2594
7238,1688,1450,0,3138
7239,1137,1242,0,2379
7240,1274,1947,0,3221
7241,1011,1935,0,2946
7242,1354,1231,0,2585
7243,1333,1675,0,3008
7244,1825,1897,0,3722
7245,1807,1353,0,3160
7246,1269,1699,0,2968
7247,1817,1663,0,3480
7248,1186,1022,0,2208
7249,1100,1578,0,2678
7250,1631,1828,0,3459
7251,1568,1840,0,3408
7252,1315,1734,0,3049
7253,1243,1886,0,3129
7254,1380,1344,0,2724
7255,1885,1217,0,3102
7256,1708,1386,0,3094
7257,1019,1907,0,2926
7258,1854,1766,0,3620
7259,1142,1237,0,2379
7260,1863,1147,0,3010
7261,1798,1400,0,3198
7262,1990,1474,0,3464
7263,1678,1185,0,2863
7264,1086,1726,0,2812
7265,1773,1620,0,3393
7266,1670,1059,0,2729
7267,1698,1734,0,3432
7268,1787,1823,0,3610
7269,1632,1022,0,2654
7270,1563,1603,0,3166
7271,1283,1919,0,3202
7272,1700,1130,0,2830
7273,1833,1808,0,3641
7274,1606,1243,0,2849
7275,1234,1805,0,3039
7276,1643,1868,0,3511
7277,1561,1760,0,3321
7278,1476,1007,0,2483
7279,1254,1507,0,2761
7280,1153,1892,0,3045
7281,1519,1637,0,3156
7282,1280,1749,0,3029
7283,1457,1715,0,3172
7284,1002,1405,0,2407
7285,1572,1998,0,3570
7286,1495,1504,0,2999
7287,1606,1455,0,3061
7288,1442,1844,0,3286
7289,1073,1562,0,2635
7290,1208,1516,0,2724
7291,1638,1019,0,2657
7292,1299,1624,0,2923
7293,1476,1972,0,3448
7294,1715,1796,0,3511
7295,1912,1241,0,3153
7296,1884,1602,0,3486
7297,1954,1487,0,3441
7298,1702,1780,0,3482
7299,1787,1398,0,3185
7300,1079,1815,0,2894
7301,1618,1304,0,2922
7302,1000,1725,0,2725
7303,1979,1878,0,3857
7304,1335,1927,0,3262
7305,1653,1573,0,3226
7306,1131,1999,0,3130
7307,1100,1070,0,2170
7308,1421,1528,0,2949
7309,1183,1812,0,2995
7310,1988,1421,0,3409
7311,1960,1269,0,3229
7312,1741,1712,0,3453
7313,1492,1265,0,2757
7314,1779,1112,0,2891
7315,1856,1437,0,3293
7316,1949,1965,0,3914
7317,1684,1705,0,3389
7318,1466,1827,0,3293
7319,1679,1815,0,3494
7320,1462,1096,0,2558
7321,1591,1317,0,2908
7322,1373,1839,0,3212
7323,1892,1120,0,3012
7324,1172,1009,0,2181
7325,1916,1941,0,3857
7326,1672,1370,0,3042
7327,1795,1584,0,3379
7328,1083,1453,0,2536
7329,1273,1443,0,2716
7330,1387,1335,0,2722
7331,1386,1335,0,2721
7332,1290,1427,0,2717
7333,1704,1756,0,3460
7334,1530,1211,0,2741
7335,1791,1625,0,3416
7336,1807,1744,0,3551
7337,1564,1061,0,2625
7338,1576,1132,0,2708
7339,1712,1994,0,3706
7340,1499,1189,0,2688
7341,1538,1862,0,3400
7342,1951,1137,0,3088
7343,1795,1966,0,3761
7344,1258,1625,0,2883
7345,1366,1292,0,2658
7346,1460,1165,0,2625
7347,1212,1369,0,2581
7348,1870,1881,0,3751
7349,1596,1070,0,2666
7350,1119,1309,0,2428
7351,1508,1477,0,2985
7352,1792,1956,0,3748
7353,1205,1379,0,2584
7354,1601,1122,0,2723
7355,1578,1177,0,2755
7356,1149,1540,0,2689
7357,1990,1173,0,3163
7358,1300,1432,0,2732
7359,1535,1335,0,2870
7360,1718,1447,0,3165
7361,1022,1938,0,2960
7362,1638,1171,0,2809
7363,1198,1106,0,2304
7364,1690,1062,0,2752
7365,1173,1313,0,2486
7366,1558,1505,0,3063
7367,1917,1297,0,3214
7368,1649,1885,0,3534
7369,1468,1470,0,2938
7370,1766,1402,0,3168
7371,1697,1387,0,3084
7372,1386,1334,0,2720
7373,1494,1094,0,2588
7374,1521,1587,0,3108
7375,1773,1034,0,2807
7376,1547,1696,0,3243
7377,1337,1042,0,2379
7378,1558,1545,0,3103
7379,1877,1083,0,2960
7380,1745,1780,0,3525
7381,1485,1227,0,2712
7382,1271,1043,0,2314
7383,1915,1663,0,3578
7384,1840,1039,0,2879
7385,1635,1390,0,3025
7386,1485,1028,0,2513
7387,1176,1995,0,3171
7388,1593,1774,0,3367
7389,1013,1157,0,2170
7390,1742,1167,0,2909
7391,1462,1515,0,2977
7392,1404,1192,0,2596
7393,1899,1679,0,3578
7394,1797,1143,0,2940
7395,1705,1751,0,3456
7396,1176,1738,0,2914
7397,1000,1208,0,2208
7398,1861,1921,0,3782
7399,1812,1247,0,3059
7400,1606,1832,0,3438
7401,1887,1376,0,3263
7402,1024,1439,0,2463
7403,1000,1341,0,2341
7404,1641,1772,0,3413
7405,1093,1419,0,2512
7406,1121,1004,0,2125
7407,1299,1825,0,3124
7408,1121,1288,0,2409
7409,1550,1894,0,3444
7410,1158,1909,0,3067
7411,1431,1663,0,3094
7412,1321,1708,0,3029
7413,1982,1629,0,3611
7414,1969,1864,0,3833
7415,1911,1922,0,3833
7416,1252,1764,0,3016
7417,1925,1990,0,3915
7418,1746,1040,0,2786
7419,1312,1107,0,2419
7420,1747,1377,0,3124
7421,1142,1564,0,2706
7422,1355,1548,0,2903
7423,1074,1558,0,2632
7424,1123,1409,0,2532
7425,1785,1048,0,2833
7426,1325,1010,0,2335
7427,1441,1551,0,2992
7428,1052,1764,0,2816
7429,1556,1622,0,3178
7430,1694,1388,0,3082
7431,1572,1224,0,2796
7432,1605,1781,0,3386
7433,1289,1954,0,3243
7434,1780,1072,0,2852
7435,1263,1107,0,2370
7436,1377,1060,0,2437
7437,1756,1066,0,2822
7438,1095,1763,0,2858
7439,1230,1332,0,2562
7440,1679,1675,0,3354
7441,1190,1535,0,2725
7442,1935,1797,0,3732
7443,1561,1444,0,3005
7444,1527,1557,0,3084
7445,1074,1402,0,2476
7446,1713,1209,0,2922
7447,1656,1893,0,3549
7448,1646,1430,0,3076
7449,1232,1980,0,3212
7450,1382,1454,0,2836
7451,1729,1029,0,2758
7452,1026,1406,0,2432
7453,1564,1106,0,2670
7454,1383,1111,0,2494
7455,1761,1756,0,3517
7456,1258,1275,0,2533
7457,1857,1344,0,3201
7458,1838,1532,0,3370
7459,1908,1801,0,3709
7460,1572,1387,0,2959
7461,1456,1495,0,2951
7462,1538,1522,0,3060
7463,1992,1212,0,3204
7464,1885,1673,0,3558
7465,1835,1164,0,2999
7466,1419,1021,0,2440
7467,1891,1581,0,3472
7468,1183,1835,0,3018
7469,1904,1579,0,3483
7470,1753,1069,0,2822
7471,1868,1023,0,2891
7472,1769,1622,0,3391
7473,1940,1244,0,3184
7474,1667,1566,0,3233
7475,1881,1306,0,3187
7476,1422,1696,0,3118
7477,1987,1042,0,3029
7478,1579,1315,0,2894
7479,1811,1676,0,3487
7480,1927,1306,0,3233
7481,1099,1872,0,2971
7482,1186,1785,0,2971
7483,1323,1124,0,2447
7484,1323,1878,0,3201
7485,1646,1329,0,2975
7486,1086,1001,0,2087
7487,1633,1608,0,3241
7488,1331,1435,0,2766
7489,1744,1053,0,2797
7490,1328,1371,0,2699
7491,1912,1698,0,3610
7492,1796,1756,0,3552
7493,1249,1166,0,2415
7494,1058,1635,0,2693
7495,1908,1535,0,3443
7496,1153,1666,0,2819
7497,1639,1358,0,2997
7498,1920,1450,0,3370
7499,1418,1605,0,3023
7500,1547,1482,0,3029
7501,1352,1361,0,2713
7502,1733,1000,0,2733
7503,1865,1317,0,3182
7504,1808,1907,0,3715
7505,1991,1843,0,3834
7506,1226,1141,0,2367
7507,1426,1008,0,2434
7508,1433,1379,0,2812
7509,1062,1655,0,2717
7510,1256,1827,0,3083
7511,1659,1410,0,3069
7512,1263,1823,0,3086
7513,1223,1060,0,2283
7514,1104,1905,0,3009
7515,1770,1183,0,2953
7516,1628,1230,0,2858
7517,1518,1684,0,3202
7518,1133,1255,0,2388
7519,1640,1592,0,3232
7520,1706,1116,0,2822
7521,1223,1137,0,2360
7522,1871,1885,0,3756
7523,1595,1517,0,3112
7524,1839,1754,0,3593
7525,1465,1366,0,2831
7526,1830,1423,0,3253
7527,1746,1040,0,2786
7528,1371,1549,0,2920
7529,1345,1693,0,3038
7530,1123,1866,0,2989
7531,1633,1722,0,3355
7532,1873,1745,0,3618
7533,1613,1716,0,3329
7534,1722,1330,0,3052
7535,1769,1080,0,2849
7536,1672,1382,0,3054
7537,1350,1894,0,3244
7538,1573,1390,0,2963
7539,1622,1467,0,3089
7540,1134,1772,0,2906
7541,1055,1246,0,2301
7542,1461,1922,0,3383
7543,1578,1395,0,2973
7544,1182,1642,0,2824
7545,1557,1531,0,3088
7546,1195,1474,0,2669
7547,1576,1424,0,3000
7548,1646,1272,0,2918
7549,1816,1851,0,3667
7550,1729,1218,0,2947
7551,1434,1405,0,2839
7552,1713,1929,0,3642
7553,1568,1079,0,2647
7554,1996,1593,0,3589
7555,1528,1198,0,2726
7556,1644,1235,0,2879
7557,1839,1083,0,2922
7558,1834,1261,0,3095
7559,1945,1623,0,3568
7560,1804,1433,0,3237
7561,1738,1739,0,3477
7562,1789,1383,0,3172
7563,1768,1372,0,3140
7564,1343,1213,0,2556
7565,1752,1655,0,3407
7566,1904,1961,0,3865
7567,1414,1429,0,2843
7568,1574,1950,0,3524
7569,1163,1220,0,2383
7570,1237,1875,0,3112
7571,1725,1943,0,3668
7572,1917,1848,0,3765
7573,1528,1806,0,3334
7574,1099,1660,0,2759
7575,1094,1665,0,2759
7576,1275,1162,0,2437
7577,1248,1985,0,3233
7578,1659,1849,0,3508
7579,1497,1133,0,2630
7580,1450,1960,0,3410
7581,1771,1273,0,3044
7582,1502,1784,0,3286
7583,1346,1018,0,2364
7584,1634,1577,0,3211
7585,1088,1196,0,2284
7586,1262,1114,0,2376
7587,1066,1126,0,2192
7588,1731,1073,0,2804
7589,1065,1398,0,2463
7590,1503,1958,0,3461
7591,1785,1894,0,3679
7592,1223,1154,0,2377
7593,1587,1489,0,3076
7594,1065,1740,0,2805
7595,1410,1426,0,2836
7596,1074,1193,0,2267
7597,1197,1472,0,2669
7598,1769,1830,0,3599
7599,1154,1364,0,2518
7600,1604,1295,0,2899
7601,1925,1469,0,3394
7602,1738,1318,0,3056
7603,1083,1881,0,2964
7604,1971,1880,0,3851
7605,1736,1381,0,3117
7606,1336,1747,0,3083
7607,1598,1570,0,3168
7608,1786,1449,0,3235
7609,1726,1771,0,3497
7610,1405,1490,0,2895
7611,1755,1388,0,3143
7612,1099,1158,0,2257
7613,1563,1236,0,2799
7614,1732,1580,0,3312
7615,1262,1097,0,2359
7616,1584,1275,0,2859
7617,1426,1475,0,2901
7618,1070,1212,0,2282
7619,1180,1378,0,2558
7620,1178,1826,0,3004
7621,1948,1207,0,3155
7622,1752,1703,0,3455
7623,1181,1098,0,2279
7624,1806,1849,0,3655
7625,1700,1325,0,3025
7626,1428,1481,0,2909
7627,1069,1445,0,2514
7628,1552,1137,0,2689
7629,1119,1121,0,2240
7630,1859,1382,0,3241
7631,1027,1850,0,2877
7632,1130,1899,0,3029
7633,1861,1012,0,2873
7634,1319,1205,0,2524
7635,1234,1068,0,2302
7636,1784,1942,0,3726
7637,1335,1974,0,3309
7638,1384,1385,0,2769
7639,1356,1030,0,2386
7640,1427,1169,0,2596
7641,1206,1482,0,2688
7642,1119,1660,0,2779
7643,1655,1543,0,3198
7644,1466,1912,0,3378
7645,1055,1385,0,2440
7646,1908,1012,0,2920
7647,1632,1270,0,2902
7648,1444,1942,0,3386
7649,1713,1280,0,2993
7650,1560,1371,0,2931
7651,1294,1414,0,2708
7652,1316,1328,0,2644
7653,1179,1286,0,2465
7654,1904,1835,0,3739
7655,1149,1225,0,2374
7656,1524,1683,0,3207
7657,1768,1909,0,3677
7658,1943,1768,0,3711
7659,1807,1447,0,3254
7660,1846,1975,0,3821
7661,1980,1773,0,3753
7662,1542,1067,0,2609
7663,1274,1293,0,2567
7664,1895,1889,0,3784
7665,1105,1863,0,2968
7666,1179,1948,0,3127
7667,1835,1772,0,3607
7668,1339,1119,0,2458
7669,1846,1546,0,3392
7670,1104,1713,0,2817
7671,1310,1172,0,2482
7672,1764,1644,0,3408
7673,1361,1138,0,2499
7674,1032,1003,0,2035
7675,1618,1781,0,3399
7676,1781,1226,0,3007
7677,1967,1620,0,3587
7678,1427,1927,0,3354
7679,1702,1070,0,2772
7680,1363,1423,0,2786
7681,1626,1771,0,3397
7682,1843,1703,0,3546
7683,1772,1859,0,3631
7684,1575,1841,0,3416
7685,1849,1131,0,2980
7686,1400,1917,0,3317
7687,1103,1090,0,2193
7688,1635,1520,0,3155
7689,1406,1675,0,3081
7690,1402,1527,0,2929
7691,1298,1302,0,2600
7692,1748,1443,0,3191
7693,1003,1773,0,2776
7694,1405,1353,0,2758
7695,1505,1203,0,2708
7696,1745,1917,0,3662
7697,1224,1560,0,2784
7698,1456,1695,0,3151
7699,1767,1066,0,2833
7700,1373,1493,0,2866
7701,1626,1819,0,3445
7702,1253,1047,0,2300
7703,1499,1033,0,2532
7704,1694,1004,0,2698
7705,1368,1626,0,2994
7706,1797,1891,0,3688
7707,1157,1750,0,2907
7708,1485,1615,0,3100
7709,1935,1469,0,3404
7710,1791,1827,0,3618
7711,1644,1748,0,3392
7712,1294,1204,0,2498
7713,1803,1211,0,3014
7714,1282,1317,0,2599
7715,1103,1666,0,2769
7716,1169,1273,0,2442
7717,1496,1823,0,3319
7718,1276,1519,0,2795
7719,1634,1014,0,2648
7720,1439,1755,0,3194
7721,1894,1303,0,3197
7722,1266,1023,0,2289
7723,1938,1014,0,2952
7724,1761,1879,0,3640
7725,1289,1591,0,2880
7726,1745,1464,0,3209
7727,1325,1357,0,2682
7728,1156,1677,0,2833
7729,1645,1822,0,3467
7730,1885,1119,0,3004
7731,1788,1207,0,2995
7732,1041,1459,0,2500
7733,1594,1920,0,3514
7734,1893,1937,0,3830
7735,1407,1107,0,2514
7736,1581,1518,0,3099
7737,1849,1331,0,3180
7738,1120,1457,0,2577
7739,1164,1305,0,2469
7740,1631,1339,0,2970
7741,1013,1583,0,2596
7742,1424,1447,0,2871
7743,1034,1299,0,2333
7744,1159,1311,0,2470
7745,1966,1722,0,3688
7746,2000,1574,0,3574
7747,1117,1715,0,2832
7748,1984,1111,0,3095
7749,1038,1412,0,2450
7750,1214,1970,0,3184
7751,1910,1733,0,3643
7752,1586,1873,0,3459
7753,1921,1734,0,3655
7754,1559,1379,0,2938
7755,1148,1609,0,2757
7756,1581,1218,0,2799
7757,1327,1834,0,3161
7758,1626,1996,0,3622
7759,1420,1171,0,2591
7760,1414,1826,0,3240
7761,1518,1760,0,3278
7762,1831,1239,0,3070
7763,1832,1355,0,3187
7764,1998,1585,0,3583
7765,1356,1278,0,2634
7766,1827,1588,0,3415
7767,1896,1408,0,3304
7768,1775,1383,0,3158
7769,1672,1763,0,3435
7770,1102,1043,0,2145
7771,1448,1797,0,3245
7772,1301,1090,0,2391
7773,1336,1140,0,2476
7774,1965,1865,0,3830
7775,1091,1652,0,2743
7776,1497,1025,0,2522
7777,1887,1427,0,3314
7778,1265,1673,0,2938
7779,1692,1588,0,3280
7780,1824,1200,0,3024
7781,1395,1702,0,3097
7782,1491,1717,0,3208
7783,1561,1466,0,3027
7784,1657,1243,0,2900
7785,1257,1729,0,2986
7786,1245,1270,0,2515
7787,1896,1657,0,3553
7788,1525,1502,0,3027
7789,1789,1195,0,2984
7790,1169,1814,0,2983
7791,1954,1680,0,3634
7792,1075,1689,0,2764
7793,1862,1029,0,2891
7794,1988,1502,0,3490
7795,1882,1231,0,3113
7796,1164,1853,0,3017
7797,1638,1379,0,3017
7798,1386,1076,0,2462
7799,1521,1409,0,2930
7800,1912,1763,0,3675
7801,1791,1033,0,2824
7802,1924,1099,0,3023
7803,1177,1687,0,2864
7804,1306,1261,0,2567
7805,1967,1920,0,3887
7806,1219,1095,0,2314
7807,1242,1652,0,2894
7808,1702,1718,0,3420
7809,1711,1830,0,3541
7810,1247,1182,0,2429
7811,1084,1492,0,2576
7812,1495,1024,0,2519
7813,1737,1242,0,2979
7814,1828,1358,0,3186
7815,1873,1310,0,3183
7816,1112,1120,0,2232
7817,1485,1504,0,2989
7818,1265,1753,0,3018
7819,1510,1444,0,2954
7820,1450,1178,0,2628
7821,1324,1863,0,3187
7822,1651,1766,0,3417
7823,1518,1763,0,3281
7824,1985,1599,0,3584
7825,1558,1514,0,3072
7826,1153,1331,0,2484
7827,1469,1811,0,3280
7828,1927,1098,0,3025
7829,1134,1733,0,2867
7830,1955,1341,0,3296
7831,1745,1454,0,3199
7832,1413,1857,0,3270
7833,1477,1275,0,2752
7834,1499,1669,0,3168
7835,1873,1514,0,3387
7836,1665,1360,0,3025
7837,1528,1034,0,2562
7838,1250,1424,0,2674
7839,1105,1519,0,2624
7840,1985,1828,0,3813
7841,1347,1125,0,2472
7842,1029,1764,0,2793
7843,1170,1050,0,2220
7844,1844,1649,0,3493
7845,1538,1263,0,2801
7846,1432,1163,0,2595
7847,1834,1147,0,2981
7848,1635,1804,0,3439
7849,1984,1085,0,3069
7850,1378,1816,0,3194
7851,1361,1450,0,2811
7852,1712,1256,0,2968
7853,1611,1058,0,2669
7854,1811,1411,0,3222
7855,1936,1544,0,3480
7856,1261,1568,0,2829
7857,1974,1734,0,3708
7858,1165,1630,0,2795
7859,1086,1607,0,2693
7860,1033,1042,0,2075
7861,1327,1147,0,2474
7862,1161,1013,0,2174
7863,1895,1586,0,3481
7864,1667,1857,0,3524
7865,1517,1881,0,3398
7866,1472,1671,0,3143
7867,1895,1039,0,2934
7868,1777,1970,0,3747
7869,1401,1138,0,2539
7870,1960,1326,0,3286
7871,1581,1749,0,3330
7872,1200,1966,0,3166
7873,1663,1804,0,3467
7874,1169,1670,0,2839
7875,1794,1347,0,3141
7876,1477,1843,0,3320
7877,1488,1791,0,3279
7878,1677,1706,0,3383
7879,1843,1920,0,3763
7880,1209,1921,0,3130
7881,1139,1592,0,2731
7882,1661,1041,0,2702
7883,1877,1420,0,3297
7884,1463,1257,0,2720
7885,1975,1057,0,3032
7886,1581,1493,0,3074
7887,1556,1398,0,2954
7888,1141,1413,0,2554
7889,1889,1680,0,3569
7890,1307,1127,0,2434
7891,1073,1569,0,2642
7892,1836,1634,0,3470
7893,1437,1734,0,3171
7894,1261,1523,0,2784
7895,1018,1490,0,2508
7896,1971,1442,0,3413
7897,1041,1976,0,3017
7898,1691,1159,0,2850
7899,1138,1606,0,2744
7900,1165,1698,0,2863
7901,1915,1991,0,3906
7902,1636,1642,0,3278
7903,1710,1098,0,2808
7904,1206,1619,0,2825
7905,1203,1565,0,2768
7906,1681,1362,0,3043
7907,1920,1074,0,2994
7908,1683,1853,0,3536
7909,1359,1703,0,3062
7910,1890,1325,0,3215
7911,1096,1763,0,2859
7912,1646,1863,0,3509
7913,1043,1748,0,2791
7914,1464,1614,0,3078
7915,1358,1929,0,3287
7916,1824,1255,0,3079
7917,1012,1734,0,2746
7918,1428,1729,0,3157
7919,1973,1394,0,3367
7920,1474,1812,0,3286
7921,1271,1514,0,2785
7922,1305,1844,0,3149
7923,1806,1090,0,2896
7924,1046,1044,0,2090
7925,1542,1635,0,3177
7926,1150,1936,0,3086
7927,1525,1498,0,3023
7928,1959,1313,0,3272
7929,1775,1293,0,3068
7930,1172,1011,0,2183
7931,1172,1005,0,2177
7932,1476,1781,0,3257
7933,1761,1362,0,3123
7934,1559,1832,0,3391
7935,1180,1376,0,2556
7936,1537,1902,0,3439
7937,1893,1979,0,3872
7938,1330,1115,0,2445
7939,1867,1181,0,3048
7940,1096,1515,0,2611
7941,1117,1292,0,2409
7942,1471,1371,0,2842
7943,1855,1760,0,3615
7944,1274,1191,0,2465
7945,1014,1908,0,2922
7946,1388,1211,0,2599
7947,1043,1865,0,2908
7948,1698,1449,0,3147
7949,1172,1436,0,2608
7950,1035,1060,0,2095
7951,1387,1771,0,3158
7952,1165,1042,0,2207
7953,1792,1791,0,3583
7954,1560,1828,0,3388
7955,1357,1570,0,2927
7956,1568,1701,0,3269
7957,1187,1210,0,2397
7958,1777,1887,0,3664
7959,1473,1014,0,2487
7960,1966,1387,0,3353
7961,1557,1833,0,3390
7962,1742,1488,0,3230
7963,1886,1868,0,3754
7964,1458,1067,0,2525
7965,1946,1041,0,2987
7966,1531,1210,0,2741
7967,1809,1549,0,3358
7968,1342,1354,0,2696
7969,1586,1695,0,3281
7970,1824,1663,0,3487
7971,1980,1498,0,3478
7972,1146,1397,0,2543
7973,1704,1480,0,3184
7974,1186,1337,0,2523
7975,1952,1049,0,3001
7976,1220,1564,0,2784
7977,1846,1707,0,3553
7978,1128,1348,0,2476
7979,1295,1906,0,3201
7980,1804,1911,0,3715
7981,1851,1002,0,2853
7982,1348,1049,0,2397
7983,1068,1834,0,2902
7984,1863,1562,0,3425
7985,1976,1926,0,3902
7986,1522,1200,0,2722
7987,1339,1341,0,2680
7988,1107,1285,0,2392
7989,1081,1894,0,2975
7990,1702,1648,0,3350
7991,1961,1200,0,3161
7992,1990,1998,0,3988
7993,1159,1348,0,2507
7994,1912,1683,0,3595
7995,1826,1220,0,3046
7996,1284,1499,0,2783
7997,1498,1344,0,2842
7998,1281,1730,0,3011
7999,1167,1784,0,2951
8000,1952,1147,0,3099
8001,1696,1836,0,3532
8002,1637,1933,0,3570
8003,1098,1515,0,2613
8004,1145,1453,0,2598
8005,1474,1172,0,2646
8006,1744,1506,0,3250
8007,1464,1926,0,3390
8008,1573,1264,0,2837
8009,1481,1710,0,3191
8010,1155,1174,0,2329
8011,1621,1628,0,3249
8012,1847,1146,0,2993
8013,1850,1375,0,3225
8014,1427,1339,0,2766
8015,1546,1358,0,2904
8016,1683,1684,0,3367
8017,1695,1126,0,2821
8018,1640,1038,0,2678
8019,1061,1913,0,2974
8020,1041,1732,0,2773
8021,1876,1250,0,3126
8022,1882,1806,0,3688
8023,1045,1922,0,2967
8024,1241,1140,0,2381
8025,1417,1714,0,3131
8026,1305,1252,0,2557
8027,1212,1728,0,2940
8028,1613,1612,0,3225
8029,1715,1114,0,2829
8030,1078,1057,0,2135
8031,1721,1866,0,3587
8032,1629,1598,0,3227
8033,1930,1463,0,3393
8034,1272,1414,0,2686
8035,1563,1938,0,3501
8036,1937,1283,0,3220
8037,1232,1697,0,2929
8038,1165,1049,0,2214
8039,1775,1364,0,3139
8040,1909,1061,0,2970
8041,1750,1769,0,3519
8042,1657,1012,0,2669
8043,1808,1635,0,3443
8044,1350,1852,0,3202
8045,1221,1594,0,2815
8046,1004,1985,0,2989
8047,1814,1412,0,3226
8048,1592,1672,0,3264
8049,1202,1818,0,3020
8050,1806,1585,0,3391
8051,1312,1949,0,3261
8052,1429,1246,0,2675
8053,1522,1144,0,2666
8054,1321,1762,0,3083
8055,1412,1429,0,2841
8056,1253,1843,0,3096
8057,1026,1381,0,2407
8058,1711,1233,0,2944
8059,1991,1613,0,3604
8060,1664,1971,0,3635
8061,1620,1687,0,3307
8062,1532,1467,0,2999
8063,1157,1736,0,2893
8064,1362,1834,0,3196
8065,1737,1926,0,3663
8066,1446,1727,0,3173
8067,1465,1258,0,2723
8068,1601,1107,0,2708
8069,1608,1952,0,3560
8070,1649,1240,0,2889
8071,1268,1707,0,2975
8072,1594,1986,0,3580
8073,1977,1355,0,3332
8074,1630,1937,0,3567
8075,1018,1670,0,2688
8076,1397,1914,0,3311
8077,1386,1323,0,2709
8078,1556,1250,0,2806
8079,1739,1921,0,3660
8080,1725,1203,0,2928
8081,1868,1185,0,3053
8082,1960,1982,0,3942
8083,1492,1016,0,2508
8084,1486,1688,0,3174
8085,1178,1528,0,2706
8086,1458,1702,0,3160
8087,1408,1683,0,3091
8088,1624,1095,0,2719
8089,1917,1039,0,2956
8090,1020,1602,0,2622
8091,1887,1452,0,3339
8092,1762,1724,0,3486
8093,1260,1048,0,2308
8094,1031,1908,0,2939
8095,1130,1690,0,2820
8096,1818,1045,0,2863
8097,1587,1405,0,2992
8098,1945,1699,0,3644
8099,1272,1874,0,3146
8100,1346,1044,0,2390
8101,1527,1916,0,3443
8102,1243,1900,0,3143
8103,1398,1327,0,2725
8104,1832,1604,0,3436
8105,1292,1240,0,2532
8106,1163,1893,0,3056
8107,1500,1322,0,2822
8108,1598,1469,0,3067
8109,1642,1090,0,2732
8110,1464,1308,0,2772
8111,1885,1158,0,3043
8112,1947,1640,0,3587
8113,1928,1712,0,3640
8114,1145,1243,0,2388
8115,1602,1715,0,3317
8116,1429,1701,0,3130
8117,1624,1386,0,3010
8118,1070,1814,0,2884
8119,1749,1064,0,2813
8120,1615,1087,0,2702
8121,1730,1152,0,2882
8122,1301,1237,0,2538
8123,1739,1303,0,3042
8124,1910,1493,0,3403
8125,1337,1112,0,2449
8126,1674,1351,0,3025
8127,1595,1256,0,2851
8128,1912,1984,0,3896
8129,1513,1779,0,3292
8130,1564,1683,0,3247
8131,1354,1151,0,2505
8132,1230,1356,0,2586
8133,1452,1327,0,2779
8134,1230,1112,0,2342
8135,1044,1305,0,2349
8136,1035,1011,0,2046
8137,1373,1995,0,3368
8138,1949,1353,0,3302
8139,1114,1613,0,2727
8140,1663,1462,0,3125
8141,1851,1181,0,3032
8142,1323,1022,0,2345
8143,1043,1471,0,2514
8144,1205,1276,0,2481
8145,1329,1243,0,2572
8146,1423,1893,0,3316
8147,1807,1087,0,2894
8148,1501,1513,0,3014
8149,1985,1157,0,3142
8150,1260,1159,0,2419
8151,1359,1761,0,3120
8152,1144,1637,0,2781
8153,1506,1737,0,3243
8154,1113,1833,0,2946
8155,1889,1757,0,3646
8156,1483,1931,0,3414
8157,1983,1733,0,3716
8158,1227,1097,0,2324
8159,1507,1816,0,3323
8160,1810,1424,0,3234
8161,1173,1605,0,2778
8162,1718,1987,0,3705
8163,1577,1939,0,3516
8164,1643,1824,0,3467
8165,1429,1478,0,2907
8166,1172,1198,0,2370
8167,1814,1568,0,3382
8168,1091,1334,0,2425
8169,1502,1723,0,3225
8170,1696,1248,0,2944
8171,1244,1865,0,3109
8172,1171,1286,0,2457
8173,1441,1778,0,3219
8174,1921,1471,0,3392
8175,1301,1205,0,2506
8176,1167,1009,0,2176
8177,1627,1550,0,3177
8178,1983,1265,0,3248
8179,1085,1601,0,2686
8180,1257,1325,0,2582
8181,1166,1580,0,2746
8182,1916,1941,0,3857
8183,1309,1874,0,3183
8184,1045,1023,0,2068
8185,1420,1617,0,3037
8186,1778,1115,0,2893
8187,1122,1094,0,2216
8188,1109,1454,0,2563
8189,1766,1992,0,3758
8190,1195,1665,0,2860
8191,1917,1059,0,2976
8192,1859,1216,0,3075
8193,1282,1161,0,2443
8194,1310,1307,0,2617
8195,1805,1114,0,2919
8196,1332,1196,0,2528
8197,1676,1632,0,3308
8198,1970,1229,0,3199
8199,1399,1300,0,2699
8200,1340,1934,0,3274
8201,1905,1438,0,3343
8202,1704,1880,0,3584
8203,1302,1006,0,2308
8204,1057,1522,0,2579
8205,1820,1765,0,3585
8206,1114,1526,0,2640
8207,1894,1019,0,2913
8208,1437,1873,0,3310
8209,1880,1584,0,3464
8210,1224,1345,0,2569
8211,1347,1428,0,2775
8212,1275,1533,0,2808
8213,1013,1787,0,2800
8214,1933,1364,0,3297
8215,1196,1774,0,2970
8216,1696,1882,0,3578
8217,1524,1199,0,2723
8218,1115,1793,0,2908
8219,1796,1834,0,3630
8220,1989,1155,0,3144
8221,1331,1992,0,3323
8222,1473,1887,0,3360
8223,1763,1411,0,3174
8224,1331,1360,0,2691
8225,1976,1563,0,3539
8226,1762,1401,0,3163
8227,1699,1139,0,2838
8228,1727,1334,0,3061
8229,1993,1293,0,3286
8230,1256,1808,0,3064
8231,1329,1813,0,3142
8232,1292,1002,0,2294
8233,1427,1985,0,3412
8234,1568,1425,0,2993
8235,1514,1924,0,3438
8236,1134,1570,0,2704
8237,1028,1815,0,2843
8238,1306,1227,0,2533
8239,1338,1902,0,3240
8240,1944,1255,0,3199
8241,1216,1951,0,3167
8242,1612,1232,0,2844
8243,1808,1254,0,3062
8244,1551,1912,0,3463
8245,1648,1816,0,3464
8246,1301,1908,0,3209
8247,1889,1576,0,3465
8248,1600,1396,0,2996
8249,1056,1830,0,2886
8250,1982,1288,0,3270
8251,1165,1108,0,2273
8252,1767,1034,0,2801
8253,2000,1116,0,3116
8254,1640,1342,0,2982
8255,1061,1759,0,2820
8256,1549,1919,0,3468
8257,1312,1504,0,2816
8258,1321,1815,0,3136
8259,1914,1042,0,2956
8260,1954,1368,0,3322
8261,1791,1392,0,3183
8262,1285,1844,0,3129
8263,1942,1277,0,3219
8264,1481,1716,0,3197
8265,1839,1351,0,3190
8266,1588,1590,0,3178
8267,1037,1199,0,2236
8268,1024,1495,0,2519
8269,1746,1592,0,3338
8270,1300,1794,0,3094
8271,1877,1767,0,3644
8272,1951,1918,0,3869
8273,1930,1808,0,3738
8274,1375,1952,0,3327
8275,1275,1119,0,2394
8276,1224,1396,0,2620
8277,1842,1164,0,3006
8278,1030,1488,0,2518
8279,1296,1640,0,2936
8280,1266,1696,0,2962
8281,1142,1769,0,2911
8282,1364,1271,0,2635
8283,1662,1280,0,2942
8284,1797,1939,0,3736
8285,1998,1356,0,3354
8286,1622,1529,0,3151
8287,1932,1742,0,3674
8288,1454,1733,0,3187
8289,1901,1087,0,2988
8290,1236,1462,0,2698
8291,1586,1762,0,3348
8292,1195,1589,0,2784
8293,1893,1862,0,3755
8294,1709,1047,0,2756
8295,1400,1212,0,2612
8296,1306,1939,0,3245
8297,1024,1338,0,2362
8298,1541,1746,0,3287
8299,1512,1331,0,2843
8300,1443,1896,0,3339
8301,1405,1156,0,2561
8302,1073,1096,0,2169
8303,1075,1825,0,2900
8304,1319,1126,0,2445
8305,1000,1013,0,2013
8306,1387,1476,0,2863
8307,1034,1581,0,2615
8308,1599,1080,0,2679
8309,1448,1964,0,3412
8310,1941,1511,0,3452
8311,1917,1029,0,2946
8312,1324,1110,0,2434
8313,1459,1744,0,3203
8314,1694,1041,0,2735
8315,1096,1829,0,2925
8316,1938,1058,0,2996
8317,1280,1051,0,2331
8318,1317,1239,0,2556
8319,1459,1922,0,3381
8320,1722,1564,0,3286
8321,1770,1535,0,3305
8322,1999,1120,0,3119
8323,1673,1812,0,3485
8324,1065,1886,0,2951
8325,1570,1852,0,3422
8326,1111,1661,0,2772
8327,1879,1671,0,3550
8328,1887,1391,0,3278
8329,1339,1868,0,3207
8330,1211,1105,0,2316
8331,1690,1711,0,3401
8332,1727,1188,0,2915
8333,1583,1970,0,3553
8334,1460,1099,0,2559
8335,1280,1643,0,2923
8336,1428,1746,0,3174
8337,1065,1382,0,2447
8338,1840,1532,0,3372
8339,1032,1640,0,2672
8340,1156,1373,0,2529
8341,1928,1332,0,3260
8342,1125,1075,0,2200
8343,1033,1340,0,2373
8344,1485,1950,0,3435
8345,1117,1105,0,2222
8346,1958,1372,0,3330
8347,1633,1571,0,3204
8348,1696,1650,0,3346
8349,1677,1068,0,2745
8350,1284,1465,0,2749
8351,1515,1368,0,2883
8352,1083,1733,0,2816
8353,1459,1929,0,3388
8354,1947,1225,0,3172
8355,1453,1753,0,3206
8356,1283,1119,0,2402
8357,1980,1011,0,2991
8358,1126,1153,0,2279
8359,1630,1613,0,3243
8360,1894,1471,0,3365
8361,1102,1901,0,3003
8362,1122,1919,0,3041
8363,1374,1193,0,2567
8364,1707,1912,0,3619
8365,1813,1121,0,2934
8366,1923,1602,0,3525
8367,1143,1348,0,2491
8368,1426,1839,0,3265
8369,1732,1391,0,3123
8370,1977,1722,0,3699
8371,1990,1272,0,3262
8372,1891,1472,0,3363
8373,1229,1133,0,2362
8374,1434,1119,0,2553
8375,1627,1667,0,3294
8376,1032,1608,0,2640
8377,1962,1927,0,3889
8378,1840,1395,0,3235
8379,1229,1607,0,2836
8380,1884,1186,0,3070
8381,1570,1942,0,3512
8382,1240,1421,0,2661
8383,1841,1942,0,3783
8384,1114,1746,0,2860
8385,1122,1378,0,2500
8386,1336,1250,0,2586
8387,1794,1241,0,3035
8388,1809,1891,0,3700
8389,1217,1265,0,2482
8390,1945,1556,0,3501
8391,1486,1399,0,2885
8392,1358,1954,0,3312
8393,1805,1094,0,2899
8394,1801,1083,0,2884
8395,1541,1844,0,3385
8396,1587,1013,0,2600
8397,1645,1281,0,2926
8398,1571,1471,0,3042
8399,1855,1630,0,3485
8400,1455,1690,0,3145
8401,1755,1901,0,3656
8402,1590,1154,0,2744
8403,1799,1077,0,2876
8404,1343,1161,0,2504
8405,1397,1162,0,2559
8406,1526,1732,0,3258
8407,1827,1341,0,3168
8408,1172,1002,0,2174
8409,1842,1519,0,3361
8410,1107,1434,0,2541
8411,1342,1786,0,3128
8412,1353,1438,0,2791
8413,1099,1861,0,2960
8414,1942,1135,0,3077
8415,1957,1706,0,3663
8416,1693,1256,0,2949
8417,1661,1061,0,2722
8418,1606,1726,0,3332
8419,1244,1190,0,2434
8420,1325,1015,0,2340
8421,1317,1173,0,2490
8422,1546,1622,0,3168
8423,1605,1011,0,2616
8424,1165,1679,0,2844
8425,1797,1199,0,2996
8426,1088,1764,0,2852
8427,1802,1355,0,3157
8428,1462,1954,0,3416
8429,1045,1985,0,3030
8430,1729,1682,0,3411
8431,1702,1389,0,3091
8432,1658,1353,0,3011
8433,1728,1785,0,3513
8434,1562,1909,0,3471
8435,1699,1514,0,3213
8436,1343,1869,0,3212
8437,1188,1869,0,3057
8438,1888,1431,0,3319
8439,1988,1771,0,3759
8440,1676,1870,0,3546
8441,1392,1169,0,2561
8442,1598,1955,0,3553
8443,1374,1051,0,2425
8444,1729,1030,0,2759
8445,1813,1360,0,3173
8446,1624,1029,0,2653
8447,1576,1906,0,3482
8448,1047,1191,0,2238
8449,1551,1496,0,3047
8450,1995,1603,0,3598
8451,1765,1416,0,3181
8452,1265,1581,0,2846
8453,1638,1855,0,3493
8454,1970,1949,0,3919
8455,1010,1798,0,2808
8456,1768,1843,0,3611
8457,1479,1563,0,3042
8458,1072,1993,0,3065
8459,1118,1529,0,2647
8460,1664,1776,0,3440
8461,1263,1395,0,2658
8462,1036,1277,0,2313
8463,1417,1373,0,2790
8464,1052,1405,0,2457
8465,1143,1319,0,2462
8466,1648,1694,0,3342
8467,1514,1537,0,3051
8468,1273,1370,0,2643
8469,1863,1045,0,2908
8470,1109,1134,0,2243
8471,1222,1951,0,3173
8472,1934,1659,0,3593
8473,1884,1989,0,3873
8474,1098,1547,0,2645
8475,1369,1754,0,3123
8476,1855,1528,0,3383
8477,1266,1881,0,3147
8478,1820,1279,0,3099
8479,1681,1660,0,3341
8480,1175,1337,0,2512
8481,1559,1001,0,2560
8482,1778,1465,0,3243
8483,1018,1583,0,2601
8484,1412,1304,0,2716
8485,1521,1811,0,3332
8486,1986,1461,0,3447
8487,1445,1846,0,3291
8488,1406,1925,0,3331
8489,1742,1587,0,3329
8490,1254,1253,0,2507
8491,1817,1899,0,3716
8492,1070,1018,0,2088
8493,1015,1233,0,2248
8494,1152,1492,0,2644
8495,1790,1623,0,3413
8496,1778,1196,0,2974
8497,1021,1495,0,2516
8498,1923,1569,0,3492
8499,1021,1555,0,2576
8500,1277,1832,0,3109
8501,1331,1857,0,3188
8502,1120,1064,0,2184
8503,1957,1945,0,3902
8504,1971,1915,0,3886
8505,1889,1061,0,2950
8506,1904,1023,0,2927
8507,1444,1931,0,3375
8508,1483,1563,0,3046
8509,1123,1643,0,2766
8510,1963,1349,0,3312
8511,1344,1333,0,2677
8512,1928,1066,0,2994
8513,1141,1825,0,2966
8514,1299,1784,0,3083
8515,1539,1900,0,3439
8516,1760,1413,0,3173
8517,1680,1381,0,3061
8518,1347,1125,0,2472
8519,1241,1637,0,2878
8520,1759,1437,0,3196
8521,1724,1679,0,3403
8522,1877,1298,0,3175
8523,1116,1299,0,2415
8524,1172,1079,0,2251
8525,1783,1562,0,3345
8526,1604,1333,0,2937
8527,1307,1025,0,2332
8528,1406,1582,0,2988
8529,1606,1850,0,3456
8530,1911,1179,0,3090
8531,1561,1703,0,3264
8532,1868,1503,0,3371
8533,1460,1470,0,2930
8534,1001,1045,0,2046
8535,1610,1619,0,3229
8536,1781,1544,0,3325
8537,1900,1764,0,3664
8538,1995,1044,0,3039
8539,1397,1979,0,3376
8540,1058,1142,0,2200
8541,1582,1858,0,3440
8542,1315,1904,0,3219
8543,1438,1847,0,3285
8544,1450,1194,0,2644
8545,1638,1078,0,2716
8546,1758,1878,0,3636
8547,1669,1325,0,2994
8548,1200,1736,0,2936
8549,1938,1113,0,3051
8550,1852,1424,0,3276
8551,1088,1631,0,2719
8552,1102,1698,0,2800
8553,1220,1987,0,3207
8554,1831,1413,0,3244
8555,1415,1660,0,3075
8556,1244,1780,0,3024
8557,1091,1811,0,2902
8558,1903,1694,0,3597
8559,1506,1950,0,3456
8560,1998,1798,0,3796
8561,1926,1868,0,3794
8562,1837,1616,0,3453
8563,1093,1418,0,2511
8564,1295,1292,0,2587
8565,1718,1679,0,3397
8566,1952,1482,0,3434
8567,1687,1282,0,2969
8568,1511,1229,0,2740
8569,1280,1473,0,2753
8570,1316,1868,0,3184
8571,2000,1629,0,3629
8572,1674,1202,0,2876
8573,1420,1103,0,2523
8574,1828,1327,0,3155
8575,1909,1500,0,3409
8576,1286,1368,0,2654
8577,1696,1769,0,3465
8578,1909,1319,0,3228
8579,1731,1269,0,3000
8580,1171,1400,0,2571
8581,1725,1414,0,3139
8582,1877,1893,0,3770
8583,1152,1864,0,3016
8584,1932,1084,0,3016
8585,1145,1962,0,3107
8586,1919,1617,0,3536
8587,1223,1856,0,3079
8588,1295,1633,0,2928
8589,1631,1718,0,3349
8590,1619,1701,0,3320
8591,1295,1504,0,2799
8592,1496,1838,0,3334
8593,1235,1015,0,2250
8594,1058,1418,0,2476
8595,1312,1670,0,2982
8596,1253,1887,0,3140
8597,1730,1030,0,2760
8598,1532,1104,0,2636
8599,1452,1867,0,3319
8600,1017,1650,0,2667
8601,1127,1015,0,2142
8602,1783,1477,0,3260
8603,1880,1777,0,3657
8604,1774,1670,0,3444
8605,1858,1970,0,3828
8606,1991,1550,0,3541
8607,1654,1633,0,3287
8608,1199,1268,0,2467
8609,1142,1528,0,2670
8610,1710,1439,0,3149
8611,1543,1715,0,3258
8612,1633,1527,0,3160
8613,1422,1003,0,2425
8614,1432,1932,0,3364
8615,1282,1981,0,3263
8616,1336,1397,0,2733
8617,1547,1454,0,3001
8618,1128,1100,0,2228
8619,1774,1737,0,3511
8620,1973,1557,0,3530
8621,1671,1868,0,3539
8622,1740,1604,0,3344
8623,1875,1411,0,3286
8624,1629,1793,0,3422
8625,1969,1484,0,3453
8626,1754,1484,0,3238
8627,1135,1680,0,2815
8628,1806,1568,0,3374
8629,1868,1262,0,3130
8630,1108,1292,0,2400
8631,1630,1484,0,3114
8632,1616,1012,0,2628
8633,1684,1296,0,2980
8634,1817,1238,0,3055
8635,1965,1704,0,3669
8636,1420,1098,0,2518
8637,1478,1315,0,2793
8638,1733,1818,0,3551
8639,1552,1237,0,2789
8640,1804,1957,0,3761
8641,1654,1124,0,2778
8642,1696,1263,0,2959
8643,1584,1497,0,3081
8644,1407,1356,0,2763
8645,1835,1962,0,3797
8646,1204,1098,0,2302
8647,1842,1293,0,3135
8648,1552,1310,0,2862
8649,1079,1562,0,2641
8650,1156,1764,0,2920
8651,1608,1243,0,2851
8652,1713,1360,0,3073
8653,1186,1622,0,2808
8654,1728,1617,0,3345
8655,1277,1101,0,2378
8656,1640,1061,0,2701
8657,1714,1746,0,3460
8658,1470,1995,0,3465
8659,1647,1233,0,2880
8660,1067,1437,0,2504
8661,1486,1285,0,2771
8662,1660,1976,0,3636
8663,1734,1739,0,3473
8664,1361,1459,0,2820
8665,1192,1264,0,2456
8666,1266,1687,0,2953
8667,1565,1376,0,2941
8668,1361,1225,0,2586
8669,1069,1082,0,2151
8670,1007,1628,0,2635
8671,1907,1415,0,3322
8672,1074,1889,0,2963
8673,1170,1900,0,3070
8674,1615,1349,0,2964
8675,1890,1590,0,3480
8676,1223,1846,0,3069
8677,1076,1756,0,2832
8678,1896,1509,0,3405
8679,1637,1763,0,3400
8680,1662,1557,0,3219
8681,1870,1344,0,3214
8682,1993,1440,0,3433
8683,1379,1039,0,2418
8684,1760,1997,0,3757
8685,1688,1754,0,3442
8686,1888,1135,0,3023
8687,1462,1960,0,3422
8688,1552,1802,0,3354
8689,1864,1961,0,3825
8690,1939,1810,0,3749
8691,1045,1741,0,2786
8692,1102,1307,0,2409
8693,1304,1763,0,3067
8694,1127,1810,0,2937
8695,1637,1585,0,3222
8696,1576,1394,0,2970
8697,1316,1557,0,2873
8698,1444,1399,0,2843
8699,1848,1143,0,2991
8700,1395,1944,0,3339
8701,1110,1664,0,2774
8702,1773,1234,0,3007
8703,1750,1521,0,3271
8704,1486,1578,0,3064
8705,1666,1398,0,3064
8706,1216,1877,0,3093
8707,1789,1369,0,3158
8708,1607,1216,0,2823
8709,1002,1404,0,2406
8710,1475,1546,0,3021
8711,1614,1393,0,3007
8712,1302,1393,0,2695
8713,1737,1484,0,3221
8714,1758,1420,0,3178
8715,1729,1028,0,2757
8716,1492,1137,0,2629
8717,1619,1027,0,2646
8718,1114,1198,0,2312
8719,1743,1472,0,3215
8720,1162,1033,0,2195
8721,1610,1190,0,2800
8722,1809,1433,0,3242
8723,1507,1802,0,3309
8724,1395,1618,0,3013
8725,1613,1871,0,3484
8726,1336,1402,0,2738
8727,1035,1743,0,2778
8728,1160,1641,0,2801
8729,1227,1213,0,2440
8730,1403,1176,0,2579
8731,1978,1644,0,3622
8732,1133,1196,0,2329
8733,1764,1315,0,3079
8734,1739,1547,0,3286
8735,1976,1849,0,3825
8736,1359,1368,0,2727
8737,1317,1406,0,2723
8738,1235,1580,0,2815
8739,1600,1013,0,2613
8740,1947,1187,0,3134
8741,1178,1838,0,3016
8742,1228,1237,0,2465
8743,1831,1086,0,2917
8744,1121,1644,0,2765
8745,1858,1823,0,3681
8746,1010,1990,0,3000
8747,1153,1903,0,3056
8748,1405,1640,0,3045
8749,1013,1303,0,2316
8750,1669,1945,0,3614
8751,1246,1330,0,2576
8752,1862,1930,0,3792
8753,1819,1905,0,3724
8754,1261,1662,0,2923
8755,1645,1548,0,3193
8756,1214,1384,0,2598
8757,1010,1001,0,2011
8758,1314,1242,0,2556
8759,1239,1768,0,3007
8760,1479,1628,0,3107
8761,1435,1090,0,2525
8762,1339,1690,0,3029
8763,1389,1833,0,3222
8764,1814,1983,0,3797
8765,1104,1436,0,2540
8766,1230,1604,0,2834
8767,1903,1929,0,3832
8768,1688,1680,0,3368
8769,1823,1331,0,3154
8770,1960,1399,0,3359
8771,1932,1168,0,3100
8772,1943,1053,0,2996
8773,1254,1203,0,2457
8774,1169,1981,0,3150
8775,1011,1511,0,2522
8776,1288,1108,0,2396
8777,1202,1128,0,2330
8778,1210,1021,0,2231
8779,1786,1602,0,3388
8780,1659,1904,0,3563
8781,1363,1433,0,2796
8782,1082,1585,0,2667
8783,1044,1125,0,2169
8784,1390,1970,0,3360
8785,1895,1175,0,3070
8786,1582,1870,0,3452
8787,1660,1709,0,3369
8788,1105,1114,0,2219
8789,1169,1859,0,3028
8790,1533,1429,0,2962
8791,1080,1847,0,2927
8792,1697,1431,0,3128
8793,1563,1540,0,3103
8794,1240,1650,0,2890
8795,1321,1242,0,2563
8796,1140,1507,0,2647
8797,1083,1254,0,2337
8798,1703,1153,0,2856
8799,1985,1115,0,3100
8800,1547,1738,0,3285
8801,1727,1188,0,2915
8802,1010,1474,0,2484
8803,1362,1029,0,2391
8804,1370,1084,0,2454
8805,1390,1133,0,2523
8806,1289,1012,0,2301
8807,1717,1235,0,2952
8808,1811,1766,0,3577
8809,1454,1862,0,3316
8810,1916,1008,0,2924
8811,1682,1516,0,3198
8812,1533,1287,0,2820
8813,1673,1504,0,3177
8814,1891,1498,0,3389
8815,1160,1319,0,2479
8816,1734,1645,0,3379
8817,1412,1153,0,2565
8818,1234,1297,0,2531
8819,1362,1047,0,2409
8820,1674,1559,0,3233
8821,1457,1334,0,2791
8822,1687,1325,0,3012
8823,1015,1702,0,2717
8824,1294,1967,0,3261
8825,1958,1832,0,3790
8826,1085,1074,0,2159
8827,1237,1854,0,3091
8828,1442,1326,0,2768
8829,1218,1256,0,2474
8830,1535,1608,0,3143
8831,1900,1905,0,3805
8832,1298,1397,0,2695
8833,1887,1291,0,3178
8834,1534,1419,0,2953
8835,1877,1865,0,3742
8836,1501,1115,0,2616
8837,1513,1063,0,2576
8838,1669,1272,0,2941
8839,1499,1917,0,3416
8840,1023,1913,0,2936
8841,1803,1008,0,2811
8842,1382,1886,0,3268
8843,1105,1898,0,3003
8844,1567,1165,0,2732
8845,1246,1649,0,2895
8846,1556,1401,0,2957
8847,1189,1695,0,2884
8848,1999,1291,0,3290
8849,1120,1884,0,3004
8850,1064,1606,0,2670
8851,1341,1926,0,3267
8852,1494,1682,0,3176
8853,1365,1267,0,2632
8854,1415,1558,0,2973
8855,1815,1228,0,3043
8856,1138,1065,0,2203
8857,1670,1683,0,3353
8858,1459,1507,0,2966
8859,1001,1015,0,2016
8860,1342,1585,0,2927
8861,1365,1794,0,3159
8862,1672,1630,0,3302
8863,1007,1039,0,2046
8864,1813,1167,0,2980
8865,1294,1401,0,2695
8866,1585,1191,0,2776
8867,1561,1965,0,3526
8868,1626,1614,0,3240
8869,1968,1352,0,3320
8870,1657,1130,0,2787
8871,1089,1142,0,2231
8872,1482,1363,0,2845
8873,1271,1149,0,2420
8874,1458,1975,0,3433
8875,1236,1162,0,2398
8876,1368,1936,0,3304
8877,1820,1480,0,3300
8878,1752,1243,0,2995
8879,1120,1759,0,2879
8880,1097,1453,0,2550
8881,1563,1514,0,3077
8882,1161,1543,0,2704
8883,1008,1700,0,2708
8884,1096,1203,0,2299
8885,1558,1282,0,2840
8886,1758,1669,0,3427
8887,1139,1535,0,2674
8888,1672,1589,0,3261
8889,1771,1002,0,2773
8890,1428,1532,0,2960
8891,1536,1662,0,3198
8892,1876,1859,0,3735
8893,1445,1382,0,2827
8894,1685,1905,0,3590
8895,1747,1080,0,2827
8896,1394,1547,0,2941
8897,1068,1842,0,2910
8898,1941,1343,0,3284
8899,1105,1436,0,2541
8900,1321,1287,0,2608
8901,1527,1803,0,3330
8902,1337,1466,0,2803
8903,1708,1139,0,2847
8904,1306,1017,0,2323
8905,1061,1898,0,2959
8906,1473,1158,0,2631
8907,1935,1738,0,3673
8908,1262,1447,0,2709
8909,1585,1464,0,3049
8910,1282,1661,0,2943
8911,1343,1991,0,3334
8912,1865,1750,0,3615
8913,1011,1319,0,2330
8914,1272,1103,0,2375
8915,1396,1814,0,3210
8916,1163,1287,0,2450
8917,1193,1693,0,2886
8918,1190,1986,0,3176
8919,1560,1732,0,3292
8920,1483,1664,0,3147
8921,1466,1204,0,2670
8922,1535,1941,0,3476
8923,1004,1090,0,2094
8924,1285,1473,0,2758
8925,1592,1810,0,3402
8926,1763,1538,0,3301
8927,1647,1898,0,3545
8928,1409,1249,0,2658
8929,1962,1166,0,3128
8930,1424,1952,0,3376
8931,1724,1733,0,3457
8932,1973,1431,0,3404
8933,1284,1396,0,2680
8934,1430,1441,0,2871
8935,1028,1088,0,2116
8936,1365,1200,0,2565
8937,1580,1583,0,3163
8938,1607,1172,0,2779
8939,1900,1251,0,3151
8940,1935,1498,0,3433
8941,1126,1232,0,2358
8942,1816,1732,0,3548
8943,1497,1562,0,3059
8944,1621,1933,0,3554
8945,1373,1651,0,3024
8946,1099,1311,0,2410
8947,1733,1123,0,2856
8948,1924,1115,0,3039
8949,1061,1629,0,2690
8950,1007,1412,0,2419
8951,1454,1263,0,2717
8952,1379,1053,0,2432
8953,1619,1458,0,3077
8954,1219,1391,0,2610
8955,1072,1576,0,2648
8956,1610,1364,0,2974
8957,1442,1186,0,2628
8958,1258,1931,0,3189
8959,1642,1714,0,3356
8960,1658,1831,0,3489
8961,1176,1204,0,2380
8962,1990,1503,0,3493
8963,1200,1120,0,2320
8964,1088,1091,0,2179
8965,1308,1952,0,3260
8966,1583,1592,0,3175
8967,1120,1664,0,2784
8968,1876,1767,0,3643
8969,1664,1751,0,3415
8970,1354,1001,0,2355
8971,1162,1378,0,2540
8972,1035,1667,0,2702
8973,1967,1421,0,3388
8974,1715,1011,0,2726
8975,1572,1933,0,3505
8976,1361,1758,0,3119
8977,1438,1501,0,2939
8978,1959,1151,0,3110
8979,1649,1152,0,2801
8980,1377,1264,0,2641
8981,1511,1207,0,2718
8982,1738,1538,0,3276
8983,1179,1205,0,2384
8984,1129,1981,0,3110
8985,1829,1054,0,2883
8986,1065,1312,0,2377
8987,1702,1765,0,3467
8988,1515,1929,0,3444
8989,1216,1384,0,2600
8990,1746,1534,0,3280
8991,1443,1992,0,3435
8992,1714,1307,0,3021
8993,1148,1884,0,3032
8994,1274,1890,0,3164
8995,1020,1873,0,2893
8996,1712,1977,0,3689
8997,1021,1863,0,2884
8998,1795,1694,0,3489
8999,1002,1582,0,2584
9000,1215,1296,0,2511
9001,1034,1491,0,2525
9002,1900,1784,0,3684
9003,1090,1058,0,2148
9004,1798,1770,0,3568
9005,1496,1795,0,3291
9006,1361,1396,0,2757
9007,1824,1732,0,3556
9008,1722,1570,0,3292
9009,1410,1940,0,3350
9010,1518,1895,0,3413
9011,1935,1191,0,3126
9012,1115,1458,0,2573
9013,1413,1011,0,2424
9014,1541,1655,0,3196
9015,1001,1615,0,2616
9016,1982,1096,0,3078
9017,1451,1366,0,2817
9018,1132,1010,0,2142
9019,1027,1658,0,2685
9020,1196,1057,0,2253
9021,1140,1396,0,2536
9022,1037,1679,0,2716
9023,1987,1916,0,3903
9024,1765,1983,0,3748
9025,1050,1475,0,2525
9026,1781,1293,0,3074
9027,1514,1507,0,3021
9028,1141,1615,0,2756
9029,1372,1771,0,3143
9030,1935,1469,0,3404
9031,1369,1689,0,3058
9032,1822,1056,0,2878
9033,1149,1136,0,2285
9034,1730,1239,0,2969
9035,1531,1592,0,3123
9036,1113,1090,0,2203
9037,1399,1145,0,2544
9038,1057,1757,0,2814
9039,1920,1765,0,3685
9040,1304,1325,0,2629
9041,1996,1894,0,3890
9042,1876,1871,0,3747
9043,1908,1701,0,3609
9044,1445,1357,0,2802
9045,1110,1139,0,2249
9046,1917,1141,0,3058
9047,1832,1268,0,3100
9048,1618,1345,0,2963
9049,1608,1684,0,3292
9050,1448,1577,0,3025
9051,1111,1296,0,2407
9052,1846,1413,0,3259
9053,1107,1519,0,2626
9054,1968,1437,0,3405
9055,1421,1767,0,3188
9056,1903,1566,0,3469
9057,1053,1428,0,2481
9058,1858,1776,0,3634
9059,1213,1651,0,2864
9060,1288,1759,0,3047
9061,1898,1294,0,3192
9062,1291,1579,0,2870
9063,1790,1486,0,3276
9064,1931,1170,0,3101
9065,1052,1684,0,2736
9066,1270,1823,0,3093
9067,1870,1981,0,3851
9068,1480,1465,0,2945
9069,1175,1932,0,3107
9070,1507,1780,0,3287
9071,1091,1494,0,2585
9072,1936,1068,0,3004
9073,1319,1769,0,3088
9074,1917,1560,0,3477
9075,1751,1726,0,3477
9076,1393,1365,0,2758
9077,1223,1421,0,2644
9078,1515,1667,0,3182
9079,1543,1328,0,2871
9080,1215,1470,0,2685
9081,1073,1720,0,2793
9082,1163,1059,0,2222
9083,1001,1600,0,2601
9084,1571,1061,0,2632
9085,1650,1156,0,2806
9086,1255,1812,0,3067
9087,1512,1462,0,2974
9088,1075,1869,0,2944
9089,1747,1776,0,3523
9090,1078,1602,0,2680
9091,1888,1620,0,3508
9092,1259,1876,0,3135
9093,1265,1276,0,2541
9094,1596,1016,0,2612
9095,1205,1623,0,2828
9096,1024,1477,0,2501
9097,1347,1305,0,2652
9098,1357,1919,0,3276
9099,1866,1902,0,3768
9100,1092,1840,0,2932
9101,1089,1298,0,2387
9102,1860,1063,0,2923
9103,1987,1950,0,3937
9104,1057,1855,0,2912
9105,1556,1301,0,2857
9106,1399,1437,0,2836
9107,1725,1559,0,3284
9108,1914,1613,0,3527
9109,1788,1273,0,3061
9110,1853,1749,0,3602
9111,1935,1424,0,3359
9112,1505,1797,0,3302
9113,1975,1388,0,3363
9114,1386,1100,0,2486
9115,1204,1022,0,2226
9116,1564,1748,0,3312
9117,1621,1406,0,3027
9118,1178,1859,0,3037
9119,1667,1590,0,3257
9120,1577,1281,0,2858
9121,1126,1741,0,2867
9122,1537,1675,0,3212
9123,1507,1156,0,2663
9124,1035,1144,0,2179
9125,1442,1485,0,2927
9126,1678,1861,0,3539
9127,1566,1303,0,2869
9128,1311,1785,0,3096
9129,1104,1692,0,2796
9130,1490,1677,0,3167
9131,1750,1830,0,3580
9132,1725,1696,0,3421
9133,1953,1352,0,3305
9134,1427,1357,0,2784
9135,1068,1690,0,2758
9136,1778,1376,0,3154
9137,1955,1596,0,3551
9138,1322,1897,0,3219
9139,1676,1922,0,3598
9140,1886,1780,0,3666
9141,1264,1105,0,2369
9142,1084,1266,0,2350
9143,1305,1807,0,3112
9144,1588,1070,0,2658
9145,1852,1021,0,2873
9146,1478,1798,0,3276
9147,1177,1772,0,2949
9148,1995,1760,0,3755
9149,1390,1969,0,3359
9150,1023,1789,0,2812
9151,1938,1359,0,3297
9152,1063,1467,0,2530
9153,1707,1335,0,3042
9154,1421,1872,0,3293
9155,1722,1354,0,3076
9156,1416,1949,0,3365
9157,1917,1505,0,3422
9158,1008,1643,0,2651
9159,1868,1623,0,3491
9160,1088,1644,0,2732
9161,1200,1207,0,2407
9162,1969,1501,0,3470
9163,1092,1840,0,2932
9164,1262,1814,0,3076
9165,1118,1104,0,2222
9166,1629,1856,0,3485
9167,1019,1665,0,2684
9168,1670,1629,0,3299
9169,1828,1783,0,3611
9170,1790,1031,0,2821
9171,1676,1459,0,3135
9172,1266,1967,0,3233
9173,1574,1844,0,3418
9174,1786,1485,0,3271
9175,1786,1719,0,3505
9176,1366,1438,0,2804
9177,1187,1715,0,2902
9178,1934,1158,0,3092
9179,1386,1448,0,2834
9180,1879,1156,0,3035
9181,1215,1514,0,2729
9182,1731,1628,0,3359
9183,1701,1241,0,2942
9184,1894,1508,0,3402
9185,1552,1369,0,2921
9186,1204,1227,0,2431
9187,1411,1732,0,3143
9188,1756,1114,0,2870
9189,1065,1969,0,3034
9190,1712,1434,0,3146
9191,1132,1395,0,2527
9192,1532,1505,0,3037
9193,1109,1333,0,2442
9194,1399,1839,0,3238
9195,1200,1140,0,2340
9196,1949,1648,0,3597
9197,1579,1562,0,3141
9198,1463,1317,0,2780
9199,1802,1203,0,3005
9200,1505,1006,0,2511
9201,1835,1749,0,3584
9202,1678,1443,0,3121
9203,1833,1771,0,3604
9204,1419,1698,0,3117
9205,1143,1677,0,2820
9206,1271,1707,0,2978
9207,1466,1606,0,3072
9208,1320,1567,0,2887
9209,1561,1522,0,3083
9210,1909,1059,0,2968
9211,1740,1552,0,3292
9212,1299,1582,0,2881
9213,1799,1667,0,3466
9214,1422,1698,0,3120
9215,1029,1800,0,2829
9216,1486,1777,0,3263
9217,1646,1420,0,3066
9218,1404,1519,0,2923
9219,1738,1813,0,3551
9220,1929,1689,0,3618
9221,1416,1516,0,2932
9222,1459,1009,0,2468
9223,1145,1768,0,2913
9224,1907,1467,0,3374
9225,1590,1309,0,2899
9226,1861,1273,0,3134
9227,1067,1087,0,2154
9228,1210,1752,0,2962
9229,1134,1769,0,2903
9230,1847,1646,0,3493
9231,1562,1924,0,3486
9232,1066,1905,0,2971
9233,1337,1641,0,2978
9234,1760,1768,0,3528
9235,1511,1075,0,2586
9236,1241,1373,0,2614
9237,1732,1870,0,3602
9238,1622,1996,0,3618
9239,1284,1329,0,2613
9240,1953,1439,0,3392
9241,1727,1923,0,3650
9242,1085,1435,0,2520
9243,1081,1545,0,2626
9244,1752,1162,0,2914
9245,1617,1659,0,3276
9246,1710,1725,0,3435
9247,1684,1608,0,3292
9248,1547,1865,0,3412
9249,1886,1462,0,3348
9250,1436,1649,0,3085
9251,1409,1501,0,2910
9252,1647,1491,0,3138
9253,1925,1381,0,3306
9254,1098,1423,0,2521
9255,1769,1718,0,3487
9256,1720,1357,0,3077
9257,1170,1247,0,2417
9258,1600,1917,0,3517
9259,1478,1812,0,3290
9260,1790,1416,0,3206
9261,1847,1119,0,2966
9262,1518,1004,0,2522
9263,1731,1565,0,3296
9264,1453,1682,0,3135
9265,1500,1333,0,2833
9266,1947,1837,0,3784
9267,1725,1673,0,3398
9268,1895,1903,0,3798
9269,1288,1510,0,2798
9270,1902,1237,0,3139
9271,1195,1221,0,2416
9272,1268,1233,0,2501
9273,1747,1782,0,3529
9274,1050,1886,0,2936
9275,1254,1309,0,2563
9276,1145,1312,0,2457
9277,1311,1053,0,2364
9278,1722,1997,0,3719
9279,1915,1973,0,3888
9280,1572,1973,0,3545
9281,1765,1723,0,3488
9282,1229,1256,0,2485
9283,1671,1214,0,2885
9284,1587,1958,0,3545
9285,1932,1343,0,3275
9286,1789,1189,0,2978
9287,1375,1623,0,2998
9288,1689,1312,0,3001
9289,1503,1871,0,3374
9290,1119,1082,0,2201
9291,1627,1405,0,3032
9292,1845,1099,0,2944
9293,1409,1838,0,3247
9294,1348,1885,0,3233
9295,1077,1725,0,2802
9296,1008,1079,0,2087
9297,1809,1403,0,3212
9298,1577,1280,0,2857
9299,1972,1796,0,3768
9300,1877,1293,0,3170
9301,1935,1209,0,3144
9302,1718,1304,0,3022
9303,1163,1240,0,2403
9304,1540,1595,0,3135
9305,1467,1956,0,3423
9306,1466,1666,0,3132
9307,1161,1749,0,2910
9308,1168,1202,0,2370
9309,1445,1389,0,2834
9310,1208,1367,0,2575
9311,1853,1561,0,3414
9312,1466,1747,0,3213
9313,1372,1026,0,2398
9314,1582,1210,0,2792
9315,1110,1132,0,2242
9316,1750,1640,0,3390
9317,1368,1609,0,2977
9318,1561,1898,0,3459
9319,1393,1223,0,2616
9320,1942,1083,0,3025
9321,1937,1962,0,3899
9322,1677,1940,0,3617
9323,1218,1092,0,2310
9324,1267,1522,0,2789
9325,1230,1443,0,2673
9326,1671,1447,0,3118
9327,1166,1715,0,2881
9328,1667,1619,0,3286
9329,1526,1801,0,3327
9330,1420,1011,0,2431
9331,1356,1855,0,3211
9332,1129,1025,0,2154
9333,1387,1287,0,2674
9334,1305,1323,0,2628
9335,1180,1240,0,2420
9336,1266,1260,0,2526
9337,1818,1527,0,3345
9338,1510,1580,0,3090
9339,1301,1623,0,2924
9340,1678,1686,0,3364
9341,1674,1967,0,3641
9342,1996,1607,0,3603
9343,1583,1713,0,3296
9344,1255,1037,0,2292
9345,1804,1100,0,2904
9346,1052,1886,0,2938
9347,1787,1583,0,3370
9348,1850,1002,0,2852
9349,1492,1491,0,2983
9350,1348,1864,0,3212
9351,1386,1712,0,3098
9352,1045,1196,0,2241
9353,1749,1281,0,3030
9354,1289,1505,0,2794
9355,1459,1077,0,2536
9356,1068,1003,0,2071
9357,1340,1323,0,2663
9358,1397,1185,0,2582
9359,1806,1181,0,2987
9360,1548,1009,0,2557
9361,1324,1716,0,3040
9362,1328,1716,0,3044
9363,1675,1125,0,2800
9364,1313,1320,0,2633
9365,1545,1644,0,3189
9366,1938,1097,0,3035
9367,1670,1249,0,2919
9368,1314,1289,0,2603
9369,1774,1274,0,3048
9370,1581,1649,0,3230
9371,1930,1997,0,3927
9372,1934,1767,0,3701
9373,1106,1979,0,3085
9374,1827,1377,0,3204
9375,1351,1295,0,2646
9376,1713,1423,0,3136
9377,1088,1832,0,2920
9378,1333,1100,0,2433
9379,1398,1868,0,3266
9380,1663,1803,0,3466
9381,1582,1189,0,2771
9382,1885,1432,0,3317
9383,1501,1821,0,3322
9384,1073,1910,0,2983
9385,1949,1409,0,3358
9386,1472,1019,0,2491
9387,1616,1904,0,3520
9388,1613,1187,0,2800
9389,1326,1386,0,2712
9390,1280,1661,0,2941
9391,1515,1467,0,2982
9392,1028,1661,0,2689
9393,1526,1072,0,2598
9394,1840,1093,0,2933
9395,1830,1511,0,3341
9396,1945,1385,0,3330
9397,1142,1332,0,2474
9398,1200,1811,0,3011
9399,1885,1595,0,3480
9400,1565,1030,0,2595
9401,1652,1608,0,3260
9402,1773,1526,0,3299
9403,1932,1103,0,3035
9404,1573,1817,0,3390
9405,1380,1863,0,3243
9406,1830,1759,0,3589
9407,1129,1746,0,2875
9408,1283,1959,0,3242
9409,1954,1649,0,3603
9410,1910,2000,0,3910
9411,1035,1119,0,2154
9412,1234,1946,0,3180
9413,1023,1595,0,2618
9414,1473,1854,0,3327
9415,1617,1219,0,2836
9416,1319,1203,0,2522
9417,1301,1153,0,2454
9418,1460,1865,0,3325
9419,1816,1300,0,3116
9420,1417,1175,0,2592
9421,1086,1988,0,3074
9422,1775,1226,0,3001
9423,1363,1107,0,2470
9424,1477,1741,0,3218
9425,1728,1324,0,3052
9426,1261,1233,0,2494
9427,1583,1449,0,3032
9428,1608,1647,0,3255
9429,1532,1354,0,2886
9430,1584,1172,0,2756
9431,1918,1453,0,3371
9432,1255,1189,0,2444
9433,1690,1313,0,3003
9434,1390,1340,0,2730
9435,1385,1847,0,3232
9436,1271,1421,0,2692
9437,1054,1828,0,2882
9438,1900,1305,0,3205
9439,1654,1269,0,2923
9440,1126,1440,0,2566
9441,1384,1020,0,2404
9442,1904,1537,0,3441
9443,1902,1822,0,3724
9444,1118,1173,0,2291
9445,1458,1220,0,2678
9446,1505,1612,0,3117
9447,1229,1249,0,2478
9448,1320,1758,0,3078
9449,1906,1488,0,3394
9450,1000,1809,0,2809
9451,1196,1532,0,2728
9452,1733,1746,0,3479
9453,1593,1142,0,2735
9454,1168,1098,0,2266
9455,1909,1763,0,3672
9456,1337,1833,0,3170
9457,1398,1203,0,2601
9458,1911,1608,0,3519
9459,1096,1446,0,2542
9460,1697,1063,0,2760
9461,1213,1714,0,2927
9462,1257,1783,0,3040
9463,1225,1308,0,2533
9464,1791,1948,0,3739
9465,1275,1529,0,2804
9466,1337,1819,0,3156
9467,1353,1175,0,2528
9468,1002,1014,0,2016
9469,1715,1279,0,2994
9470,1930,1420,0,3350
9471,1303,1501,0,2804
9472,1593,1232,0,2825
9473,1082,1207,0,2289
9474,1478,1240,0,2718
9475,1506,1031,0,2537
9476,1632,1743,0,3375
9477,1683,1207,0,2890
9478,1308,1575,0,2883
9479,1486,1370,0,2856
9480,1791,1334,0,3125
9481,1209,1504,0,2713
9482,1399,1648,0,3047
9483,1289,1189,0,2478
9484,1789,1823,0,3612
9485,1675,1100,0,2775
9486,1335,1321,0,2656
9487,1427,1720,0,3147
9488,1867,1794,0,3661
9489,1003,1358,0,2361
9490,1349,1922,0,3271
9491,1069,1870,0,2939
9492,1580,1339,0,2919
9493,1133,1259,0,2392
9494,1288,1531,0,2819
9495,1448,1987,0,3435
9496,1855,1452,0,3307
9497,1340,1956,0,3296
9498,1985,1364,0,3349
9499,1325,1596,0,2921
9500,1525,1327,0,2852
9501,1518,1753,0,3271
9502,1781,1323,0,3104
9503,1378,1211,0,2589
9504,1490,1049,0,2539
9505,1630,1979,0,3609
9506,1041,1982,0,3023
9507,1257,1428,0,2685
9508,1304,1036,0,2340
9509,1289,1165,0,2454
9510,1416,1027,0,2443
9511,1837,1260,0,3097
9512,1374,1980,0,3354
9513,1647,1046,0,2693
9514,1208,1685,0,2893
9515,1975,1482,0,3457
9516,1207,1046,0,2253
9517,1131,1811,0,2942
9518,1939,1565,0,3504
9519,1989,1452,0,3441
9520,1602,1702,0,3304
9521,1267,1692,0,2959
9522,1284,1893,0,3177
9523,1454,1951,0,3405
9524,1271,1308,0,2579
9525,1524,1380,0,2904
9526,1112,1481,0,2593
9527,1081,1634,0,2715
9528,1880,1156,0,3036
9529,1826,1815,0,3641
9530,1425,1601,0,3026
9531,1500,1811,0,3311
9532,1564,1614,0,3178
9533,1904,1296,0,3200
9534,1374,1647,0,3021
9535,1337,1084,0,2421
9536,1034,1907,0,2941
9537,1939,1428,0,3367
9538,1430,1718,0,3148
9539,1082,1885,0,2967
9540,1414,1575,0,2989
9541,1852,1611,0,3463
9542,1004,1602,0,2606
9543,1967,1028,0,2995
9544,1872,1210,0,3082
9545,1033,1430,0,2463
9546,1553,1595,0,3148
9547,1701,1654,0,3355
9548,1365,1602,0,2967
9549,1831,1552,0,3383
9550,1286,1304,0,2590
9551,1070,1419,0,2489
9552,1331,1560,0,2891
9553,1390,1861,0,3251
9554,1966,1861,0,3827
9555,1761,1511,0,3272
9556,1525,1811,0,3336
9557,1515,1901,0,3416
9558,1183,1038,0,2221
9559,1987,1121,0,3108
9560,1591,1892,0,3483
9561,1125,1861,0,2986
9562,1029,1488,0,2517
9563,1980,1627,0,3607
9564,1329,1090,0,2419
9565,1416,1800,0,3216
9566,1118,1488,0,2606
9567,1023,1050,0,2073
9568,1692,1759,0,3451
9569,1575,1630,0,3205
9570,1337,1900,0,3237
9571,1277,1538,0,2815
9572,1545,1011,0,2556
9573,1999,1098,0,3097
9574,1833,1840,0,3673
9575,1493,1624,0,3117
9576,1790,1608,0,3398
9577,1456,1929,0,3385
9578,1519,1310,0,2829
9579,1393,1006,0,2399
9580,1776,1882,0,3658
9581,1433,1644,0,3077
9582,1303,1444,0,2747
9583,1762,1567,0,3329
9584,1738,1547,0,3285
9585,1306,1114,0,2420
9586,1188,1267,0,2455
9587,1393,1473,0,2866
9588,1597,1965,0,3562
9589,1366,1801,0,3167
9590,1057,1087,0,2144
9591,1914,1517,0,3431
9592,1530,1737,0,3267
9593,1602,1847,0,3449
9594,1830,1348,0,3178
9595,1044,1890,0,2934
9596,1729,1565,0,3294
9597,1279,1923,0,3202
9598,1214,1982,0,3196
9599,1481,1714,0,3195
9600,1802,1933,0,3735
9601,1668,1740,0,3408
9602,1138,1296,0,2434
9603,1324,1319,0,2643
9604,1202,1469,0,2671
9605,1193,1856,0,3049
9606,1257,1614,0,2871
9607,1256,1354,0,2610
9608,1508,1140,0,2648
9609,1253,1179,0,2432
9610,1651,1862,0,3513
9611,1334,1788,0,3122
9612,1459,1588,0,3047
9613,1562,1980,0,3542
9614,1826,1129,0,2955
9615,1532,1607,0,3139
9616,1752,1791,0,3543
9617,1458,1851,0,3309
9618,1463,1115,0,2578
9619,1223,1161,0,2384
9620,1569,1525,0,3094
9621,1550,1734,0,3284
9622,1106,1544,0,2650
9623,1623,1359,0,2982
9624,1636,1369,0,3005
9625,1543,1529,0,3072
9626,1308,1955,0,3263
9627,1338,1946,0,3284
9628,1173,1562,0,2735
9629,1438,1046,0,2484
9630,1753,1418,0,3171
9631,1900,1780,0,3680
9632,1133,1943,0,3076
9633,1920,1384,0,3304
9634,1502,1526,0,3028
9635,1614,1655,0,3269
9636,1035,1237,0,2272
9637,1077,1244,0,2321
9638,1655,1938,0,3593
9639,1260,1529,0,2789
9640,1182,1454,0,2636
9641,1133,1114,0,2247
9642,1993,1278,0,3271
9643,1179,1095,0,2274
9644,1017,1129,0,2146
9645,1732,1875,0,3607
9646,1022,1958,0,2980
9647,1465,1849,0,3314
9648,1459,1907,0,3366
9649,1824,1181,0,3005
9650,1003,1047,0,2050
9651,1065,1121,0,2186
9652,1364,1953,0,3317
9653,1656,1433,0,3089
9654,1953,1570,0,3523
9655,1542,1623,0,3165
9656,1714,1061,0,2775
9657,1788,1796,0,3584
9658,1925,1218,0,3143
9659,1625,1822,0,3447
9660,1797,1734,0,3531
9661,1863,1754,0,3617
9662,1174,1029,0,2203
9663,1775,1967,0,3742
9664,1912,1648,0,3560
9665,1938,1450,0,3388
9666,1273,1998,0,3271
9667,1271,1011,0,2282
9668,1390,1449,0,2839
9669,1313,1246,0,2559
9670,1355,1091,0,2446
9671,1982,1565,0,3547
9672,1059,1151,0,2210
9673,1289,1766,0,3055
9674,1535,1268,0,2803
9675,1598,1167,0,2765
9676,1235,1379,0,2614
9677,1706,1636,0,3342
9678,1630,1630,0,3260
9679,2000,1815,0,3815
9680,1111,1846,0,2957
9681,1693,1798,0,3491
9682,1787,1764,0,3551
9683,1421,1385,0,2806
9684,1518,1987,0,3505
9685,1793,1813,0,3606
9686,1296,1523,0,2819
9687,1802,1744,0,3546
9688,1502,1561,0,3063
9689,1336,1452,0,2788
9690,1585,1701,0,3286
9691,1974,1081,0,3055
9692,1605,1207,0,2812
9693,1717,1104,0,2821
9694,1201,1742,0,2943
9695,1436,1715,0,3151
9696,1558,1134,0,2692
9697,1242,1768,0,3010
9698,1792,1017,0,2809
9699,1174,1182,0,2356
9700,1552,1823,0,3375
9701,1204,1557,0,2761
9702,1388,1344,0,2732
9703,1216,1948,0,3164
9704,1531,1167,0,2698
9705,1827,1709,0,3536
9706,1880,1252,0,3132
9707,1192,1778,0,2970
9708,1030,1912,0,2942
9709,1318,1785,0,3103
9710,1404,1647,0,3051
9711,1918,1053,0,2971
9712,1568,1205,0,2773
9713,1808,1722,0,3530
9714,1154,1309,0,2463
9715,1664,1310,0,2974
9716,1526,1943,0,3469
9717,1638,1005,0,2643
9718,1667,1755,0,3422
9719,1412,1859,0,3271
9720,1725,1079,0,2804
9721,1152,1027,0,2179
9722,1438,1365,0,2803
9723,1322,1543,0,2865
9724,1079,1117,0,2196
9725,1879,1209,0,3088
9726,1893,1162,0,3055
9727,1743,1104,0,2847
9728,1332,1272,0,2604
9729,1770,1182,0,2952
9730,1253,1298,0,2551
9731,1942,1872,0,3814
9732,1594,1863,0,3457
9733,1041,1999,0,3040
9734,1170,1301,0,2471
9735,1452,1458,0,2910
9736,1569,1511,0,3080
9737,1252,1040,0,2292
9738,1179,1107,0,2286
9739,1072,1378,0,2450
9740,1629,1323,0,2952
9741,1205,1311,0,2516
9742,1253,1093,0,2346
9743,1379,1501,0,2880
9744,1464,1349,0,2813
9745,1591,1293,0,2884
9746,1081,1919,0,3000
9747,1787,1570,0,3357
9748,1556,1738,0,3294
9749,1576,1448,0,3024
9750,1304,1493,0,2797
9751,1809,1780,0,3589
9752,1946,1760,0,3706
9753,1824,1535,0,3359
9754,1980,1359,0,3339
9755,1180,1920,0,3100
9756,1421,1966,0,3387
9757,1641,1901,0,3542
9758,1831,1008,0,2839
9759,1816,1045,0,2861
9760,1235,1247,0,2482
9761,1691,1290,0,2981
9762,1108,1357,0,2465
9763,1179,1642,0,2821
9764,1817,1093,0,2910
9765,1833,1961,0,3794
9766,1406,1574,0,2980
9767,1508,1848,0,3356
9768,1449,1261,0,2710
9769,1450,1242,0,2692
9770,1047,1611,0,2658
9771,1049,1860,0,2909
9772,1056,1169,0,2225
9773,1768,1727,0,3495
9774,1978,1715,0,3693
9775,1523,1966,0,3489
9776,1951,1580,0,3531
9777,1762,1047,0,2809
9778,1317,1065,0,2382
9779,1226,1280,0,2506
9780,1524,1965,0,3489
9781,1539,1218,0,2757
9782,1527,1791,0,3318
9783,1583,1708,0,3291
9784,1238,1872,0,3110
9785,1016,1401,0,2417
9786,1893,1530,0,3423
9787,1626,1146,0,2772
9788,1573,1608,0,3181
9789,1171,1628,0,2799
9790,1781,1973,0,3754
9791,1347,1731,0,3078
9792,1528,1435,0,2963
9793,1316,1841,0,3157
9794,1967,1626,0,3593
9795,1324,1388,0,2712
9796,1665,1661,0,3326
9797,1041,1112,0,2153
9798,1389,1181,0,2570
9799,1654,1383,0,3037
9800,1219,1981,0,3200
9801,1558,1349,0,2907
9802,1326,1556,0,2882
9803,1787,1630,0,3417
9804,1111,1644,0,2755
9805,1551,1547,0,3098
9806,1448,1169,0,2617
9807,1954,1384,0,3338
9808,1313,1718,0,3031
9809,1506,1233,0,2739
9810,1205,1827,0,3032
9811,1851,1039,0,2890
9812,1113,1878,0,2991
9813,1301,1439,0,2740
9814,1001,1259,0,2260
9815,1970,1936,0,3906
9816,1030,1066,0,2096
9817,1913,1406,0,3319
9818,1290,1997,0,3287
9819,1605,1431,0,3036
9820,1978,1021,0,2999
9821,1863,1594,0,3457
9822,1109,1911,0,3020
9823,1466,1521,0,2987
9824,1632,1993,0,3625
9825,1957,1304,0,3261
9826,1058,1255,0,2313
9827,1142,1731,0,2873
9828,1624,1252,0,2876
9829,1481,1882,0,3363
9830,1599,1083,0,2682
9831,1630,1873,0,3503
9832,1642,1514,0,3156
9833,1676,1219,0,2895
9834,1164,1346,0,2510
9835,1959,1671,0,3630
9836,1520,1957,0,3477
9837,1406,1816,0,3222
9838,1228,1361,0,2589
9839,1772,1506,0,3278
9840,1745,1767,0,3512
9841,1257,1746,0,3003
9842,1619,1441,0,3060
9843,1569,1021,0,2590
9844,1445,1717,0,3162
9845,1763,1765,0,3528
9846,1861,1988,0,3849
9847,1255,1667,0,2922
9848,1645,1386,0,3031
9849,1698,1665,0,3363
9850,1462,1548,0,3010
9851,1133,1775,0,2908
9852,1363,1669,0,3032
9853,1044,1054,0,2098
9854,1949,1329,0,3278
9855,1643,1408,0,3051
9856,1251,1564,0,2815
9857,1868,1288,0,3156
9858,1919,1649,0,3568
9859,1406,1722,0,3128
9860,1459,1427,0,2886
9861,1551,1013,0,2564
9862,1494,1048,0,2542
9863,1657,1120,0,2777
9864,1974,1958,0,3932
9865,1972,1438,0,3410
9866,1881,1237,0,3118
9867,1386,1122,0,2508
9868,1016,1732,0,2748
9869,1212,1281,0,2493
9870,1607,1389,0,2996
9871,1850,1240,0,3090
9872,1270,1796,0,3066
9873,1217,1936,0,3153
9874,1863,1339,0,3202
9875,1516,1343,0,2859
9876,1527,1837,0,3364
9877,1453,1449,0,2902
9878,1799,1813,0,3612
9879,1137,1505,0,2642
9880,1115,1152,0,2267
9881,1722,1588,0,3310
9882,1913,1768,0,3681
9883,1969,1815,0,3784
9884,1090,1174,0,2264
9885,1135,1953,0,3088
9886,1222,1418,0,2640
9887,1473,1757,0,3230
9888,1088,1430,0,2518
9889,1637,1836,0,3473
9890,1780,1449,0,3229
9891,1643,1725,0,3368
9892,1268,1968,0,3236
9893,1543,1815,0,3358
9894,1690,1916,0,3606
9895,1301,1250,0,2551
9896,1425,1567,0,2992
9897,1094,1734,0,2828
9898,1432,1382,0,2814
9899,1030,1007,0,2037
9900,1456,1309,0,2765
9901,1761,1707,0,3468
9902,1333,1569,0,2902
9903,1196,1050,0,2246
9904,1481,1386,0,2867
9905,1774,1323,0,3097
9906,1656,1094,0,2750
9907,1484,1438,0,2922
9908,1099,1495,0,2594
9909,1517,1606,0,3123
9910,1447,1294,0,2741
9911,1087,1398,0,2485
9912,1205,1686,0,2891
9913,1055,1759,0,2814
9914,1915,1616,0,3531
9915,1464,1349,0,2813
9916,1587,1033,0,2620
9917,1208,1952,0,3160
9918,1593,1482,0,3075
9919,1967,1150,0,3117
9920,1417,1365,0,2782
9921,1159,1088,0,2247
9922,1344,1877,0,3221
9923,1207,1376,0,2583
9924,1157,1496,0,2653
9925,1001,1997,0,2998
9926,1601,1550,0,3151
9927,1769,1457,0,3226
9928,1593,1199,0,2792
9929,1975,1998,0,3973
9930,1846,1536,0,3382
9931,1735,1902,0,3637
9932,1908,1979,0,3887
9933,1361,1649,0,3010
9934,1209,1429,0,2638
9935,1331,1883,0,3214
9936,1970,1674,0,3644
9937,1252,1022,0,2274
9938,1086,1455,0,2541
9939,1879,1886,0,3765
9940,1062,1078,0,2140
9941,1920,1817,0,3737
9942,1060,1441,0,2501
9943,1972,1668,0,3640
9944,1238,1695,0,2933
9945,1775,1316,0,3091
9946,1015,1294,0,2309
9947,1433,1809,0,3242
9948,1434,1246,0,2680
9949,1252,1813,0,3065
9950,1951,1698,0,3649
9951,1733,1545,0,3278
9952,1918,1842,0,3760
9953,1670,1862,0,3532
9954,1827,1374,0,3201
9955,1558,2000,0,3558
9956,1197,1648,0,2845
9957,1847,1923,0,3770
9958,1736,1184,0,2920
9959,1848,1148,0,2996
9960,1026,1192,0,2218
9961,1420,1197,0,2617
9962,1698,1678,0,3376
9963,1801,1899,0,3700
9964,1243,1716,0,2959
9965,1050,1096,0,2146
9966,1022,1128,0,2150
9967,1568,1280,0,2848
9968,1631,1573,0,3204
9969,1839,1603,0,3442
9970,1226,1333,0,2559
9971,1277,1815,0,3092
9972,1126,1899,0,3025
9973,1060,1312,0,2372
9974,1970,1671,0,3641
9975,1271,1029,0,2300
9976,1363,1570,0,2933
9977,1829,1882,0,3711
9978,1205,1499,0,2704
9979,1385,1544,0,2929
9980,1612,1531,0,3143
9981,1867,1505,0,3372
9982,1578,1659,0,3237
9983,1175,1956,0,3131
9984,1789,1539,0,3328
9985,1384,1860,0,3244
9986,1044,1062,0,2106
9987,1149,1181,0,2330
9988,1113,1238,0,2351
9989,1351,1674,0,3025
9990,1275,1284,0,2559
9991,1058,1093,0,2151
9992,1301,1942,0,3243
9993,1064,1519,0,2583
9994,1667,1288,0,2955
9995,1336,1687,0,3023
9996,1377,1608,0,2985
9997,1161,1412,0,2573
9998,1341,1950,0,3291
9999,1625,1397,0,3022
