id,number_1,number_2,operator,solution
0,460,652,0,1112
1,497,912,0,1409
2,945,410,0,1355
3,744,967,0,1711
4,916,439,0,1355
5,966,43,0,1009
6,932,544,0,1476
7,613,310,0,923
8,191,182,0,373
9,128,187,0,315
10,755,80,0,835
11,226,289,0,515
12,659,885,0,1544
13,813,999,0,1812
14,911,295,0,1206
15,260,771,0,1031
16,274,590,0,864
17,578,367,0,945
18,200,373,0,573
19,879,181,0,1060
20,527,695,0,1222
21,710,544,0,1254
22,651,684,0,1335
23,601,825,0,1426
24,96,230,0,326
25,430,994,0,1424
26,340,433,0,773
27,836,299,0,1135
28,489,638,0,1127
29,868,896,0,1764
30,974,998,0,1972
31,684,158,0,842
32,423,725,0,1148
33,552,711,0,1263
34,800,894,0,1694
35,885,158,0,1043
36,516,200,0,716
37,684,294,0,978
38,988,615,0,1603
39,998,691,0,1689
40,424,368,0,792
41,806,806,0,1612
42,9,307,0,316
43,640,417,0,1057
44,901,254,0,1155
45,593,803,0,1396
46,13,306,0,319
47,84,305,0,389
48,652,1000,0,1652
49,506,72,0,578
50,823,333,0,1156
51,128,353,0,481
52,501,898,0,1399
53,453,748,0,1201
54,775,989,0,1764
55,358,451,0,809
56,946,969,0,1915
57,239,98,0,337
58,29,16,0,45
59,506,378,0,884
60,991,843,0,1834
61,599,200,0,799
62,703,489,0,1192
63,970,173,0,1143
64,297,739,0,1036
65,610,423,0,1033
66,548,803,0,1351
67,495,528,0,1023
68,61,723,0,784
69,557,198,0,755
70,314,250,0,564
71,620,716,0,1336
72,477,793,0,1270
73,561,971,0,1532
74,379,618,0,997
75,188,885,0,1073
76,665,979,0,1644
77,421,694,0,1115
78,953,732,0,1685
79,432,127,0,559
80,923,596,0,1519
81,379,492,0,871
82,690,166,0,856
83,801,608,0,1409
84,863,432,0,1295
85,416,923,0,1339
86,683,120,0,803
87,799,44,0,843
88,191,96,0,287
89,69,557,0,626
90,159,994,0,1153
91,733,305,0,1038
92,698,861,0,1559
93,198,275,0,473
94,96,822,0,918
95,663,476,0,1139
96,1,770,0,771
97,747,956,0,1703
98,535,514,0,1049
99,853,610,0,1463
100,796,886,0,1682
101,283,66,0,349
102,652,98,0,750
103,230,910,0,1140
104,366,62,0,428
105,730,850,0,1580
106,385,916,0,1301
107,173,42,0,215
108,768,884,0,1652
109,969,131,0,1100
110,501,661,0,1162
111,0,848,0,848
112,79,546,0,625
113,615,34,0,649
114,233,613,0,846
115,299,923,0,1222
116,401,667,0,1068
117,879,98,0,977
118,864,818,0,1682
119,975,605,0,1580
120,455,253,0,708
121,319,658,0,977
122,417,816,0,1233
123,321,134,0,455
124,425,453,0,878
125,602,461,0,1063
126,855,281,0,1136
127,304,753,0,1057
128,149,547,0,696
129,339,485,0,824
130,996,859,0,1855
131,829,213,0,1042
132,948,965,0,1913
133,217,651,0,868
134,247,398,0,645
135,619,334,0,953
136,975,633,0,1608
137,322,975,0,1297
138,15,377,0,392
139,776,430,0,1206
140,447,990,0,1437
141,552,493,0,1045
142,34,594,0,628
143,857,29,0,886
144,797,564,0,1361
145,913,554,0,1467
146,336,67,0,403
147,452,549,0,1001
148,98,968,0,1066
149,533,751,0,1284
150,752,636,0,1388
151,606,247,0,853
152,120,833,0,953
153,354,922,0,1276
154,735,203,0,938
155,829,693,0,1522
156,68,615,0,683
157,221,337,0,558
158,199,45,0,244
159,671,133,0,804
160,547,9,0,556
161,704,391,0,1095
162,759,783,0,1542
163,870,644,0,1514
164,177,371,0,548
165,927,304,0,1231
166,377,300,0,677
167,812,360,0,1172
168,899,979,0,1878
169,297,70,0,367
170,894,655,0,1549
171,436,885,0,1321
172,258,309,0,567
173,679,979,0,1658
174,730,688,0,1418
175,94,361,0,455
176,59,538,0,597
177,828,828,0,1656
178,538,251,0,789
179,351,27,0,378
180,728,986,0,1714
181,754,538,0,1292
182,367,277,0,644
183,402,48,0,450
184,574,470,0,1044
185,971,792,0,1763
186,917,500,0,1417
187,470,657,0,1127
188,60,224,0,284
189,317,933,0,1250
190,845,145,0,990
191,357,559,0,916
192,267,832,0,1099
193,705,762,0,1467
194,900,28,0,928
195,151,310,0,461
196,943,333,0,1276
197,188,826,0,1014
198,173,179,0,352
199,155,971,0,1126
200,647,623,0,1270
201,307,783,0,1090
202,567,526,0,1093
203,958,150,0,1108
204,183,930,0,1113
205,463,635,0,1098
206,779,676,0,1455
207,71,10,0,81
208,585,478,0,1063
209,311,148,0,459
210,680,420,0,1100
211,512,254,0,766
212,770,900,0,1670
213,456,580,0,1036
214,811,840,0,1651
215,757,990,0,1747
216,640,903,0,1543
217,99,97,0,196
218,970,438,0,1408
219,754,963,0,1717
220,191,796,0,987
221,317,944,0,1261
222,713,900,0,1613
223,78,294,0,372
224,755,68,0,823
225,795,634,0,1429
226,754,116,0,870
227,34,4,0,38
228,532,863,0,1395
229,466,991,0,1457
230,12,557,0,569
231,589,876,0,1465
232,894,16,0,910
233,47,9,0,56
234,250,209,0,459
235,386,312,0,698
236,602,172,0,774
237,716,919,0,1635
238,437,617,0,1054
239,709,206,0,915
240,970,456,0,1426
241,700,7,0,707
242,766,965,0,1731
243,231,423,0,654
244,23,795,0,818
245,35,221,0,256
246,544,314,0,858
247,586,964,0,1550
248,178,223,0,401
249,942,240,0,1182
250,182,497,0,679
251,720,501,0,1221
252,581,524,0,1105
253,12,113,0,125
254,817,72,0,889
255,795,76,0,871
256,689,501,0,1190
257,971,627,0,1598
258,607,547,0,1154
259,910,38,0,948
260,462,374,0,836
261,270,192,0,462
262,907,168,0,1075
263,336,639,0,975
264,416,785,0,1201
265,30,502,0,532
266,5,55,0,60
267,337,544,0,881
268,628,852,0,1480
269,628,182,0,810
270,615,780,0,1395
271,661,777,0,1438
272,208,904,0,1112
273,142,320,0,462
274,734,735,0,1469
275,103,637,0,740
276,593,417,0,1010
277,468,315,0,783
278,870,918,0,1788
279,252,359,0,611
280,116,170,0,286
281,801,527,0,1328
282,645,16,0,661
283,894,105,0,999
284,707,165,0,872
285,313,869,0,1182
286,650,260,0,910
287,649,866,0,1515
288,955,355,0,1310
289,476,777,0,1253
290,580,183,0,763
291,111,121,0,232
292,938,552,0,1490
293,40,710,0,750
294,938,36,0,974
295,3,415,0,418
296,353,510,0,863
297,367,910,0,1277
298,662,744,0,1406
299,729,138,0,867
300,903,313,0,1216
301,0,273,0,273
302,657,228,0,885
303,125,3,0,128
304,22,865,0,887
305,493,791,0,1284
306,775,22,0,797
307,894,430,0,1324
308,796,736,0,1532
309,428,542,0,970
310,891,64,0,955
311,216,523,0,739
312,222,890,0,1112
313,27,193,0,220
314,114,14,0,128
315,393,743,0,1136
316,446,57,0,503
317,71,953,0,1024
318,494,400,0,894
319,243,666,0,909
320,347,878,0,1225
321,681,773,0,1454
322,223,1,0,224
323,715,884,0,1599
324,678,349,0,1027
325,588,388,0,976
326,418,266,0,684
327,723,291,0,1014
328,844,796,0,1640
329,838,196,0,1034
330,133,315,0,448
331,693,998,0,1691
332,756,649,0,1405
333,281,670,0,951
334,373,656,0,1029
335,924,143,0,1067
336,886,0,0,886
337,270,260,0,530
338,698,623,0,1321
339,150,635,0,785
340,417,945,0,1362
341,639,614,0,1253
342,601,703,0,1304
343,856,652,0,1508
344,271,804,0,1075
345,221,342,0,563
346,569,661,0,1230
347,914,868,0,1782
348,194,358,0,552
349,990,47,0,1037
350,108,810,0,918
351,200,330,0,530
352,209,754,0,963
353,290,458,0,748
354,793,639,0,1432
355,93,864,0,957
356,22,117,0,139
357,742,81,0,823
358,500,546,0,1046
359,126,379,0,505
360,905,266,0,1171
361,611,488,0,1099
362,820,851,0,1671
363,943,760,0,1703
364,767,156,0,923
365,103,366,0,469
366,633,593,0,1226
367,332,552,0,884
368,783,517,0,1300
369,913,392,0,1305
370,457,268,0,725
371,439,485,0,924
372,897,245,0,1142
373,682,971,0,1653
374,373,938,0,1311
375,27,694,0,721
376,653,226,0,879
377,107,629,0,736
378,163,880,0,1043
379,405,681,0,1086
380,135,738,0,873
381,992,46,0,1038
382,168,854,0,1022
383,11,190,0,201
384,816,577,0,1393
385,495,611,0,1106
386,519,572,0,1091
387,629,935,0,1564
388,926,522,0,1448
389,295,448,0,743
390,736,889,0,1625
391,275,531,0,806
392,998,992,0,1990
393,570,835,0,1405
394,113,520,0,633
395,730,81,0,811
396,499,385,0,884
397,240,358,0,598
398,544,777,0,1321
399,363,58,0,421
400,417,666,0,1083
401,8,869,0,877
402,138,834,0,972
403,310,588,0,898
404,652,575,0,1227
405,463,499,0,962
406,90,605,0,695
407,428,705,0,1133
408,396,599,0,995
409,819,147,0,966
410,92,619,0,711
411,54,42,0,96
412,650,642,0,1292
413,317,87,0,404
414,943,329,0,1272
415,621,823,0,1444
416,339,268,0,607
417,747,405,0,1152
418,172,546,0,718
419,47,824,0,871
420,638,375,0,1013
421,143,136,0,279
422,135,440,0,575
423,308,543,0,851
424,133,259,0,392
425,720,563,0,1283
426,783,693,0,1476
427,965,119,0,1084
428,526,423,0,949
429,634,166,0,800
430,48,332,0,380
431,254,534,0,788
432,593,446,0,1039
433,285,681,0,966
434,560,520,0,1080
435,852,38,0,890
436,688,616,0,1304
437,789,133,0,922
438,879,679,0,1558
439,985,491,0,1476
440,498,492,0,990
441,466,956,0,1422
442,645,198,0,843
443,74,456,0,530
444,985,95,0,1080
445,723,64,0,787
446,4,334,0,338
447,936,221,0,1157
448,803,191,0,994
449,284,115,0,399
450,985,890,0,1875
451,159,141,0,300
452,264,413,0,677
453,949,557,0,1506
454,398,408,0,806
455,343,199,0,542
456,949,607,0,1556
457,431,284,0,715
458,901,645,0,1546
459,447,367,0,814
460,650,126,0,776
461,894,271,0,1165
462,109,682,0,791
463,506,843,0,1349
464,327,17,0,344
465,827,304,0,1131
466,143,349,0,492
467,652,796,0,1448
468,620,742,0,1362
469,264,634,0,898
470,708,778,0,1486
471,830,482,0,1312
472,685,717,0,1402
473,157,37,0,194
474,482,599,0,1081
475,50,494,0,544
476,189,896,0,1085
477,462,166,0,628
478,247,398,0,645
479,437,101,0,538
480,640,422,0,1062
481,339,955,0,1294
482,857,746,0,1603
483,605,652,0,1257
484,327,352,0,679
485,942,61,0,1003
486,60,39,0,99
487,686,752,0,1438
488,247,147,0,394
489,196,773,0,969
490,68,13,0,81
491,419,977,0,1396
492,941,478,0,1419
493,20,12,0,32
494,216,753,0,969
495,674,428,0,1102
496,78,745,0,823
497,614,688,0,1302
498,368,600,0,968
499,274,701,0,975
500,913,785,0,1698
501,212,336,0,548
502,117,291,0,408
503,427,323,0,750
504,201,950,0,1151
505,622,925,0,1547
506,446,906,0,1352
507,150,337,0,487
508,542,108,0,650
509,383,218,0,601
510,250,75,0,325
511,519,610,0,1129
512,802,63,0,865
513,506,313,0,819
514,376,977,0,1353
515,236,950,0,1186
516,701,37,0,738
517,913,394,0,1307
518,57,404,0,461
519,803,802,0,1605
520,127,128,0,255
521,558,537,0,1095
522,753,763,0,1516
523,657,857,0,1514
524,333,782,0,1115
525,126,984,0,1110
526,811,627,0,1438
527,546,647,0,1193
528,557,857,0,1414
529,176,861,0,1037
530,472,725,0,1197
531,768,621,0,1389
532,253,827,0,1080
533,4,942,0,946
534,945,989,0,1934
535,544,498,0,1042
536,615,327,0,942
537,328,45,0,373
538,689,7,0,696
539,205,31,0,236
540,33,31,0,64
541,881,105,0,986
542,98,4,0,102
543,983,563,0,1546
544,242,678,0,920
545,344,95,0,439
546,104,357,0,461
547,728,304,0,1032
548,730,325,0,1055
549,825,132,0,957
550,52,234,0,286
551,725,942,0,1667
552,669,514,0,1183
553,431,278,0,709
554,28,707,0,735
555,716,388,0,1104
556,330,28,0,358
557,680,489,0,1169
558,21,253,0,274
559,307,394,0,701
560,288,747,0,1035
561,850,24,0,874
562,487,533,0,1020
563,564,245,0,809
564,307,656,0,963
565,411,474,0,885
566,734,689,0,1423
567,806,580,0,1386
568,929,471,0,1400
569,5,542,0,547
570,986,739,0,1725
571,430,844,0,1274
572,980,135,0,1115
573,118,343,0,461
574,34,382,0,416
575,322,28,0,350
576,590,277,0,867
577,237,435,0,672
578,321,572,0,893
579,120,725,0,845
580,996,419,0,1415
581,724,289,0,1013
582,18,898,0,916
583,313,571,0,884
584,381,145,0,526
585,57,877,0,934
586,716,745,0,1461
587,802,572,0,1374
588,382,185,0,567
589,457,605,0,1062
590,394,848,0,1242
591,769,88,0,857
592,803,420,0,1223
593,253,614,0,867
594,459,439,0,898
595,642,728,0,1370
596,993,91,0,1084
597,721,601,0,1322
598,818,343,0,1161
599,275,350,0,625
600,799,471,0,1270
601,241,723,0,964
602,842,471,0,1313
603,381,657,0,1038
604,500,236,0,736
605,337,302,0,639
606,620,506,0,1126
607,735,587,0,1322
608,8,58,0,66
609,727,28,0,755
610,805,392,0,1197
611,798,616,0,1414
612,951,703,0,1654
613,616,449,0,1065
614,568,764,0,1332
615,794,625,0,1419
616,985,683,0,1668
617,24,451,0,475
618,448,465,0,913
619,698,932,0,1630
620,950,201,0,1151
621,426,782,0,1208
622,304,655,0,959
623,89,766,0,855
624,550,575,0,1125
625,701,890,0,1591
626,792,752,0,1544
627,243,504,0,747
628,235,182,0,417
629,905,428,0,1333
630,482,292,0,774
631,257,942,0,1199
632,128,164,0,292
633,534,957,0,1491
634,700,640,0,1340
635,288,522,0,810
636,93,77,0,170
637,401,846,0,1247
638,678,705,0,1383
639,155,380,0,535
640,615,745,0,1360
641,571,328,0,899
642,270,325,0,595
643,781,149,0,930
644,413,447,0,860
645,350,657,0,1007
646,843,916,0,1759
647,178,687,0,865
648,343,140,0,483
649,473,35,0,508
650,580,918,0,1498
651,72,387,0,459
652,31,704,0,735
653,3,685,0,688
654,685,402,0,1087
655,304,207,0,511
656,691,965,0,1656
657,905,839,0,1744
658,957,140,0,1097
659,876,733,0,1609
660,410,145,0,555
661,751,321,0,1072
662,683,221,0,904
663,681,760,0,1441
664,329,344,0,673
665,286,228,0,514
666,65,732,0,797
667,21,184,0,205
668,869,471,0,1340
669,129,721,0,850
670,973,74,0,1047
671,616,824,0,1440
672,19,907,0,926
673,399,93,0,492
674,377,862,0,1239
675,641,262,0,903
676,572,75,0,647
677,539,244,0,783
678,777,942,0,1719
679,274,181,0,455
680,663,549,0,1212
681,570,820,0,1390
682,943,866,0,1809
683,825,653,0,1478
684,921,738,0,1659
685,801,254,0,1055
686,220,342,0,562
687,73,527,0,600
688,104,883,0,987
689,929,978,0,1907
690,426,710,0,1136
691,469,824,0,1293
692,739,430,0,1169
693,216,266,0,482
694,96,968,0,1064
695,873,505,0,1378
696,362,705,0,1067
697,18,864,0,882
698,8,267,0,275
699,119,643,0,762
700,936,620,0,1556
701,837,800,0,1637
702,23,480,0,503
703,528,559,0,1087
704,233,925,0,1158
705,827,343,0,1170
706,261,587,0,848
707,379,917,0,1296
708,764,406,0,1170
709,463,629,0,1092
710,18,500,0,518
711,490,948,0,1438
712,772,191,0,963
713,229,704,0,933
714,659,168,0,827
715,719,598,0,1317
716,249,958,0,1207
717,609,209,0,818
718,483,558,0,1041
719,901,396,0,1297
720,279,843,0,1122
721,562,64,0,626
722,231,86,0,317
723,928,544,0,1472
724,547,266,0,813
725,23,650,0,673
726,797,513,0,1310
727,680,763,0,1443
728,81,629,0,710
729,708,405,0,1113
730,592,380,0,972
731,52,934,0,986
732,277,80,0,357
733,437,635,0,1072
734,54,304,0,358
735,388,126,0,514
736,483,427,0,910
737,801,991,0,1792
738,202,142,0,344
739,941,729,0,1670
740,785,904,0,1689
741,247,5,0,252
742,71,815,0,886
743,436,286,0,722
744,378,188,0,566
745,373,763,0,1136
746,480,43,0,523
747,998,900,0,1898
748,924,27,0,951
749,660,32,0,692
750,274,284,0,558
751,978,516,0,1494
752,140,282,0,422
753,364,881,0,1245
754,236,997,0,1233
755,791,441,0,1232
756,234,330,0,564
757,285,832,0,1117
758,789,169,0,958
759,735,694,0,1429
760,638,446,0,1084
761,624,44,0,668
762,178,274,0,452
763,946,202,0,1148
764,84,823,0,907
765,571,748,0,1319
766,824,92,0,916
767,892,370,0,1262
768,330,911,0,1241
769,38,752,0,790
770,51,41,0,92
771,993,528,0,1521
772,22,700,0,722
773,298,297,0,595
774,383,917,0,1300
775,1000,615,0,1615
776,249,647,0,896
777,102,625,0,727
778,778,858,0,1636
779,775,182,0,957
780,153,455,0,608
781,360,387,0,747
782,431,577,0,1008
783,88,984,0,1072
784,130,272,0,402
785,305,49,0,354
786,715,727,0,1442
787,35,224,0,259
788,577,226,0,803
789,633,526,0,1159
790,486,760,0,1246
791,62,621,0,683
792,578,633,0,1211
793,99,50,0,149
794,828,933,0,1761
795,824,820,0,1644
796,279,954,0,1233
797,836,730,0,1566
798,105,685,0,790
799,941,875,0,1816
800,841,388,0,1229
801,179,84,0,263
802,673,394,0,1067
803,403,973,0,1376
804,278,430,0,708
805,537,698,0,1235
806,30,212,0,242
807,228,843,0,1071
808,995,220,0,1215
809,807,496,0,1303
810,465,710,0,1175
811,128,412,0,540
812,707,193,0,900
813,86,284,0,370
814,841,414,0,1255
815,677,416,0,1093
816,300,330,0,630
817,15,432,0,447
818,275,810,0,1085
819,150,480,0,630
820,586,598,0,1184
821,800,219,0,1019
822,291,554,0,845
823,563,221,0,784
824,424,186,0,610
825,202,127,0,329
826,73,765,0,838
827,767,849,0,1616
828,536,561,0,1097
829,438,527,0,965
830,918,531,0,1449
831,105,112,0,217
832,243,253,0,496
833,430,617,0,1047
834,935,353,0,1288
835,123,686,0,809
836,692,293,0,985
837,538,786,0,1324
838,85,45,0,130
839,558,335,0,893
840,44,717,0,761
841,649,408,0,1057
842,119,84,0,203
843,850,441,0,1291
844,252,281,0,533
845,558,372,0,930
846,891,392,0,1283
847,96,451,0,547
848,907,798,0,1705
849,946,710,0,1656
850,913,876,0,1789
851,935,836,0,1771
852,251,588,0,839
853,397,910,0,1307
854,664,103,0,767
855,261,96,0,357
856,703,546,0,1249
857,831,847,0,1678
858,361,458,0,819
859,367,40,0,407
860,743,485,0,1228
861,889,857,0,1746
862,144,532,0,676
863,910,149,0,1059
864,776,79,0,855
865,463,808,0,1271
866,699,192,0,891
867,161,84,0,245
868,36,493,0,529
869,795,105,0,900
870,91,864,0,955
871,439,613,0,1052
872,564,985,0,1549
873,631,621,0,1252
874,850,698,0,1548
875,707,213,0,920
876,965,142,0,1107
877,975,881,0,1856
878,16,291,0,307
879,867,359,0,1226
880,49,641,0,690
881,385,478,0,863
882,964,622,0,1586
883,808,951,0,1759
884,663,859,0,1522
885,737,277,0,1014
886,140,238,0,378
887,365,207,0,572
888,807,885,0,1692
889,629,673,0,1302
890,425,898,0,1323
891,54,38,0,92
892,113,884,0,997
893,206,229,0,435
894,345,4,0,349
895,848,995,0,1843
896,515,865,0,1380
897,706,368,0,1074
898,248,27,0,275
899,416,432,0,848
900,180,737,0,917
901,989,911,0,1900
902,144,483,0,627
903,12,721,0,733
904,402,570,0,972
905,704,833,0,1537
906,737,550,0,1287
907,879,515,0,1394
908,368,756,0,1124
909,410,887,0,1297
910,257,565,0,822
911,99,831,0,930
912,586,814,0,1400
913,307,909,0,1216
914,548,6,0,554
915,993,299,0,1292
916,515,355,0,870
917,761,126,0,887
918,224,373,0,597
919,55,116,0,171
920,448,901,0,1349
921,506,532,0,1038
922,273,868,0,1141
923,630,121,0,751
924,121,612,0,733
925,522,186,0,708
926,21,52,0,73
927,854,432,0,1286
928,884,234,0,1118
929,884,790,0,1674
930,738,1,0,739
931,727,225,0,952
932,722,695,0,1417
933,692,234,0,926
934,238,440,0,678
935,517,511,0,1028
936,30,729,0,759
937,392,630,0,1022
938,297,102,0,399
939,88,603,0,691
940,432,142,0,574
941,476,419,0,895
942,519,886,0,1405
943,417,617,0,1034
944,620,168,0,788
945,637,537,0,1174
946,613,491,0,1104
947,2,222,0,224
948,894,996,0,1890
949,348,158,0,506
950,891,656,0,1547
951,842,937,0,1779
952,686,893,0,1579
953,599,936,0,1535
954,185,976,0,1161
955,235,288,0,523
956,329,230,0,559
957,663,436,0,1099
958,807,317,0,1124
959,119,751,0,870
960,598,123,0,721
961,731,864,0,1595
962,21,777,0,798
963,614,107,0,721
964,528,659,0,1187
965,637,317,0,954
966,862,810,0,1672
967,775,548,0,1323
968,801,113,0,914
969,874,649,0,1523
970,111,485,0,596
971,202,22,0,224
972,434,291,0,725
973,520,420,0,940
974,588,314,0,902
975,95,400,0,495
976,452,190,0,642
977,974,183,0,1157
978,346,891,0,1237
979,205,991,0,1196
980,927,860,0,1787
981,942,518,0,1460
982,867,448,0,1315
983,924,819,0,1743
984,770,376,0,1146
985,463,322,0,785
986,630,647,0,1277
987,116,241,0,357
988,496,420,0,916
989,40,218,0,258
990,766,58,0,824
991,15,197,0,212
992,272,666,0,938
993,746,68,0,814
994,166,900,0,1066
995,264,172,0,436
996,263,533,0,796
997,172,829,0,1001
998,542,781,0,1323
999,907,45,0,952
1000,750,534,0,1284
1001,867,574,0,1441
1002,608,790,0,1398
1003,803,139,0,942
1004,248,330,0,578
1005,260,376,0,636
1006,42,216,0,258
1007,37,399,0,436
1008,773,276,0,1049
1009,313,478,0,791
1010,266,677,0,943
1011,857,916,0,1773
1012,188,37,0,225
1013,528,407,0,935
1014,103,467,0,570
1015,202,870,0,1072
1016,280,16,0,296
1017,913,737,0,1650
1018,526,165,0,691
1019,19,884,0,903
1020,67,633,0,700
1021,379,822,0,1201
1022,683,100,0,783
1023,957,235,0,1192
1024,247,838,0,1085
1025,836,305,0,1141
1026,739,624,0,1363
1027,969,808,0,1777
1028,935,739,0,1674
1029,448,786,0,1234
1030,641,459,0,1100
1031,278,229,0,507
1032,939,944,0,1883
1033,762,716,0,1478
1034,243,339,0,582
1035,62,767,0,829
1036,534,385,0,919
1037,797,333,0,1130
1038,798,555,0,1353
1039,602,994,0,1596
1040,497,795,0,1292
1041,536,555,0,1091
1042,42,143,0,185
1043,455,882,0,1337
1044,716,396,0,1112
1045,12,979,0,991
1046,743,880,0,1623
1047,910,648,0,1558
1048,942,30,0,972
1049,68,398,0,466
1050,600,276,0,876
1051,769,220,0,989
1052,930,416,0,1346
1053,247,536,0,783
1054,855,903,0,1758
1055,754,246,0,1000
1056,320,905,0,1225
1057,715,660,0,1375
1058,555,575,0,1130
1059,823,589,0,1412
1060,358,841,0,1199
1061,444,959,0,1403
1062,423,15,0,438
1063,707,898,0,1605
1064,659,956,0,1615
1065,444,133,0,577
1066,251,742,0,993
1067,858,55,0,913
1068,710,448,0,1158
1069,147,324,0,471
1070,663,258,0,921
1071,396,409,0,805
1072,881,843,0,1724
1073,914,963,0,1877
1074,587,800,0,1387
1075,705,434,0,1139
1076,457,216,0,673
1077,492,593,0,1085
1078,655,40,0,695
1079,992,143,0,1135
1080,700,138,0,838
1081,242,118,0,360
1082,23,215,0,238
1083,437,862,0,1299
1084,156,932,0,1088
1085,385,958,0,1343
1086,103,918,0,1021
1087,315,691,0,1006
1088,169,909,0,1078
1089,159,492,0,651
1090,839,387,0,1226
1091,271,152,0,423
1092,374,258,0,632
1093,785,503,0,1288
1094,479,543,0,1022
1095,546,898,0,1444
1096,270,27,0,297
1097,396,498,0,894
1098,101,321,0,422
1099,269,631,0,900
1100,105,444,0,549
1101,513,887,0,1400
1102,726,179,0,905
1103,244,724,0,968
1104,199,148,0,347
1105,673,794,0,1467
1106,797,593,0,1390
1107,19,979,0,998
1108,375,506,0,881
1109,529,462,0,991
1110,438,726,0,1164
1111,141,417,0,558
1112,528,714,0,1242
1113,255,354,0,609
1114,981,767,0,1748
1115,346,130,0,476
1116,262,713,0,975
1117,364,345,0,709
1118,73,411,0,484
1119,957,872,0,1829
1120,447,841,0,1288
1121,190,167,0,357
1122,242,422,0,664
1123,150,821,0,971
1124,224,644,0,868
1125,45,755,0,800
1126,792,992,0,1784
1127,79,466,0,545
1128,163,592,0,755
1129,5,980,0,985
1130,154,243,0,397
1131,749,935,0,1684
1132,126,239,0,365
1133,23,954,0,977
1134,485,109,0,594
1135,229,898,0,1127
1136,330,474,0,804
1137,903,833,0,1736
1138,537,315,0,852
1139,60,413,0,473
1140,582,448,0,1030
1141,461,18,0,479
1142,286,160,0,446
1143,857,681,0,1538
1144,97,730,0,827
1145,304,14,0,318
1146,660,685,0,1345
1147,755,186,0,941
1148,585,580,0,1165
1149,336,291,0,627
1150,17,16,0,33
1151,298,950,0,1248
1152,507,37,0,544
1153,214,915,0,1129
1154,864,677,0,1541
1155,399,909,0,1308
1156,398,423,0,821
1157,214,200,0,414
1158,462,277,0,739
1159,883,738,0,1621
1160,327,479,0,806
1161,741,263,0,1004
1162,808,857,0,1665
1163,426,483,0,909
1164,366,95,0,461
1165,696,570,0,1266
1166,752,289,0,1041
1167,923,656,0,1579
1168,122,456,0,578
1169,781,832,0,1613
1170,704,574,0,1278
1171,223,755,0,978
1172,94,2,0,96
1173,842,933,0,1775
1174,406,103,0,509
1175,97,363,0,460
1176,954,14,0,968
1177,105,982,0,1087
1178,132,13,0,145
1179,61,785,0,846
1180,444,608,0,1052
1181,235,391,0,626
1182,495,367,0,862
1183,843,261,0,1104
1184,178,535,0,713
1185,382,978,0,1360
1186,500,437,0,937
1187,463,357,0,820
1188,207,557,0,764
1189,302,901,0,1203
1190,226,471,0,697
1191,147,344,0,491
1192,581,11,0,592
1193,452,258,0,710
1194,847,451,0,1298
1195,348,600,0,948
1196,927,489,0,1416
1197,37,386,0,423
1198,576,51,0,627
1199,461,182,0,643
1200,972,483,0,1455
1201,466,553,0,1019
1202,571,466,0,1037
1203,28,25,0,53
1204,172,650,0,822
1205,264,563,0,827
1206,350,137,0,487
1207,22,113,0,135
1208,361,3,0,364
1209,462,225,0,687
1210,873,769,0,1642
1211,229,135,0,364
1212,259,286,0,545
1213,755,810,0,1565
1214,756,893,0,1649
1215,111,754,0,865
1216,618,590,0,1208
1217,42,833,0,875
1218,959,114,0,1073
1219,983,471,0,1454
1220,748,748,0,1496
1221,944,93,0,1037
1222,207,553,0,760
1223,301,526,0,827
1224,795,663,0,1458
1225,735,32,0,767
1226,566,371,0,937
1227,4,262,0,266
1228,327,19,0,346
1229,705,297,0,1002
1230,188,531,0,719
1231,117,862,0,979
1232,884,380,0,1264
1233,309,899,0,1208
1234,387,282,0,669
1235,3,79,0,82
1236,723,143,0,866
1237,377,149,0,526
1238,105,910,0,1015
1239,975,666,0,1641
1240,41,620,0,661
1241,225,689,0,914
1242,942,389,0,1331
1243,578,403,0,981
1244,22,697,0,719
1245,886,801,0,1687
1246,364,549,0,913
1247,929,460,0,1389
1248,708,499,0,1207
1249,673,599,0,1272
1250,727,30,0,757
1251,487,856,0,1343
1252,941,562,0,1503
1253,378,471,0,849
1254,446,151,0,597
1255,649,993,0,1642
1256,116,101,0,217
1257,450,838,0,1288
1258,527,918,0,1445
1259,2,991,0,993
1260,712,859,0,1571
1261,349,660,0,1009
1262,146,224,0,370
1263,299,210,0,509
1264,371,989,0,1360
1265,25,188,0,213
1266,894,110,0,1004
1267,13,663,0,676
1268,763,664,0,1427
1269,392,221,0,613
1270,10,143,0,153
1271,924,610,0,1534
1272,180,783,0,963
1273,363,520,0,883
1274,540,423,0,963
1275,738,554,0,1292
1276,440,273,0,713
1277,517,712,0,1229
1278,202,366,0,568
1279,311,74,0,385
1280,471,107,0,578
1281,594,470,0,1064
1282,897,103,0,1000
1283,755,753,0,1508
1284,341,330,0,671
1285,224,965,0,1189
1286,425,533,0,958
1287,975,291,0,1266
1288,844,7,0,851
1289,926,484,0,1410
1290,472,373,0,845
1291,999,45,0,1044
1292,475,826,0,1301
1293,688,505,0,1193
1294,634,368,0,1002
1295,98,343,0,441
1296,232,612,0,844
1297,172,981,0,1153
1298,333,738,0,1071
1299,733,696,0,1429
1300,80,212,0,292
1301,329,296,0,625
1302,212,606,0,818
1303,381,632,0,1013
1304,556,533,0,1089
1305,515,735,0,1250
1306,250,24,0,274
1307,310,911,0,1221
1308,800,841,0,1641
1309,156,212,0,368
1310,182,767,0,949
1311,830,754,0,1584
1312,959,111,0,1070
1313,123,782,0,905
1314,252,526,0,778
1315,783,973,0,1756
1316,14,537,0,551
1317,815,155,0,970
1318,105,169,0,274
1319,473,113,0,586
1320,144,243,0,387
1321,377,599,0,976
1322,320,931,0,1251
1323,799,274,0,1073
1324,389,763,0,1152
1325,81,416,0,497
1326,573,331,0,904
1327,495,720,0,1215
1328,356,620,0,976
1329,733,994,0,1727
1330,95,171,0,266
1331,159,304,0,463
1332,714,666,0,1380
1333,653,838,0,1491
1334,441,891,0,1332
1335,469,256,0,725
1336,321,115,0,436
1337,171,358,0,529
1338,832,773,0,1605
1339,636,817,0,1453
1340,724,941,0,1665
1341,437,538,0,975
1342,818,216,0,1034
1343,748,566,0,1314
1344,726,219,0,945
1345,982,315,0,1297
1346,804,674,0,1478
1347,540,215,0,755
1348,649,89,0,738
1349,46,40,0,86
1350,215,258,0,473
1351,134,229,0,363
1352,938,638,0,1576
1353,506,856,0,1362
1354,291,837,0,1128
1355,529,957,0,1486
1356,185,841,0,1026
1357,41,708,0,749
1358,505,129,0,634
1359,357,141,0,498
1360,276,550,0,826
1361,568,385,0,953
1362,769,897,0,1666
1363,64,653,0,717
1364,37,445,0,482
1365,201,995,0,1196
1366,904,425,0,1329
1367,521,114,0,635
1368,638,625,0,1263
1369,494,51,0,545
1370,322,108,0,430
1371,472,760,0,1232
1372,598,873,0,1471
1373,575,453,0,1028
1374,388,104,0,492
1375,206,815,0,1021
1376,488,744,0,1232
1377,30,195,0,225
1378,201,29,0,230
1379,692,789,0,1481
1380,942,171,0,1113
1381,824,438,0,1262
1382,539,520,0,1059
1383,457,875,0,1332
1384,624,879,0,1503
1385,21,10,0,31
1386,897,701,0,1598
1387,91,204,0,295
1388,586,952,0,1538
1389,734,213,0,947
1390,139,797,0,936
1391,922,591,0,1513
1392,647,186,0,833
1393,392,549,0,941
1394,306,810,0,1116
1395,65,808,0,873
1396,649,494,0,1143
1397,822,291,0,1113
1398,44,347,0,391
1399,897,797,0,1694
1400,468,428,0,896
1401,301,464,0,765
1402,342,216,0,558
1403,570,793,0,1363
1404,874,321,0,1195
1405,276,261,0,537
1406,363,640,0,1003
1407,806,431,0,1237
1408,434,687,0,1121
1409,159,349,0,508
1410,37,921,0,958
1411,591,56,0,647
1412,156,604,0,760
1413,257,972,0,1229
1414,100,113,0,213
1415,288,459,0,747
1416,456,272,0,728
1417,936,683,0,1619
1418,814,137,0,951
1419,103,44,0,147
1420,379,535,0,914
1421,919,809,0,1728
1422,667,967,0,1634
1423,736,887,0,1623
1424,894,699,0,1593
1425,562,275,0,837
1426,823,138,0,961
1427,422,273,0,695
1428,138,699,0,837
1429,221,825,0,1046
1430,610,27,0,637
1431,131,561,0,692
1432,746,992,0,1738
1433,692,997,0,1689
1434,607,946,0,1553
1435,865,715,0,1580
1436,483,206,0,689
1437,360,316,0,676
1438,719,32,0,751
1439,498,75,0,573
1440,579,636,0,1215
1441,767,273,0,1040
1442,89,397,0,486
1443,613,83,0,696
1444,967,801,0,1768
1445,641,992,0,1633
1446,127,7,0,134
1447,903,215,0,1118
1448,314,222,0,536
1449,147,436,0,583
1450,480,105,0,585
1451,968,322,0,1290
1452,240,639,0,879
1453,545,471,0,1016
1454,528,179,0,707
1455,646,753,0,1399
1456,539,801,0,1340
1457,858,327,0,1185
1458,937,814,0,1751
1459,431,574,0,1005
1460,220,487,0,707
1461,43,768,0,811
1462,573,99,0,672
1463,841,409,0,1250
1464,773,831,0,1604
1465,279,624,0,903
1466,982,578,0,1560
1467,706,474,0,1180
1468,213,454,0,667
1469,382,240,0,622
1470,971,612,0,1583
1471,718,923,0,1641
1472,1000,294,0,1294
1473,840,63,0,903
1474,94,239,0,333
1475,325,241,0,566
1476,979,120,0,1099
1477,85,197,0,282
1478,44,950,0,994
1479,777,903,0,1680
1480,410,610,0,1020
1481,840,905,0,1745
1482,454,382,0,836
1483,937,739,0,1676
1484,963,676,0,1639
1485,374,178,0,552
1486,187,467,0,654
1487,919,648,0,1567
1488,543,871,0,1414
1489,756,211,0,967
1490,448,505,0,953
1491,733,412,0,1145
1492,394,688,0,1082
1493,77,353,0,430
1494,661,555,0,1216
1495,139,648,0,787
1496,656,526,0,1182
1497,26,66,0,92
1498,701,704,0,1405
1499,621,366,0,987
1500,263,513,0,776
1501,605,950,0,1555
1502,177,261,0,438
1503,645,918,0,1563
1504,668,560,0,1228
1505,964,54,0,1018
1506,543,799,0,1342
1507,257,125,0,382
1508,150,975,0,1125
1509,661,981,0,1642
1510,560,343,0,903
1511,54,80,0,134
1512,825,798,0,1623
1513,415,795,0,1210
1514,387,988,0,1375
1515,592,129,0,721
1516,765,987,0,1752
1517,256,716,0,972
1518,465,388,0,853
1519,461,706,0,1167
1520,230,597,0,827
1521,982,392,0,1374
1522,81,477,0,558
1523,127,533,0,660
1524,576,54,0,630
1525,858,932,0,1790
1526,467,137,0,604
1527,376,231,0,607
1528,500,618,0,1118
1529,909,200,0,1109
1530,751,74,0,825
1531,704,737,0,1441
1532,493,12,0,505
1533,893,624,0,1517
1534,957,213,0,1170
1535,829,85,0,914
1536,729,965,0,1694
1537,99,135,0,234
1538,525,878,0,1403
1539,353,497,0,850
1540,856,294,0,1150
1541,368,60,0,428
1542,943,365,0,1308
1543,36,72,0,108
1544,477,513,0,990
1545,950,271,0,1221
1546,435,881,0,1316
1547,622,374,0,996
1548,805,782,0,1587
1549,682,427,0,1109
1550,960,270,0,1230
1551,569,4,0,573
1552,589,289,0,878
1553,752,494,0,1246
1554,97,477,0,574
1555,698,394,0,1092
1556,949,830,0,1779
1557,370,423,0,793
1558,969,847,0,1816
1559,320,551,0,871
1560,598,403,0,1001
1561,396,841,0,1237
1562,645,247,0,892
1563,111,867,0,978
1564,503,886,0,1389
1565,931,249,0,1180
1566,905,633,0,1538
1567,810,591,0,1401
1568,260,361,0,621
1569,112,948,0,1060
1570,978,936,0,1914
1571,255,560,0,815
1572,759,305,0,1064
1573,46,57,0,103
1574,323,643,0,966
1575,636,889,0,1525
1576,778,575,0,1353
1577,512,55,0,567
1578,25,825,0,850
1579,378,76,0,454
1580,199,766,0,965
1581,523,268,0,791
1582,472,700,0,1172
1583,888,292,0,1180
1584,319,454,0,773
1585,644,907,0,1551
1586,258,709,0,967
1587,945,233,0,1178
1588,138,121,0,259
1589,13,803,0,816
1590,696,945,0,1641
1591,614,628,0,1242
1592,775,988,0,1763
1593,769,753,0,1522
1594,974,156,0,1130
1595,208,589,0,797
1596,26,15,0,41
1597,568,845,0,1413
1598,772,709,0,1481
1599,31,676,0,707
1600,314,286,0,600
1601,152,462,0,614
1602,156,894,0,1050
1603,502,892,0,1394
1604,23,811,0,834
1605,151,739,0,890
1606,897,671,0,1568
1607,999,494,0,1493
1608,986,328,0,1314
1609,427,241,0,668
1610,913,744,0,1657
1611,377,74,0,451
1612,106,242,0,348
1613,570,548,0,1118
1614,440,92,0,532
1615,210,508,0,718
1616,231,496,0,727
1617,471,732,0,1203
1618,78,444,0,522
1619,963,690,0,1653
1620,55,885,0,940
1621,694,95,0,789
1622,138,224,0,362
1623,797,18,0,815
1624,804,238,0,1042
1625,44,480,0,524
1626,695,685,0,1380
1627,286,814,0,1100
1628,367,329,0,696
1629,86,845,0,931
1630,552,190,0,742
1631,7,725,0,732
1632,543,694,0,1237
1633,73,590,0,663
1634,480,921,0,1401
1635,928,474,0,1402
1636,152,247,0,399
1637,417,443,0,860
1638,377,280,0,657
1639,651,48,0,699
1640,738,159,0,897
1641,448,912,0,1360
1642,153,286,0,439
1643,264,198,0,462
1644,994,515,0,1509
1645,245,274,0,519
1646,429,342,0,771
1647,783,913,0,1696
1648,944,847,0,1791
1649,286,879,0,1165
1650,123,249,0,372
1651,890,492,0,1382
1652,818,862,0,1680
1653,736,656,0,1392
1654,415,920,0,1335
1655,610,828,0,1438
1656,37,476,0,513
1657,114,309,0,423
1658,698,863,0,1561
1659,533,942,0,1475
1660,362,353,0,715
1661,590,935,0,1525
1662,988,691,0,1679
1663,935,367,0,1302
1664,640,870,0,1510
1665,218,267,0,485
1666,819,693,0,1512
1667,79,995,0,1074
1668,903,197,0,1100
1669,304,334,0,638
1670,693,796,0,1489
1671,957,970,0,1927
1672,456,919,0,1375
1673,110,463,0,573
1674,119,504,0,623
1675,951,377,0,1328
1676,390,475,0,865
1677,465,82,0,547
1678,224,769,0,993
1679,422,947,0,1369
1680,873,931,0,1804
1681,828,859,0,1687
1682,550,595,0,1145
1683,390,372,0,762
1684,903,388,0,1291
1685,571,127,0,698
1686,89,75,0,164
1687,951,71,0,1022
1688,103,300,0,403
1689,353,643,0,996
1690,681,51,0,732
1691,895,622,0,1517
1692,152,15,0,167
1693,848,580,0,1428
1694,203,137,0,340
1695,343,32,0,375
1696,593,356,0,949
1697,130,707,0,837
1698,938,845,0,1783
1699,960,198,0,1158
1700,321,264,0,585
1701,729,409,0,1138
1702,75,982,0,1057
1703,7,197,0,204
1704,723,492,0,1215
1705,66,627,0,693
1706,491,528,0,1019
1707,170,835,0,1005
1708,997,16,0,1013
1709,822,984,0,1806
1710,48,675,0,723
1711,990,234,0,1224
1712,11,357,0,368
1713,52,702,0,754
1714,459,18,0,477
1715,568,609,0,1177
1716,391,275,0,666
1717,444,221,0,665
1718,736,74,0,810
1719,838,355,0,1193
1720,462,16,0,478
1721,65,936,0,1001
1722,244,271,0,515
1723,734,687,0,1421
1724,920,985,0,1905
1725,3,540,0,543
1726,216,559,0,775
1727,556,818,0,1374
1728,786,593,0,1379
1729,75,603,0,678
1730,188,749,0,937
1731,281,579,0,860
1732,900,963,0,1863
1733,810,249,0,1059
1734,286,52,0,338
1735,117,625,0,742
1736,261,940,0,1201
1737,795,581,0,1376
1738,661,942,0,1603
1739,261,609,0,870
1740,640,871,0,1511
1741,79,46,0,125
1742,912,798,0,1710
1743,841,938,0,1779
1744,271,639,0,910
1745,525,534,0,1059
1746,73,321,0,394
1747,36,671,0,707
1748,342,405,0,747
1749,431,583,0,1014
1750,532,124,0,656
1751,655,39,0,694
1752,726,21,0,747
1753,16,777,0,793
1754,220,885,0,1105
1755,249,168,0,417
1756,889,466,0,1355
1757,261,851,0,1112
1758,4,720,0,724
1759,577,263,0,840
1760,901,843,0,1744
1761,109,728,0,837
1762,583,535,0,1118
1763,216,805,0,1021
1764,483,820,0,1303
1765,919,445,0,1364
1766,918,402,0,1320
1767,518,840,0,1358
1768,255,50,0,305
1769,327,814,0,1141
1770,698,334,0,1032
1771,188,127,0,315
1772,238,670,0,908
1773,272,595,0,867
1774,421,968,0,1389
1775,682,398,0,1080
1776,374,366,0,740
1777,126,564,0,690
1778,783,226,0,1009
1779,411,91,0,502
1780,421,719,0,1140
1781,93,144,0,237
1782,305,892,0,1197
1783,969,325,0,1294
1784,810,598,0,1408
1785,669,54,0,723
1786,563,794,0,1357
1787,461,856,0,1317
1788,816,464,0,1280
1789,88,750,0,838
1790,527,458,0,985
1791,234,767,0,1001
1792,468,592,0,1060
1793,112,985,0,1097
1794,312,763,0,1075
1795,304,111,0,415
1796,198,644,0,842
1797,334,936,0,1270
1798,103,68,0,171
1799,306,832,0,1138
1800,513,447,0,960
1801,194,227,0,421
1802,737,696,0,1433
1803,665,168,0,833
1804,802,39,0,841
1805,325,63,0,388
1806,898,79,0,977
1807,539,212,0,751
1808,126,526,0,652
1809,877,217,0,1094
1810,651,759,0,1410
1811,738,58,0,796
1812,803,136,0,939
1813,662,915,0,1577
1814,798,3,0,801
1815,554,18,0,572
1816,547,769,0,1316
1817,482,569,0,1051
1818,518,260,0,778
1819,604,449,0,1053
1820,158,440,0,598
1821,705,915,0,1620
1822,301,733,0,1034
1823,935,113,0,1048
1824,264,94,0,358
1825,332,949,0,1281
1826,22,255,0,277
1827,82,707,0,789
1828,813,763,0,1576
1829,879,881,0,1760
1830,533,176,0,709
1831,565,738,0,1303
1832,339,910,0,1249
1833,127,186,0,313
1834,340,933,0,1273
1835,265,687,0,952
1836,111,225,0,336
1837,859,858,0,1717
1838,287,239,0,526
1839,513,236,0,749
1840,665,188,0,853
1841,964,248,0,1212
1842,458,570,0,1028
1843,948,824,0,1772
1844,247,584,0,831
1845,227,293,0,520
1846,570,806,0,1376
1847,773,26,0,799
1848,26,419,0,445
1849,347,215,0,562
1850,90,539,0,629
1851,982,807,0,1789
1852,481,354,0,835
1853,897,126,0,1023
1854,603,778,0,1381
1855,301,578,0,879
1856,325,717,0,1042
1857,486,664,0,1150
1858,795,612,0,1407
1859,380,339,0,719
1860,938,258,0,1196
1861,531,231,0,762
1862,599,357,0,956
1863,495,131,0,626
1864,753,196,0,949
1865,362,206,0,568
1866,51,664,0,715
1867,960,879,0,1839
1868,627,951,0,1578
1869,151,427,0,578
1870,585,236,0,821
1871,33,712,0,745
1872,57,954,0,1011
1873,450,76,0,526
1874,146,766,0,912
1875,621,769,0,1390
1876,730,777,0,1507
1877,873,99,0,972
1878,80,744,0,824
1879,913,416,0,1329
1880,935,139,0,1074
1881,797,246,0,1043
1882,103,430,0,533
1883,174,556,0,730
1884,348,846,0,1194
1885,143,389,0,532
1886,615,425,0,1040
1887,970,299,0,1269
1888,508,779,0,1287
1889,678,654,0,1332
1890,503,483,0,986
1891,374,719,0,1093
1892,215,170,0,385
1893,666,550,0,1216
1894,209,633,0,842
1895,778,800,0,1578
1896,560,328,0,888
1897,843,506,0,1349
1898,970,763,0,1733
1899,870,459,0,1329
1900,66,18,0,84
1901,270,909,0,1179
1902,571,215,0,786
1903,783,925,0,1708
1904,283,339,0,622
1905,916,43,0,959
1906,887,829,0,1716
1907,956,121,0,1077
1908,439,647,0,1086
1909,232,702,0,934
1910,648,688,0,1336
1911,389,688,0,1077
1912,12,604,0,616
1913,448,97,0,545
1914,485,117,0,602
1915,279,604,0,883
1916,925,677,0,1602
1917,113,171,0,284
1918,604,257,0,861
1919,610,89,0,699
1920,890,86,0,976
1921,932,328,0,1260
1922,331,918,0,1249
1923,55,21,0,76
1924,267,386,0,653
1925,756,814,0,1570
1926,282,32,0,314
1927,647,519,0,1166
1928,665,531,0,1196
1929,332,229,0,561
1930,359,476,0,835
1931,64,634,0,698
1932,715,985,0,1700
1933,674,618,0,1292
1934,479,821,0,1300
1935,658,180,0,838
1936,904,476,0,1380
1937,107,330,0,437
1938,373,191,0,564
1939,958,448,0,1406
1940,401,375,0,776
1941,512,713,0,1225
1942,305,526,0,831
1943,516,843,0,1359
1944,589,348,0,937
1945,308,897,0,1205
1946,64,135,0,199
1947,510,487,0,997
1948,815,294,0,1109
1949,969,426,0,1395
1950,835,202,0,1037
1951,722,339,0,1061
1952,686,136,0,822
1953,701,323,0,1024
1954,608,953,0,1561
1955,847,712,0,1559
1956,125,617,0,742
1957,24,148,0,172
1958,239,193,0,432
1959,601,91,0,692
1960,566,712,0,1278
1961,729,43,0,772
1962,12,193,0,205
1963,0,955,0,955
1964,630,929,0,1559
1965,311,477,0,788
1966,732,287,0,1019
1967,598,947,0,1545
1968,636,802,0,1438
1969,314,889,0,1203
1970,91,535,0,626
1971,482,980,0,1462
1972,641,132,0,773
1973,724,860,0,1584
1974,187,418,0,605
1975,551,178,0,729
1976,914,432,0,1346
1977,466,407,0,873
1978,513,861,0,1374
1979,405,836,0,1241
1980,658,900,0,1558
1981,293,864,0,1157
1982,734,905,0,1639
1983,966,247,0,1213
1984,154,582,0,736
1985,932,72,0,1004
1986,193,551,0,744
1987,531,1000,0,1531
1988,70,600,0,670
1989,105,656,0,761
1990,909,749,0,1658
1991,146,436,0,582
1992,341,26,0,367
1993,725,927,0,1652
1994,989,564,0,1553
1995,475,899,0,1374
1996,787,685,0,1472
1997,876,226,0,1102
1998,208,738,0,946
1999,78,466,0,544
2000,475,996,0,1471
2001,999,450,0,1449
2002,822,821,0,1643
2003,492,339,0,831
2004,890,423,0,1313
2005,813,232,0,1045
2006,175,746,0,921
2007,458,240,0,698
2008,888,456,0,1344
2009,970,996,0,1966
2010,959,845,0,1804
2011,882,510,0,1392
2012,959,572,0,1531
2013,170,517,0,687
2014,723,620,0,1343
2015,233,4,0,237
2016,611,714,0,1325
2017,359,254,0,613
2018,860,388,0,1248
2019,264,854,0,1118
2020,137,664,0,801
2021,411,671,0,1082
2022,813,2,0,815
2023,283,462,0,745
2024,576,34,0,610
2025,242,922,0,1164
2026,708,18,0,726
2027,577,724,0,1301
2028,669,184,0,853
2029,238,350,0,588
2030,166,423,0,589
2031,987,324,0,1311
2032,901,650,0,1551
2033,292,608,0,900
2034,783,601,0,1384
2035,569,649,0,1218
2036,691,946,0,1637
2037,552,441,0,993
2038,382,665,0,1047
2039,300,605,0,905
2040,7,522,0,529
2041,223,246,0,469
2042,351,558,0,909
2043,108,904,0,1012
2044,515,344,0,859
2045,516,108,0,624
2046,73,286,0,359
2047,906,393,0,1299
2048,894,321,0,1215
2049,652,309,0,961
2050,693,4,0,697
2051,80,89,0,169
2052,669,577,0,1246
2053,908,386,0,1294
2054,333,239,0,572
2055,751,500,0,1251
2056,659,691,0,1350
2057,401,447,0,848
2058,884,245,0,1129
2059,85,123,0,208
2060,170,894,0,1064
2061,525,6,0,531
2062,66,247,0,313
2063,195,749,0,944
2064,557,41,0,598
2065,966,417,0,1383
2066,485,957,0,1442
2067,647,980,0,1627
2068,510,222,0,732
2069,816,120,0,936
2070,457,841,0,1298
2071,460,725,0,1185
2072,945,628,0,1573
2073,157,263,0,420
2074,665,542,0,1207
2075,284,140,0,424
2076,175,552,0,727
2077,972,865,0,1837
2078,828,565,0,1393
2079,284,323,0,607
2080,41,519,0,560
2081,380,359,0,739
2082,365,42,0,407
2083,268,889,0,1157
2084,98,307,0,405
2085,861,368,0,1229
2086,799,194,0,993
2087,236,871,0,1107
2088,782,358,0,1140
2089,961,468,0,1429
2090,980,653,0,1633
2091,925,584,0,1509
2092,934,900,0,1834
2093,632,833,0,1465
2094,113,409,0,522
2095,930,915,0,1845
2096,477,157,0,634
2097,817,565,0,1382
2098,595,212,0,807
2099,721,199,0,920
2100,353,349,0,702
2101,680,435,0,1115
2102,905,810,0,1715
2103,704,285,0,989
2104,19,816,0,835
2105,309,153,0,462
2106,792,20,0,812
2107,333,154,0,487
2108,745,839,0,1584
2109,993,649,0,1642
2110,622,627,0,1249
2111,628,170,0,798
2112,241,44,0,285
2113,387,803,0,1190
2114,977,300,0,1277
2115,772,174,0,946
2116,245,136,0,381
2117,118,845,0,963
2118,15,39,0,54
2119,992,839,0,1831
2120,453,863,0,1316
2121,817,932,0,1749
2122,320,815,0,1135
2123,346,509,0,855
2124,620,693,0,1313
2125,546,528,0,1074
2126,479,783,0,1262
2127,397,573,0,970
2128,131,141,0,272
2129,170,31,0,201
2130,878,498,0,1376
2131,159,969,0,1128
2132,188,81,0,269
2133,378,205,0,583
2134,189,782,0,971
2135,75,500,0,575
2136,683,331,0,1014
2137,89,642,0,731
2138,13,885,0,898
2139,40,433,0,473
2140,592,841,0,1433
2141,426,690,0,1116
2142,417,934,0,1351
2143,712,692,0,1404
2144,385,453,0,838
2145,23,253,0,276
2146,880,443,0,1323
2147,997,273,0,1270
2148,521,787,0,1308
2149,180,734,0,914
2150,988,180,0,1168
2151,332,373,0,705
2152,727,675,0,1402
2153,349,407,0,756
2154,613,481,0,1094
2155,614,355,0,969
2156,454,278,0,732
2157,251,836,0,1087
2158,673,922,0,1595
2159,637,124,0,761
2160,882,393,0,1275
2161,700,510,0,1210
2162,689,183,0,872
2163,940,413,0,1353
2164,698,603,0,1301
2165,50,402,0,452
2166,816,750,0,1566
2167,532,242,0,774
2168,582,622,0,1204
2169,804,479,0,1283
2170,464,342,0,806
2171,262,525,0,787
2172,324,695,0,1019
2173,17,225,0,242
2174,157,472,0,629
2175,667,14,0,681
2176,232,336,0,568
2177,175,735,0,910
2178,738,329,0,1067
2179,844,731,0,1575
2180,452,657,0,1109
2181,775,335,0,1110
2182,279,462,0,741
2183,790,601,0,1391
2184,760,682,0,1442
2185,301,901,0,1202
2186,391,244,0,635
2187,729,725,0,1454
2188,207,744,0,951
2189,40,949,0,989
2190,710,824,0,1534
2191,775,746,0,1521
2192,44,919,0,963
2193,771,147,0,918
2194,203,473,0,676
2195,469,372,0,841
2196,439,602,0,1041
2197,141,997,0,1138
2198,437,521,0,958
2199,156,360,0,516
2200,338,675,0,1013
2201,909,431,0,1340
2202,221,837,0,1058
2203,66,775,0,841
2204,288,237,0,525
2205,793,188,0,981
2206,60,161,0,221
2207,433,933,0,1366
2208,19,586,0,605
2209,575,528,0,1103
2210,690,772,0,1462
2211,162,45,0,207
2212,448,814,0,1262
2213,92,398,0,490
2214,336,505,0,841
2215,11,705,0,716
2216,947,235,0,1182
2217,936,629,0,1565
2218,969,412,0,1381
2219,655,147,0,802
2220,878,252,0,1130
2221,875,861,0,1736
2222,149,655,0,804
2223,544,6,0,550
2224,730,466,0,1196
2225,293,640,0,933
2226,295,157,0,452
2227,555,340,0,895
2228,78,303,0,381
2229,418,260,0,678
2230,720,926,0,1646
2231,534,15,0,549
2232,430,178,0,608
2233,365,758,0,1123
2234,878,728,0,1606
2235,885,214,0,1099
2236,909,919,0,1828
2237,436,66,0,502
2238,701,724,0,1425
2239,470,708,0,1178
2240,650,184,0,834
2241,631,647,0,1278
2242,123,357,0,480
2243,737,635,0,1372
2244,955,280,0,1235
2245,667,416,0,1083
2246,955,897,0,1852
2247,254,285,0,539
2248,377,420,0,797
2249,94,512,0,606
2250,195,346,0,541
2251,154,185,0,339
2252,300,341,0,641
2253,643,414,0,1057
2254,350,44,0,394
2255,320,635,0,955
2256,374,998,0,1372
2257,202,594,0,796
2258,577,373,0,950
2259,771,895,0,1666
2260,165,555,0,720
2261,740,884,0,1624
2262,71,648,0,719
2263,108,987,0,1095
2264,602,993,0,1595
2265,688,947,0,1635
2266,792,841,0,1633
2267,847,123,0,970
2268,463,403,0,866
2269,574,187,0,761
2270,821,823,0,1644
2271,497,271,0,768
2272,746,816,0,1562
2273,536,900,0,1436
2274,766,254,0,1020
2275,895,508,0,1403
2276,965,882,0,1847
2277,107,808,0,915
2278,719,829,0,1548
2279,351,688,0,1039
2280,839,758,0,1597
2281,337,959,0,1296
2282,510,696,0,1206
2283,594,792,0,1386
2284,235,605,0,840
2285,877,825,0,1702
2286,998,977,0,1975
2287,497,206,0,703
2288,64,618,0,682
2289,373,936,0,1309
2290,247,542,0,789
2291,167,576,0,743
2292,923,503,0,1426
2293,670,980,0,1650
2294,886,752,0,1638
2295,537,38,0,575
2296,409,33,0,442
2297,400,749,0,1149
2298,712,877,0,1589
2299,617,891,0,1508
2300,605,200,0,805
2301,844,38,0,882
2302,717,171,0,888
2303,777,887,0,1664
2304,513,393,0,906
2305,904,273,0,1177
2306,343,329,0,672
2307,419,614,0,1033
2308,988,11,0,999
2309,896,947,0,1843
2310,279,808,0,1087
2311,886,292,0,1178
2312,285,204,0,489
2313,761,405,0,1166
2314,630,306,0,936
2315,629,274,0,903
2316,492,519,0,1011
2317,685,519,0,1204
2318,843,119,0,962
2319,985,701,0,1686
2320,350,351,0,701
2321,13,727,0,740
2322,794,208,0,1002
2323,478,403,0,881
2324,235,351,0,586
2325,1000,875,0,1875
2326,947,899,0,1846
2327,133,259,0,392
2328,832,862,0,1694
2329,340,410,0,750
2330,99,9,0,108
2331,319,404,0,723
2332,704,338,0,1042
2333,822,345,0,1167
2334,998,904,0,1902
2335,552,86,0,638
2336,841,732,0,1573
2337,503,699,0,1202
2338,942,755,0,1697
2339,138,939,0,1077
2340,974,87,0,1061
2341,457,779,0,1236
2342,750,942,0,1692
2343,83,907,0,990
2344,313,965,0,1278
2345,183,960,0,1143
2346,751,69,0,820
2347,386,226,0,612
2348,806,706,0,1512
2349,930,326,0,1256
2350,281,389,0,670
2351,723,992,0,1715
2352,997,951,0,1948
2353,588,800,0,1388
2354,336,557,0,893
2355,50,995,0,1045
2356,101,86,0,187
2357,673,978,0,1651
2358,476,771,0,1247
2359,409,392,0,801
2360,974,467,0,1441
2361,969,820,0,1789
2362,284,219,0,503
2363,516,791,0,1307
2364,92,896,0,988
2365,378,598,0,976
2366,85,340,0,425
2367,193,110,0,303
2368,107,523,0,630
2369,575,441,0,1016
2370,950,529,0,1479
2371,287,461,0,748
2372,642,833,0,1475
2373,546,620,0,1166
2374,543,172,0,715
2375,1000,760,0,1760
2376,695,140,0,835
2377,797,60,0,857
2378,964,492,0,1456
2379,866,11,0,877
2380,19,646,0,665
2381,67,805,0,872
2382,62,700,0,762
2383,775,329,0,1104
2384,71,13,0,84
2385,278,215,0,493
2386,501,187,0,688
2387,351,442,0,793
2388,266,343,0,609
2389,326,903,0,1229
2390,64,948,0,1012
2391,692,777,0,1469
2392,674,454,0,1128
2393,9,452,0,461
2394,570,729,0,1299
2395,278,742,0,1020
2396,666,462,0,1128
2397,497,993,0,1490
2398,52,179,0,231
2399,631,74,0,705
2400,264,701,0,965
2401,55,302,0,357
2402,766,913,0,1679
2403,46,863,0,909
2404,234,232,0,466
2405,863,489,0,1352
2406,522,604,0,1126
2407,925,744,0,1669
2408,241,696,0,937
2409,400,852,0,1252
2410,571,806,0,1377
2411,371,356,0,727
2412,791,254,0,1045
2413,135,704,0,839
2414,165,907,0,1072
2415,921,132,0,1053
2416,358,337,0,695
2417,85,599,0,684
2418,442,199,0,641
2419,127,973,0,1100
2420,579,41,0,620
2421,978,579,0,1557
2422,601,989,0,1590
2423,237,663,0,900
2424,103,9,0,112
2425,997,213,0,1210
2426,149,553,0,702
2427,757,461,0,1218
2428,215,472,0,687
2429,359,41,0,400
2430,972,4,0,976
2431,995,283,0,1278
2432,488,457,0,945
2433,862,839,0,1701
2434,319,615,0,934
2435,260,868,0,1128
2436,45,873,0,918
2437,907,424,0,1331
2438,79,453,0,532
2439,935,846,0,1781
2440,610,949,0,1559
2441,951,356,0,1307
2442,650,941,0,1591
2443,504,944,0,1448
2444,650,186,0,836
2445,754,681,0,1435
2446,922,132,0,1054
2447,416,535,0,951
2448,214,756,0,970
2449,257,803,0,1060
2450,130,425,0,555
2451,977,616,0,1593
2452,304,118,0,422
2453,273,457,0,730
2454,579,17,0,596
2455,614,21,0,635
2456,637,194,0,831
2457,185,991,0,1176
2458,922,715,0,1637
2459,73,807,0,880
2460,843,91,0,934
2461,893,200,0,1093
2462,47,677,0,724
2463,9,648,0,657
2464,403,483,0,886
2465,714,825,0,1539
2466,737,374,0,1111
2467,594,852,0,1446
2468,543,568,0,1111
2469,464,873,0,1337
2470,383,820,0,1203
2471,368,363,0,731
2472,323,878,0,1201
2473,961,801,0,1762
2474,271,734,0,1005
2475,225,39,0,264
2476,372,962,0,1334
2477,317,530,0,847
2478,622,125,0,747
2479,88,647,0,735
2480,870,241,0,1111
2481,611,908,0,1519
2482,842,424,0,1266
2483,955,622,0,1577
2484,842,154,0,996
2485,187,2,0,189
2486,354,25,0,379
2487,630,305,0,935
2488,821,346,0,1167
2489,856,758,0,1614
2490,576,582,0,1158
2491,509,54,0,563
2492,348,356,0,704
2493,363,579,0,942
2494,782,507,0,1289
2495,374,273,0,647
2496,156,35,0,191
2497,713,292,0,1005
2498,430,827,0,1257
2499,49,802,0,851
2500,721,319,0,1040
2501,889,47,0,936
2502,835,105,0,940
2503,275,378,0,653
2504,231,553,0,784
2505,889,535,0,1424
2506,367,416,0,783
2507,385,477,0,862
2508,660,467,0,1127
2509,53,462,0,515
2510,638,18,0,656
2511,174,947,0,1121
2512,699,752,0,1451
2513,90,748,0,838
2514,867,134,0,1001
2515,693,363,0,1056
2516,601,873,0,1474
2517,624,383,0,1007
2518,906,247,0,1153
2519,591,730,0,1321
2520,905,411,0,1316
2521,125,672,0,797
2522,931,266,0,1197
2523,224,388,0,612
2524,320,215,0,535
2525,63,309,0,372
2526,365,666,0,1031
2527,860,977,0,1837
2528,271,363,0,634
2529,700,301,0,1001
2530,814,601,0,1415
2531,227,243,0,470
2532,378,203,0,581
2533,325,959,0,1284
2534,110,742,0,852
2535,561,456,0,1017
2536,870,327,0,1197
2537,981,892,0,1873
2538,110,504,0,614
2539,173,20,0,193
2540,425,958,0,1383
2541,53,533,0,586
2542,531,580,0,1111
2543,325,276,0,601
2544,436,966,0,1402
2545,699,145,0,844
2546,334,342,0,676
2547,201,550,0,751
2548,857,823,0,1680
2549,548,147,0,695
2550,812,474,0,1286
2551,84,425,0,509
2552,363,880,0,1243
2553,201,135,0,336
2554,878,293,0,1171
2555,905,485,0,1390
2556,77,482,0,559
2557,120,136,0,256
2558,233,605,0,838
2559,977,724,0,1701
2560,120,74,0,194
2561,72,723,0,795
2562,617,602,0,1219
2563,7,135,0,142
2564,68,997,0,1065
2565,886,439,0,1325
2566,551,902,0,1453
2567,367,46,0,413
2568,513,474,0,987
2569,678,448,0,1126
2570,838,805,0,1643
2571,162,80,0,242
2572,792,381,0,1173
2573,313,130,0,443
2574,809,71,0,880
2575,768,761,0,1529
2576,236,442,0,678
2577,760,399,0,1159
2578,661,398,0,1059
2579,505,168,0,673
2580,172,471,0,643
2581,198,547,0,745
2582,776,619,0,1395
2583,594,641,0,1235
2584,305,798,0,1103
2585,620,602,0,1222
2586,769,715,0,1484
2587,436,546,0,982
2588,249,448,0,697
2589,737,887,0,1624
2590,950,337,0,1287
2591,796,637,0,1433
2592,764,602,0,1366
2593,890,49,0,939
2594,729,282,0,1011
2595,667,331,0,998
2596,362,742,0,1104
2597,618,430,0,1048
2598,290,252,0,542
2599,103,129,0,232
2600,813,829,0,1642
2601,24,338,0,362
2602,50,776,0,826
2603,837,875,0,1712
2604,784,438,0,1222
2605,773,930,0,1703
2606,14,78,0,92
2607,178,237,0,415
2608,574,304,0,878
2609,607,842,0,1449
2610,395,508,0,903
2611,153,482,0,635
2612,441,588,0,1029
2613,131,626,0,757
2614,594,584,0,1178
2615,621,687,0,1308
2616,165,580,0,745
2617,826,348,0,1174
2618,359,248,0,607
2619,442,883,0,1325
2620,297,353,0,650
2621,518,340,0,858
2622,363,304,0,667
2623,647,863,0,1510
2624,435,726,0,1161
2625,132,508,0,640
2626,662,342,0,1004
2627,50,791,0,841
2628,910,380,0,1290
2629,284,660,0,944
2630,461,579,0,1040
2631,550,761,0,1311
2632,151,785,0,936
2633,38,679,0,717
2634,758,642,0,1400
2635,780,482,0,1262
2636,592,384,0,976
2637,462,908,0,1370
2638,92,960,0,1052
2639,579,268,0,847
2640,301,880,0,1181
2641,41,896,0,937
2642,833,706,0,1539
2643,399,179,0,578
2644,616,333,0,949
2645,952,595,0,1547
2646,341,12,0,353
2647,977,325,0,1302
2648,17,377,0,394
2649,430,280,0,710
2650,874,440,0,1314
2651,0,500,0,500
2652,898,139,0,1037
2653,133,779,0,912
2654,960,246,0,1206
2655,174,72,0,246
2656,792,707,0,1499
2657,202,394,0,596
2658,743,984,0,1727
2659,16,578,0,594
2660,782,363,0,1145
2661,755,852,0,1607
2662,325,792,0,1117
2663,918,208,0,1126
2664,678,44,0,722
2665,91,154,0,245
2666,209,432,0,641
2667,110,914,0,1024
2668,566,610,0,1176
2669,196,445,0,641
2670,538,634,0,1172
2671,692,304,0,996
2672,412,84,0,496
2673,631,394,0,1025
2674,184,465,0,649
2675,312,589,0,901
2676,24,437,0,461
2677,626,919,0,1545
2678,702,682,0,1384
2679,456,275,0,731
2680,793,640,0,1433
2681,704,840,0,1544
2682,894,536,0,1430
2683,846,479,0,1325
2684,18,868,0,886
2685,677,289,0,966
2686,314,138,0,452
2687,249,940,0,1189
2688,934,647,0,1581
2689,81,389,0,470
2690,285,232,0,517
2691,824,772,0,1596
2692,409,692,0,1101
2693,561,4,0,565
2694,628,536,0,1164
2695,613,614,0,1227
2696,639,330,0,969
2697,291,494,0,785
2698,12,952,0,964
2699,641,142,0,783
2700,346,611,0,957
2701,408,824,0,1232
2702,946,621,0,1567
2703,150,263,0,413
2704,121,36,0,157
2705,836,968,0,1804
2706,312,933,0,1245
2707,297,328,0,625
2708,515,754,0,1269
2709,170,491,0,661
2710,752,320,0,1072
2711,137,984,0,1121
2712,594,584,0,1178
2713,787,484,0,1271
2714,259,24,0,283
2715,995,983,0,1978
2716,123,683,0,806
2717,403,231,0,634
2718,658,666,0,1324
2719,980,429,0,1409
2720,259,646,0,905
2721,369,649,0,1018
2722,350,143,0,493
2723,279,349,0,628
2724,190,634,0,824
2725,284,472,0,756
2726,61,918,0,979
2727,519,626,0,1145
2728,109,190,0,299
2729,662,60,0,722
2730,391,301,0,692
2731,217,33,0,250
2732,714,241,0,955
2733,525,524,0,1049
2734,74,528,0,602
2735,657,119,0,776
2736,157,785,0,942
2737,40,386,0,426
2738,143,122,0,265
2739,419,647,0,1066
2740,390,565,0,955
2741,496,396,0,892
2742,805,251,0,1056
2743,54,33,0,87
2744,218,93,0,311
2745,788,101,0,889
2746,525,814,0,1339
2747,8,265,0,273
2748,622,815,0,1437
2749,862,370,0,1232
2750,806,593,0,1399
2751,812,941,0,1753
2752,962,410,0,1372
2753,484,819,0,1303
2754,768,218,0,986
2755,703,604,0,1307
2756,576,752,0,1328
2757,906,33,0,939
2758,545,397,0,942
2759,610,371,0,981
2760,434,748,0,1182
2761,596,930,0,1526
2762,135,638,0,773
2763,940,33,0,973
2764,0,324,0,324
2765,183,783,0,966
2766,152,816,0,968
2767,188,899,0,1087
2768,242,328,0,570
2769,113,540,0,653
2770,521,106,0,627
2771,736,593,0,1329
2772,56,180,0,236
2773,988,973,0,1961
2774,832,988,0,1820
2775,12,88,0,100
2776,566,179,0,745
2777,535,771,0,1306
2778,825,797,0,1622
2779,826,167,0,993
2780,746,672,0,1418
2781,672,428,0,1100
2782,631,842,0,1473
2783,423,904,0,1327
2784,833,377,0,1210
2785,436,598,0,1034
2786,537,413,0,950
2787,585,641,0,1226
2788,833,402,0,1235
2789,984,805,0,1789
2790,253,197,0,450
2791,917,218,0,1135
2792,519,604,0,1123
2793,164,207,0,371
2794,296,729,0,1025
2795,247,987,0,1234
2796,771,863,0,1634
2797,401,995,0,1396
2798,988,817,0,1805
2799,99,73,0,172
2800,649,307,0,956
2801,865,807,0,1672
2802,457,119,0,576
2803,381,76,0,457
2804,928,613,0,1541
2805,413,954,0,1367
2806,117,685,0,802
2807,270,573,0,843
2808,159,762,0,921
2809,809,235,0,1044
2810,963,153,0,1116
2811,716,951,0,1667
2812,537,18,0,555
2813,513,733,0,1246
2814,484,700,0,1184
2815,100,277,0,377
2816,802,754,0,1556
2817,445,80,0,525
2818,893,684,0,1577
2819,354,241,0,595
2820,500,977,0,1477
2821,339,464,0,803
2822,551,632,0,1183
2823,512,148,0,660
2824,652,365,0,1017
2825,853,253,0,1106
2826,710,359,0,1069
2827,937,122,0,1059
2828,945,459,0,1404
2829,28,818,0,846
2830,126,234,0,360
2831,468,848,0,1316
2832,582,863,0,1445
2833,716,884,0,1600
2834,988,106,0,1094
2835,26,803,0,829
2836,885,895,0,1780
2837,981,742,0,1723
2838,738,508,0,1246
2839,984,29,0,1013
2840,235,926,0,1161
2841,375,877,0,1252
2842,591,498,0,1089
2843,269,834,0,1103
2844,489,666,0,1155
2845,506,855,0,1361
2846,679,363,0,1042
2847,250,747,0,997
2848,104,714,0,818
2849,943,142,0,1085
2850,610,708,0,1318
2851,430,848,0,1278
2852,443,952,0,1395
2853,336,880,0,1216
2854,941,655,0,1596
2855,478,952,0,1430
2856,66,929,0,995
2857,258,946,0,1204
2858,602,84,0,686
2859,748,144,0,892
2860,974,76,0,1050
2861,74,437,0,511
2862,201,18,0,219
2863,115,296,0,411
2864,404,790,0,1194
2865,997,144,0,1141
2866,838,213,0,1051
2867,205,325,0,530
2868,733,209,0,942
2869,958,345,0,1303
2870,393,933,0,1326
2871,706,678,0,1384
2872,453,55,0,508
2873,737,909,0,1646
2874,601,633,0,1234
2875,948,829,0,1777
2876,594,271,0,865
2877,905,795,0,1700
2878,451,457,0,908
2879,601,537,0,1138
2880,715,433,0,1148
2881,726,864,0,1590
2882,444,452,0,896
2883,317,257,0,574
2884,479,540,0,1019
2885,463,696,0,1159
2886,858,964,0,1822
2887,693,256,0,949
2888,318,357,0,675
2889,145,896,0,1041
2890,870,434,0,1304
2891,610,983,0,1593
2892,154,560,0,714
2893,15,282,0,297
2894,237,206,0,443
2895,976,504,0,1480
2896,695,8,0,703
2897,708,360,0,1068
2898,370,808,0,1178
2899,48,322,0,370
2900,144,818,0,962
2901,86,320,0,406
2902,80,608,0,688
2903,499,900,0,1399
2904,311,704,0,1015
2905,108,857,0,965
2906,409,676,0,1085
2907,502,200,0,702
2908,28,825,0,853
2909,247,642,0,889
2910,558,436,0,994
2911,650,114,0,764
2912,691,362,0,1053
2913,189,562,0,751
2914,716,58,0,774
2915,964,650,0,1614
2916,563,434,0,997
2917,4,536,0,540
2918,667,825,0,1492
2919,420,563,0,983
2920,109,789,0,898
2921,499,503,0,1002
2922,176,707,0,883
2923,831,371,0,1202
2924,852,427,0,1279
2925,292,440,0,732
2926,449,413,0,862
2927,737,699,0,1436
2928,98,434,0,532
2929,601,188,0,789
2930,157,263,0,420
2931,994,965,0,1959
2932,966,814,0,1780
2933,94,275,0,369
2934,122,239,0,361
2935,451,986,0,1437
2936,203,521,0,724
2937,961,261,0,1222
2938,258,757,0,1015
2939,160,286,0,446
2940,83,709,0,792
2941,865,403,0,1268
2942,11,192,0,203
2943,44,555,0,599
2944,236,38,0,274
2945,249,795,0,1044
2946,315,328,0,643
2947,76,4,0,80
2948,660,473,0,1133
2949,338,67,0,405
2950,573,312,0,885
2951,439,580,0,1019
2952,529,499,0,1028
2953,680,567,0,1247
2954,253,719,0,972
2955,325,913,0,1238
2956,289,747,0,1036
2957,420,77,0,497
2958,371,279,0,650
2959,32,461,0,493
2960,490,787,0,1277
2961,291,979,0,1270
2962,385,44,0,429
2963,986,409,0,1395
2964,611,553,0,1164
2965,412,68,0,480
2966,160,652,0,812
2967,245,296,0,541
2968,421,629,0,1050
2969,632,58,0,690
2970,993,808,0,1801
2971,934,863,0,1797
2972,76,946,0,1022
2973,861,388,0,1249
2974,52,751,0,803
2975,631,856,0,1487
2976,518,151,0,669
2977,849,593,0,1442
2978,750,302,0,1052
2979,651,162,0,813
2980,956,274,0,1230
2981,448,566,0,1014
2982,666,861,0,1527
2983,170,899,0,1069
2984,295,871,0,1166
2985,13,304,0,317
2986,286,0,0,286
2987,995,162,0,1157
2988,201,495,0,696
2989,800,771,0,1571
2990,349,658,0,1007
2991,57,221,0,278
2992,903,500,0,1403
2993,341,7,0,348
2994,282,243,0,525
2995,623,285,0,908
2996,794,246,0,1040
2997,958,650,0,1608
2998,694,679,0,1373
2999,952,872,0,1824
3000,965,493,0,1458
3001,773,446,0,1219
3002,606,51,0,657
3003,768,663,0,1431
3004,492,665,0,1157
3005,913,973,0,1886
3006,750,836,0,1586
3007,773,600,0,1373
3008,804,89,0,893
3009,145,963,0,1108
3010,997,701,0,1698
3011,455,886,0,1341
3012,85,939,0,1024
3013,508,678,0,1186
3014,988,94,0,1082
3015,190,72,0,262
3016,863,207,0,1070
3017,473,863,0,1336
3018,262,77,0,339
3019,726,827,0,1553
3020,955,248,0,1203
3021,696,458,0,1154
3022,198,517,0,715
3023,790,885,0,1675
3024,811,792,0,1603
3025,466,607,0,1073
3026,292,549,0,841
3027,855,829,0,1684
3028,59,663,0,722
3029,303,288,0,591
3030,884,616,0,1500
3031,708,888,0,1596
3032,661,589,0,1250
3033,985,507,0,1492
3034,472,383,0,855
3035,532,587,0,1119
3036,931,379,0,1310
3037,542,920,0,1462
3038,166,671,0,837
3039,584,418,0,1002
3040,179,532,0,711
3041,334,313,0,647
3042,579,297,0,876
3043,691,160,0,851
3044,114,495,0,609
3045,507,295,0,802
3046,884,734,0,1618
3047,561,101,0,662
3048,880,436,0,1316
3049,188,472,0,660
3050,767,957,0,1724
3051,472,511,0,983
3052,718,514,0,1232
3053,194,166,0,360
3054,930,526,0,1456
3055,742,723,0,1465
3056,347,852,0,1199
3057,245,716,0,961
3058,558,879,0,1437
3059,50,871,0,921
3060,38,513,0,551
3061,590,466,0,1056
3062,650,48,0,698
3063,954,240,0,1194
3064,325,411,0,736
3065,360,11,0,371
3066,102,616,0,718
3067,398,974,0,1372
3068,446,733,0,1179
3069,414,571,0,985
3070,661,756,0,1417
3071,568,405,0,973
3072,266,741,0,1007
3073,268,412,0,680
3074,419,931,0,1350
3075,201,46,0,247
3076,244,246,0,490
3077,6,506,0,512
3078,322,128,0,450
3079,212,487,0,699
3080,368,543,0,911
3081,407,778,0,1185
3082,624,608,0,1232
3083,650,831,0,1481
3084,796,753,0,1549
3085,142,775,0,917
3086,510,261,0,771
3087,648,25,0,673
3088,49,946,0,995
3089,83,123,0,206
3090,110,747,0,857
3091,937,118,0,1055
3092,733,754,0,1487
3093,413,586,0,999
3094,828,876,0,1704
3095,902,174,0,1076
3096,123,973,0,1096
3097,582,431,0,1013
3098,322,91,0,413
3099,200,638,0,838
3100,903,274,0,1177
3101,984,896,0,1880
3102,918,105,0,1023
3103,517,511,0,1028
3104,414,512,0,926
3105,446,683,0,1129
3106,962,512,0,1474
3107,10,807,0,817
3108,511,364,0,875
3109,295,764,0,1059
3110,144,207,0,351
3111,84,804,0,888
3112,355,101,0,456
3113,637,260,0,897
3114,426,806,0,1232
3115,142,788,0,930
3116,475,282,0,757
3117,222,607,0,829
3118,13,508,0,521
3119,504,705,0,1209
3120,670,213,0,883
3121,755,414,0,1169
3122,862,400,0,1262
3123,873,93,0,966
3124,876,566,0,1442
3125,805,688,0,1493
3126,823,989,0,1812
3127,415,850,0,1265
3128,191,518,0,709
3129,807,407,0,1214
3130,918,983,0,1901
3131,425,240,0,665
3132,593,81,0,674
3133,312,270,0,582
3134,889,995,0,1884
3135,939,989,0,1928
3136,714,82,0,796
3137,155,397,0,552
3138,927,163,0,1090
3139,765,829,0,1594
3140,953,441,0,1394
3141,128,679,0,807
3142,14,391,0,405
3143,526,65,0,591
3144,665,590,0,1255
3145,89,642,0,731
3146,987,21,0,1008
3147,566,391,0,957
3148,536,751,0,1287
3149,323,821,0,1144
3150,439,921,0,1360
3151,346,545,0,891
3152,10,786,0,796
3153,696,197,0,893
3154,78,326,0,404
3155,846,789,0,1635
3156,939,578,0,1517
3157,979,96,0,1075
3158,562,825,0,1387
3159,855,417,0,1272
3160,329,393,0,722
3161,566,908,0,1474
3162,286,829,0,1115
3163,926,295,0,1221
3164,793,41,0,834
3165,720,449,0,1169
3166,77,833,0,910
3167,20,484,0,504
3168,627,883,0,1510
3169,554,243,0,797
3170,89,329,0,418
3171,238,955,0,1193
3172,26,602,0,628
3173,890,166,0,1056
3174,700,325,0,1025
3175,848,927,0,1775
3176,465,977,0,1442
3177,825,249,0,1074
3178,615,983,0,1598
3179,47,729,0,776
3180,817,483,0,1300
3181,312,735,0,1047
3182,900,614,0,1514
3183,263,685,0,948
3184,749,949,0,1698
3185,90,847,0,937
3186,504,139,0,643
3187,370,453,0,823
3188,419,973,0,1392
3189,21,458,0,479
3190,750,616,0,1366
3191,72,956,0,1028
3192,4,461,0,465
3193,859,270,0,1129
3194,762,339,0,1101
3195,215,969,0,1184
3196,589,653,0,1242
3197,991,515,0,1506
3198,422,742,0,1164
3199,461,573,0,1034
3200,629,182,0,811
3201,417,465,0,882
3202,83,836,0,919
3203,301,406,0,707
3204,951,496,0,1447
3205,84,458,0,542
3206,735,848,0,1583
3207,145,371,0,516
3208,706,770,0,1476
3209,495,165,0,660
3210,123,721,0,844
3211,751,833,0,1584
3212,987,651,0,1638
3213,446,976,0,1422
3214,884,538,0,1422
3215,226,835,0,1061
3216,469,19,0,488
3217,950,818,0,1768
3218,524,56,0,580
3219,515,887,0,1402
3220,489,490,0,979
3221,881,209,0,1090
3222,21,600,0,621
3223,897,552,0,1449
3224,863,416,0,1279
3225,830,40,0,870
3226,72,532,0,604
3227,874,831,0,1705
3228,315,47,0,362
3229,883,813,0,1696
3230,263,458,0,721
3231,588,87,0,675
3232,235,935,0,1170
3233,257,848,0,1105
3234,944,158,0,1102
3235,705,450,0,1155
3236,548,415,0,963
3237,114,427,0,541
3238,241,700,0,941
3239,666,215,0,881
3240,871,586,0,1457
3241,543,18,0,561
3242,49,392,0,441
3243,758,471,0,1229
3244,308,951,0,1259
3245,161,161,0,322
3246,728,685,0,1413
3247,279,97,0,376
3248,638,775,0,1413
3249,538,254,0,792
3250,793,962,0,1755
3251,723,16,0,739
3252,773,172,0,945
3253,698,380,0,1078
3254,330,555,0,885
3255,901,234,0,1135
3256,11,678,0,689
3257,817,66,0,883
3258,58,393,0,451
3259,489,747,0,1236
3260,272,539,0,811
3261,357,991,0,1348
3262,302,663,0,965
3263,302,185,0,487
3264,666,641,0,1307
3265,707,206,0,913
3266,513,491,0,1004
3267,796,986,0,1782
3268,534,185,0,719
3269,956,387,0,1343
3270,682,734,0,1416
3271,152,813,0,965
3272,35,147,0,182
3273,196,603,0,799
3274,800,884,0,1684
3275,216,133,0,349
3276,145,861,0,1006
3277,1000,362,0,1362
3278,937,179,0,1116
3279,8,642,0,650
3280,242,199,0,441
3281,881,405,0,1286
3282,13,973,0,986
3283,130,310,0,440
3284,322,886,0,1208
3285,964,748,0,1712
3286,348,373,0,721
3287,293,999,0,1292
3288,368,901,0,1269
3289,93,900,0,993
3290,705,681,0,1386
3291,515,391,0,906
3292,298,996,0,1294
3293,660,548,0,1208
3294,880,773,0,1653
3295,721,343,0,1064
3296,739,181,0,920
3297,750,641,0,1391
3298,290,536,0,826
3299,408,793,0,1201
3300,842,376,0,1218
3301,835,562,0,1397
3302,30,148,0,178
3303,309,784,0,1093
3304,33,899,0,932
3305,657,324,0,981
3306,186,94,0,280
3307,725,502,0,1227
3308,734,807,0,1541
3309,357,655,0,1012
3310,279,147,0,426
3311,1000,357,0,1357
3312,339,454,0,793
3313,686,189,0,875
3314,881,277,0,1158
3315,291,755,0,1046
3316,702,116,0,818
3317,61,771,0,832
3318,776,652,0,1428
3319,410,539,0,949
3320,598,651,0,1249
3321,903,49,0,952
3322,260,710,0,970
3323,716,948,0,1664
3324,137,323,0,460
3325,379,83,0,462
3326,105,24,0,129
3327,848,57,0,905
3328,165,390,0,555
3329,614,900,0,1514
3330,223,406,0,629
3331,687,41,0,728
3332,340,956,0,1296
3333,148,151,0,299
3334,580,898,0,1478
3335,445,53,0,498
3336,226,486,0,712
3337,696,911,0,1607
3338,594,891,0,1485
3339,333,543,0,876
3340,805,323,0,1128
3341,878,448,0,1326
3342,66,650,0,716
3343,167,198,0,365
3344,123,728,0,851
3345,696,194,0,890
3346,813,262,0,1075
3347,334,209,0,543
3348,499,391,0,890
3349,119,712,0,831
3350,152,960,0,1112
3351,442,997,0,1439
3352,139,388,0,527
3353,879,553,0,1432
3354,809,54,0,863
3355,125,585,0,710
3356,655,13,0,668
3357,967,423,0,1390
3358,743,945,0,1688
3359,302,955,0,1257
3360,970,597,0,1567
3361,318,556,0,874
3362,919,826,0,1745
3363,666,687,0,1353
3364,339,872,0,1211
3365,457,546,0,1003
3366,218,850,0,1068
3367,699,463,0,1162
3368,405,435,0,840
3369,837,137,0,974
3370,418,875,0,1293
3371,589,165,0,754
3372,694,679,0,1373
3373,32,282,0,314
3374,529,483,0,1012
3375,913,426,0,1339
3376,753,53,0,806
3377,689,56,0,745
3378,782,566,0,1348
3379,158,243,0,401
3380,624,452,0,1076
3381,582,357,0,939
3382,142,289,0,431
3383,611,408,0,1019
3384,436,339,0,775
3385,830,619,0,1449
3386,746,783,0,1529
3387,754,26,0,780
3388,8,444,0,452
3389,601,682,0,1283
3390,92,925,0,1017
3391,764,27,0,791
3392,665,893,0,1558
3393,135,452,0,587
3394,150,47,0,197
3395,666,206,0,872
3396,244,872,0,1116
3397,485,670,0,1155
3398,699,920,0,1619
3399,44,745,0,789
3400,746,998,0,1744
3401,102,206,0,308
3402,111,832,0,943
3403,1,195,0,196
3404,183,30,0,213
3405,235,201,0,436
3406,596,984,0,1580
3407,984,676,0,1660
3408,291,121,0,412
3409,59,966,0,1025
3410,826,125,0,951
3411,511,767,0,1278
3412,55,226,0,281
3413,194,32,0,226
3414,244,797,0,1041
3415,359,14,0,373
3416,270,653,0,923
3417,368,385,0,753
3418,956,89,0,1045
3419,234,774,0,1008
3420,555,177,0,732
3421,452,376,0,828
3422,444,928,0,1372
3423,36,60,0,96
3424,223,827,0,1050
3425,236,833,0,1069
3426,936,293,0,1229
3427,945,248,0,1193
3428,15,752,0,767
3429,620,286,0,906
3430,523,654,0,1177
3431,360,670,0,1030
3432,86,860,0,946
3433,425,597,0,1022
3434,944,248,0,1192
3435,975,20,0,995
3436,800,561,0,1361
3437,398,17,0,415
3438,112,849,0,961
3439,262,652,0,914
3440,166,672,0,838
3441,483,560,0,1043
3442,231,289,0,520
3443,600,93,0,693
3444,576,194,0,770
3445,933,567,0,1500
3446,696,560,0,1256
3447,952,760,0,1712
3448,637,553,0,1190
3449,212,792,0,1004
3450,318,301,0,619
3451,90,975,0,1065
3452,192,433,0,625
3453,224,160,0,384
3454,313,275,0,588
3455,41,157,0,198
3456,984,306,0,1290
3457,661,882,0,1543
3458,244,290,0,534
3459,641,965,0,1606
3460,745,680,0,1425
3461,413,798,0,1211
3462,537,370,0,907
3463,312,395,0,707
3464,431,807,0,1238
3465,346,876,0,1222
3466,734,511,0,1245
3467,700,224,0,924
3468,610,592,0,1202
3469,442,317,0,759
3470,86,458,0,544
3471,770,307,0,1077
3472,644,727,0,1371
3473,163,542,0,705
3474,602,853,0,1455
3475,40,727,0,767
3476,214,786,0,1000
3477,456,192,0,648
3478,641,455,0,1096
3479,885,530,0,1415
3480,863,857,0,1720
3481,634,737,0,1371
3482,518,433,0,951
3483,154,355,0,509
3484,785,257,0,1042
3485,240,429,0,669
3486,834,636,0,1470
3487,547,985,0,1532
3488,694,909,0,1603
3489,354,576,0,930
3490,9,505,0,514
3491,339,524,0,863
3492,867,991,0,1858
3493,786,937,0,1723
3494,101,823,0,924
3495,445,265,0,710
3496,57,254,0,311
3497,695,703,0,1398
3498,496,165,0,661
3499,27,897,0,924
3500,545,825,0,1370
3501,853,920,0,1773
3502,616,799,0,1415
3503,43,371,0,414
3504,778,204,0,982
3505,503,565,0,1068
3506,538,171,0,709
3507,682,207,0,889
3508,542,520,0,1062
3509,432,914,0,1346
3510,802,828,0,1630
3511,227,477,0,704
3512,451,359,0,810
3513,593,971,0,1564
3514,904,981,0,1885
3515,841,184,0,1025
3516,177,132,0,309
3517,546,305,0,851
3518,431,845,0,1276
3519,573,309,0,882
3520,46,649,0,695
3521,858,596,0,1454
3522,564,675,0,1239
3523,87,532,0,619
3524,870,225,0,1095
3525,921,634,0,1555
3526,434,470,0,904
3527,349,232,0,581
3528,361,665,0,1026
3529,634,386,0,1020
3530,704,775,0,1479
3531,893,464,0,1357
3532,646,298,0,944
3533,333,382,0,715
3534,954,40,0,994
3535,108,473,0,581
3536,666,830,0,1496
3537,699,957,0,1656
3538,477,612,0,1089
3539,404,916,0,1320
3540,752,164,0,916
3541,457,935,0,1392
3542,264,867,0,1131
3543,193,980,0,1173
3544,487,294,0,781
3545,173,339,0,512
3546,85,572,0,657
3547,897,780,0,1677
3548,724,324,0,1048
3549,171,142,0,313
3550,530,702,0,1232
3551,130,646,0,776
3552,238,365,0,603
3553,201,148,0,349
3554,768,111,0,879
3555,578,562,0,1140
3556,606,269,0,875
3557,895,442,0,1337
3558,12,452,0,464
3559,851,247,0,1098
3560,556,281,0,837
3561,995,163,0,1158
3562,157,797,0,954
3563,580,241,0,821
3564,535,536,0,1071
3565,387,301,0,688
3566,667,512,0,1179
3567,104,85,0,189
3568,290,699,0,989
3569,921,11,0,932
3570,624,606,0,1230
3571,794,787,0,1581
3572,159,449,0,608
3573,850,625,0,1475
3574,869,567,0,1436
3575,699,58,0,757
3576,0,160,0,160
3577,918,924,0,1842
3578,902,469,0,1371
3579,831,172,0,1003
3580,75,646,0,721
3581,434,675,0,1109
3582,774,957,0,1731
3583,725,445,0,1170
3584,330,667,0,997
3585,586,926,0,1512
3586,557,863,0,1420
3587,524,362,0,886
3588,385,761,0,1146
3589,364,369,0,733
3590,506,550,0,1056
3591,466,693,0,1159
3592,113,111,0,224
3593,729,332,0,1061
3594,105,991,0,1096
3595,544,225,0,769
3596,320,419,0,739
3597,590,782,0,1372
3598,532,630,0,1162
3599,199,11,0,210
3600,71,151,0,222
3601,383,476,0,859
3602,899,356,0,1255
3603,789,318,0,1107
3604,510,600,0,1110
3605,35,152,0,187
3606,449,571,0,1020
3607,110,448,0,558
3608,808,848,0,1656
3609,54,416,0,470
3610,209,8,0,217
3611,523,425,0,948
3612,818,730,0,1548
3613,133,135,0,268
3614,255,567,0,822
3615,135,372,0,507
3616,451,932,0,1383
3617,328,246,0,574
3618,909,153,0,1062
3619,506,553,0,1059
3620,511,139,0,650
3621,849,539,0,1388
3622,946,676,0,1622
3623,343,474,0,817
3624,637,890,0,1527
3625,723,101,0,824
3626,65,771,0,836
3627,289,471,0,760
3628,475,433,0,908
3629,780,886,0,1666
3630,518,433,0,951
3631,511,865,0,1376
3632,1000,864,0,1864
3633,325,922,0,1247
3634,451,933,0,1384
3635,273,140,0,413
3636,138,956,0,1094
3637,620,245,0,865
3638,661,686,0,1347
3639,80,763,0,843
3640,215,748,0,963
3641,118,800,0,918
3642,496,103,0,599
3643,318,869,0,1187
3644,186,930,0,1116
3645,899,182,0,1081
3646,409,175,0,584
3647,169,800,0,969
3648,633,252,0,885
3649,782,661,0,1443
3650,796,52,0,848
3651,31,901,0,932
3652,865,73,0,938
3653,441,116,0,557
3654,516,194,0,710
3655,831,945,0,1776
3656,911,841,0,1752
3657,810,472,0,1282
3658,769,573,0,1342
3659,122,209,0,331
3660,646,672,0,1318
3661,662,385,0,1047
3662,816,792,0,1608
3663,275,268,0,543
3664,839,275,0,1114
3665,100,164,0,264
3666,835,359,0,1194
3667,811,504,0,1315
3668,688,803,0,1491
3669,906,761,0,1667
3670,38,93,0,131
3671,24,644,0,668
3672,852,975,0,1827
3673,71,656,0,727
3674,302,948,0,1250
3675,804,698,0,1502
3676,354,818,0,1172
3677,252,172,0,424
3678,938,378,0,1316
3679,973,272,0,1245
3680,645,507,0,1152
3681,780,403,0,1183
3682,295,713,0,1008
3683,169,86,0,255
3684,881,903,0,1784
3685,933,434,0,1367
3686,141,976,0,1117
3687,970,939,0,1909
3688,739,66,0,805
3689,887,707,0,1594
3690,621,730,0,1351
3691,882,286,0,1168
3692,927,892,0,1819
3693,366,367,0,733
3694,112,284,0,396
3695,71,363,0,434
3696,780,950,0,1730
3697,490,733,0,1223
3698,906,890,0,1796
3699,355,73,0,428
3700,784,345,0,1129
3701,571,23,0,594
3702,951,895,0,1846
3703,794,401,0,1195
3704,366,868,0,1234
3705,425,363,0,788
3706,929,136,0,1065
3707,975,228,0,1203
3708,451,436,0,887
3709,147,743,0,890
3710,830,416,0,1246
3711,905,219,0,1124
3712,242,998,0,1240
3713,805,119,0,924
3714,513,723,0,1236
3715,421,220,0,641
3716,912,788,0,1700
3717,974,576,0,1550
3718,754,867,0,1621
3719,67,177,0,244
3720,375,443,0,818
3721,899,595,0,1494
3722,733,464,0,1197
3723,870,456,0,1326
3724,743,157,0,900
3725,873,232,0,1105
3726,326,919,0,1245
3727,743,105,0,848
3728,155,961,0,1116
3729,332,154,0,486
3730,531,18,0,549
3731,264,362,0,626
3732,363,117,0,480
3733,160,36,0,196
3734,982,738,0,1720
3735,199,524,0,723
3736,154,261,0,415
3737,815,835,0,1650
3738,297,100,0,397
3739,335,275,0,610
3740,525,101,0,626
3741,940,598,0,1538
3742,551,297,0,848
3743,507,936,0,1443
3744,590,3,0,593
3745,155,804,0,959
3746,433,219,0,652
3747,668,933,0,1601
3748,234,911,0,1145
3749,126,752,0,878
3750,937,63,0,1000
3751,449,733,0,1182
3752,454,507,0,961
3753,454,590,0,1044
3754,636,896,0,1532
3755,128,574,0,702
3756,730,357,0,1087
3757,464,482,0,946
3758,139,115,0,254
3759,673,122,0,795
3760,547,865,0,1412
3761,369,45,0,414
3762,157,986,0,1143
3763,882,596,0,1478
3764,753,721,0,1474
3765,404,441,0,845
3766,939,832,0,1771
3767,752,62,0,814
3768,57,428,0,485
3769,962,370,0,1332
3770,675,857,0,1532
3771,100,144,0,244
3772,636,521,0,1157
3773,868,609,0,1477
3774,106,523,0,629
3775,829,804,0,1633
3776,906,623,0,1529
3777,669,702,0,1371
3778,124,976,0,1100
3779,732,271,0,1003
3780,694,405,0,1099
3781,383,580,0,963
3782,806,490,0,1296
3783,340,756,0,1096
3784,128,737,0,865
3785,513,953,0,1466
3786,745,46,0,791
3787,322,600,0,922
3788,353,860,0,1213
3789,656,108,0,764
3790,850,762,0,1612
3791,509,602,0,1111
3792,203,91,0,294
3793,984,948,0,1932
3794,700,139,0,839
3795,495,195,0,690
3796,856,649,0,1505
3797,989,110,0,1099
3798,4,567,0,571
3799,335,648,0,983
3800,265,143,0,408
3801,926,728,0,1654
3802,975,365,0,1340
3803,131,957,0,1088
3804,806,931,0,1737
3805,159,297,0,456
3806,682,927,0,1609
3807,728,39,0,767
3808,972,689,0,1661
3809,574,878,0,1452
3810,478,332,0,810
3811,317,232,0,549
3812,73,779,0,852
3813,187,135,0,322
3814,963,747,0,1710
3815,332,162,0,494
3816,604,887,0,1491
3817,741,660,0,1401
3818,253,639,0,892
3819,733,791,0,1524
3820,208,489,0,697
3821,409,468,0,877
3822,2,808,0,810
3823,644,47,0,691
3824,374,308,0,682
3825,602,925,0,1527
3826,974,482,0,1456
3827,870,299,0,1169
3828,458,836,0,1294
3829,763,68,0,831
3830,405,52,0,457
3831,199,452,0,651
3832,43,761,0,804
3833,423,861,0,1284
3834,580,222,0,802
3835,719,970,0,1689
3836,319,329,0,648
3837,879,695,0,1574
3838,102,487,0,589
3839,163,124,0,287
3840,549,900,0,1449
3841,472,102,0,574
3842,816,50,0,866
3843,740,536,0,1276
3844,786,267,0,1053
3845,8,392,0,400
3846,174,905,0,1079
3847,40,695,0,735
3848,48,975,0,1023
3849,601,914,0,1515
3850,920,167,0,1087
3851,654,26,0,680
3852,592,245,0,837
3853,155,424,0,579
3854,834,253,0,1087
3855,602,449,0,1051
3856,45,967,0,1012
3857,18,954,0,972
3858,638,999,0,1637
3859,252,902,0,1154
3860,451,885,0,1336
3861,392,378,0,770
3862,673,293,0,966
3863,950,269,0,1219
3864,993,539,0,1532
3865,41,336,0,377
3866,952,157,0,1109
3867,405,759,0,1164
3868,803,696,0,1499
3869,758,38,0,796
3870,111,153,0,264
3871,866,479,0,1345
3872,982,781,0,1763
3873,930,95,0,1025
3874,439,928,0,1367
3875,718,639,0,1357
3876,387,196,0,583
3877,301,191,0,492
3878,354,592,0,946
3879,413,989,0,1402
3880,309,526,0,835
3881,378,885,0,1263
3882,0,173,0,173
3883,432,44,0,476
3884,380,974,0,1354
3885,396,667,0,1063
3886,803,926,0,1729
3887,562,204,0,766
3888,168,876,0,1044
3889,941,836,0,1777
3890,584,170,0,754
3891,315,330,0,645
3892,860,798,0,1658
3893,2,438,0,440
3894,476,919,0,1395
3895,479,856,0,1335
3896,641,992,0,1633
3897,890,817,0,1707
3898,561,406,0,967
3899,140,588,0,728
3900,567,376,0,943
3901,6,562,0,568
3902,619,605,0,1224
3903,145,719,0,864
3904,731,421,0,1152
3905,100,148,0,248
3906,307,392,0,699
3907,12,452,0,464
3908,38,630,0,668
3909,9,53,0,62
3910,772,495,0,1267
3911,764,904,0,1668
3912,943,862,0,1805
3913,848,807,0,1655
3914,974,819,0,1793
3915,371,463,0,834
3916,280,26,0,306
3917,753,420,0,1173
3918,149,549,0,698
3919,871,433,0,1304
3920,636,993,0,1629
3921,418,605,0,1023
3922,905,927,0,1832
3923,773,273,0,1046
3924,843,872,0,1715
3925,536,434,0,970
3926,84,545,0,629
3927,487,905,0,1392
3928,807,160,0,967
3929,719,182,0,901
3930,601,198,0,799
3931,153,15,0,168
3932,503,540,0,1043
3933,197,756,0,953
3934,869,445,0,1314
3935,50,618,0,668
3936,486,724,0,1210
3937,77,896,0,973
3938,435,126,0,561
3939,467,455,0,922
3940,276,671,0,947
3941,744,363,0,1107
3942,976,943,0,1919
3943,479,32,0,511
3944,544,42,0,586
3945,34,28,0,62
3946,448,658,0,1106
3947,297,511,0,808
3948,540,148,0,688
3949,249,458,0,707
3950,748,922,0,1670
3951,559,782,0,1341
3952,447,99,0,546
3953,53,14,0,67
3954,978,278,0,1256
3955,566,338,0,904
3956,654,973,0,1627
3957,311,394,0,705
3958,134,372,0,506
3959,910,156,0,1066
3960,561,332,0,893
3961,217,851,0,1068
3962,709,43,0,752
3963,874,187,0,1061
3964,34,585,0,619
3965,341,258,0,599
3966,552,226,0,778
3967,324,342,0,666
3968,374,155,0,529
3969,60,445,0,505
3970,698,786,0,1484
3971,553,417,0,970
3972,889,64,0,953
3973,799,528,0,1327
3974,164,152,0,316
3975,762,523,0,1285
3976,173,0,0,173
3977,171,740,0,911
3978,293,780,0,1073
3979,348,768,0,1116
3980,224,708,0,932
3981,55,352,0,407
3982,409,509,0,918
3983,361,990,0,1351
3984,7,459,0,466
3985,129,874,0,1003
3986,663,313,0,976
3987,326,631,0,957
3988,487,548,0,1035
3989,4,261,0,265
3990,38,26,0,64
3991,899,691,0,1590
3992,821,365,0,1186
3993,810,799,0,1609
3994,325,416,0,741
3995,127,340,0,467
3996,800,826,0,1626
3997,133,584,0,717
3998,346,68,0,414
3999,995,144,0,1139
4000,414,340,0,754
4001,759,41,0,800
4002,399,293,0,692
4003,792,209,0,1001
4004,392,793,0,1185
4005,76,35,0,111
4006,831,838,0,1669
4007,39,633,0,672
4008,355,7,0,362
4009,761,39,0,800
4010,525,993,0,1518
4011,667,603,0,1270
4012,658,196,0,854
4013,67,886,0,953
4014,886,544,0,1430
4015,814,959,0,1773
4016,327,47,0,374
4017,374,80,0,454
4018,406,815,0,1221
4019,988,571,0,1559
4020,76,535,0,611
4021,708,831,0,1539
4022,919,728,0,1647
4023,535,612,0,1147
4024,588,103,0,691
4025,400,297,0,697
4026,684,869,0,1553
4027,904,125,0,1029
4028,586,149,0,735
4029,219,164,0,383
4030,223,393,0,616
4031,0,928,0,928
4032,594,276,0,870
4033,387,489,0,876
4034,160,858,0,1018
4035,580,138,0,718
4036,153,909,0,1062
4037,479,371,0,850
4038,337,989,0,1326
4039,20,840,0,860
4040,932,425,0,1357
4041,738,2,0,740
4042,483,724,0,1207
4043,631,113,0,744
4044,204,821,0,1025
4045,995,907,0,1902
4046,340,646,0,986
4047,661,182,0,843
4048,286,365,0,651
4049,684,940,0,1624
4050,436,386,0,822
4051,498,217,0,715
4052,721,904,0,1625
4053,587,606,0,1193
4054,27,807,0,834
4055,985,429,0,1414
4056,990,95,0,1085
4057,678,481,0,1159
4058,177,851,0,1028
4059,480,552,0,1032
4060,734,478,0,1212
4061,790,848,0,1638
4062,908,883,0,1791
4063,26,422,0,448
4064,942,748,0,1690
4065,975,791,0,1766
4066,96,660,0,756
4067,672,132,0,804
4068,302,749,0,1051
4069,104,896,0,1000
4070,13,826,0,839
4071,842,964,0,1806
4072,185,942,0,1127
4073,936,485,0,1421
4074,591,472,0,1063
4075,522,619,0,1141
4076,722,51,0,773
4077,73,713,0,786
4078,596,59,0,655
4079,709,131,0,840
4080,842,989,0,1831
4081,540,749,0,1289
4082,909,857,0,1766
4083,549,820,0,1369
4084,165,610,0,775
4085,764,737,0,1501
4086,923,789,0,1712
4087,743,351,0,1094
4088,901,343,0,1244
4089,866,514,0,1380
4090,320,494,0,814
4091,298,589,0,887
4092,495,440,0,935
4093,380,216,0,596
4094,605,964,0,1569
4095,590,475,0,1065
4096,431,36,0,467
4097,303,440,0,743
4098,718,839,0,1557
4099,401,890,0,1291
4100,709,585,0,1294
4101,442,290,0,732
4102,955,298,0,1253
4103,997,527,0,1524
4104,620,971,0,1591
4105,162,196,0,358
4106,241,81,0,322
4107,551,536,0,1087
4108,269,393,0,662
4109,193,722,0,915
4110,165,617,0,782
4111,110,988,0,1098
4112,143,447,0,590
4113,67,902,0,969
4114,825,52,0,877
4115,894,25,0,919
4116,17,189,0,206
4117,156,24,0,180
4118,913,453,0,1366
4119,378,261,0,639
4120,445,885,0,1330
4121,855,420,0,1275
4122,429,405,0,834
4123,833,684,0,1517
4124,951,133,0,1084
4125,447,6,0,453
4126,271,808,0,1079
4127,30,32,0,62
4128,315,363,0,678
4129,440,471,0,911
4130,896,571,0,1467
4131,132,536,0,668
4132,794,989,0,1783
4133,628,418,0,1046
4134,164,514,0,678
4135,870,410,0,1280
4136,591,47,0,638
4137,930,290,0,1220
4138,313,229,0,542
4139,633,943,0,1576
4140,990,220,0,1210
4141,188,589,0,777
4142,668,630,0,1298
4143,787,616,0,1403
4144,547,978,0,1525
4145,209,250,0,459
4146,685,335,0,1020
4147,399,138,0,537
4148,764,416,0,1180
4149,276,648,0,924
4150,177,176,0,353
4151,383,641,0,1024
4152,926,28,0,954
4153,670,52,0,722
4154,923,914,0,1837
4155,823,682,0,1505
4156,3,462,0,465
4157,202,119,0,321
4158,479,525,0,1004
4159,208,87,0,295
4160,195,764,0,959
4161,107,604,0,711
4162,353,424,0,777
4163,645,477,0,1122
4164,212,171,0,383
4165,71,644,0,715
4166,366,487,0,853
4167,109,542,0,651
4168,956,913,0,1869
4169,810,940,0,1750
4170,865,915,0,1780
4171,64,789,0,853
4172,429,745,0,1174
4173,265,77,0,342
4174,585,188,0,773
4175,59,912,0,971
4176,435,936,0,1371
4177,940,806,0,1746
4178,314,106,0,420
4179,833,214,0,1047
4180,580,165,0,745
4181,639,896,0,1535
4182,412,990,0,1402
4183,527,594,0,1121
4184,239,228,0,467
4185,572,368,0,940
4186,374,53,0,427
4187,83,439,0,522
4188,244,800,0,1044
4189,22,841,0,863
4190,790,274,0,1064
4191,53,849,0,902
4192,442,839,0,1281
4193,23,260,0,283
4194,244,872,0,1116
4195,252,76,0,328
4196,640,287,0,927
4197,597,895,0,1492
4198,455,625,0,1080
4199,629,926,0,1555
4200,336,685,0,1021
4201,520,786,0,1306
4202,103,537,0,640
4203,602,534,0,1136
4204,366,115,0,481
4205,896,352,0,1248
4206,258,226,0,484
4207,767,880,0,1647
4208,738,564,0,1302
4209,554,953,0,1507
4210,214,423,0,637
4211,288,324,0,612
4212,356,147,0,503
4213,197,808,0,1005
4214,983,87,0,1070
4215,295,601,0,896
4216,548,545,0,1093
4217,669,988,0,1657
4218,575,190,0,765
4219,215,688,0,903
4220,324,832,0,1156
4221,239,830,0,1069
4222,512,555,0,1067
4223,217,363,0,580
4224,936,460,0,1396
4225,25,11,0,36
4226,28,440,0,468
4227,973,510,0,1483
4228,182,96,0,278
4229,159,286,0,445
4230,750,326,0,1076
4231,299,97,0,396
4232,302,713,0,1015
4233,875,921,0,1796
4234,954,524,0,1478
4235,933,745,0,1678
4236,660,473,0,1133
4237,478,785,0,1263
4238,18,550,0,568
4239,413,315,0,728
4240,35,818,0,853
4241,936,487,0,1423
4242,43,725,0,768
4243,521,305,0,826
4244,27,958,0,985
4245,858,232,0,1090
4246,166,847,0,1013
4247,317,753,0,1070
4248,664,425,0,1089
4249,528,789,0,1317
4250,634,643,0,1277
4251,407,784,0,1191
4252,723,50,0,773
4253,778,79,0,857
4254,90,648,0,738
4255,423,368,0,791
4256,243,274,0,517
4257,26,16,0,42
4258,101,817,0,918
4259,150,900,0,1050
4260,496,983,0,1479
4261,322,696,0,1018
4262,480,177,0,657
4263,579,439,0,1018
4264,660,182,0,842
4265,905,847,0,1752
4266,462,735,0,1197
4267,85,919,0,1004
4268,860,545,0,1405
4269,640,278,0,918
4270,828,707,0,1535
4271,83,85,0,168
4272,685,789,0,1474
4273,887,262,0,1149
4274,478,625,0,1103
4275,756,220,0,976
4276,106,693,0,799
4277,540,226,0,766
4278,76,367,0,443
4279,360,283,0,643
4280,216,302,0,518
4281,46,681,0,727
4282,528,820,0,1348
4283,178,157,0,335
4284,241,22,0,263
4285,981,909,0,1890
4286,101,15,0,116
4287,754,697,0,1451
4288,388,210,0,598
4289,600,153,0,753
4290,510,503,0,1013
4291,6,286,0,292
4292,700,153,0,853
4293,826,30,0,856
4294,720,860,0,1580
4295,970,116,0,1086
4296,332,781,0,1113
4297,200,461,0,661
4298,747,536,0,1283
4299,396,315,0,711
4300,374,563,0,937
4301,525,528,0,1053
4302,237,430,0,667
4303,438,793,0,1231
4304,126,140,0,266
4305,453,287,0,740
4306,186,11,0,197
4307,589,456,0,1045
4308,204,44,0,248
4309,274,797,0,1071
4310,748,641,0,1389
4311,534,717,0,1251
4312,889,492,0,1381
4313,642,961,0,1603
4314,921,248,0,1169
4315,378,723,0,1101
4316,426,790,0,1216
4317,772,824,0,1596
4318,20,689,0,709
4319,32,66,0,98
4320,443,775,0,1218
4321,676,74,0,750
4322,247,627,0,874
4323,893,780,0,1673
4324,744,146,0,890
4325,913,791,0,1704
4326,17,842,0,859
4327,910,348,0,1258
4328,374,145,0,519
4329,497,823,0,1320
4330,661,301,0,962
4331,740,222,0,962
4332,614,447,0,1061
4333,655,173,0,828
4334,975,457,0,1432
4335,643,655,0,1298
4336,577,460,0,1037
4337,171,940,0,1111
4338,329,19,0,348
4339,882,115,0,997
4340,771,986,0,1757
4341,796,913,0,1709
4342,278,927,0,1205
4343,961,493,0,1454
4344,315,506,0,821
4345,322,871,0,1193
4346,486,219,0,705
4347,911,611,0,1522
4348,675,667,0,1342
4349,202,785,0,987
4350,155,1000,0,1155
4351,28,179,0,207
4352,664,715,0,1379
4353,113,182,0,295
4354,679,626,0,1305
4355,363,57,0,420
4356,38,87,0,125
4357,402,87,0,489
4358,32,809,0,841
4359,818,336,0,1154
4360,680,341,0,1021
4361,501,326,0,827
4362,39,396,0,435
4363,468,113,0,581
4364,660,662,0,1322
4365,289,671,0,960
4366,221,551,0,772
4367,147,135,0,282
4368,693,217,0,910
4369,964,415,0,1379
4370,128,308,0,436
4371,469,55,0,524
4372,335,552,0,887
4373,532,38,0,570
4374,889,599,0,1488
4375,524,152,0,676
4376,325,310,0,635
4377,252,284,0,536
4378,231,225,0,456
4379,628,215,0,843
4380,697,746,0,1443
4381,696,457,0,1153
4382,69,345,0,414
4383,634,855,0,1489
4384,289,524,0,813
4385,595,896,0,1491
4386,889,190,0,1079
4387,930,720,0,1650
4388,971,839,0,1810
4389,61,46,0,107
4390,330,306,0,636
4391,377,116,0,493
4392,176,789,0,965
4393,956,510,0,1466
4394,103,381,0,484
4395,959,658,0,1617
4396,76,534,0,610
4397,925,951,0,1876
4398,255,272,0,527
4399,157,863,0,1020
4400,273,674,0,947
4401,260,750,0,1010
4402,459,523,0,982
4403,90,860,0,950
4404,484,237,0,721
4405,619,5,0,624
4406,367,225,0,592
4407,202,106,0,308
4408,820,304,0,1124
4409,391,625,0,1016
4410,181,431,0,612
4411,52,883,0,935
4412,546,172,0,718
4413,313,807,0,1120
4414,922,31,0,953
4415,55,509,0,564
4416,295,361,0,656
4417,606,165,0,771
4418,850,268,0,1118
4419,616,849,0,1465
4420,52,757,0,809
4421,696,151,0,847
4422,104,300,0,404
4423,716,845,0,1561
4424,668,58,0,726
4425,893,48,0,941
4426,782,418,0,1200
4427,594,852,0,1446
4428,601,218,0,819
4429,663,879,0,1542
4430,475,561,0,1036
4431,652,811,0,1463
4432,802,629,0,1431
4433,319,200,0,519
4434,170,67,0,237
4435,732,535,0,1267
4436,253,816,0,1069
4437,820,292,0,1112
4438,568,416,0,984
4439,473,163,0,636
4440,440,797,0,1237
4441,406,16,0,422
4442,674,673,0,1347
4443,546,473,0,1019
4444,246,188,0,434
4445,942,17,0,959
4446,789,683,0,1472
4447,444,578,0,1022
4448,786,648,0,1434
4449,91,728,0,819
4450,135,874,0,1009
4451,278,803,0,1081
4452,124,636,0,760
4453,344,16,0,360
4454,877,568,0,1445
4455,218,434,0,652
4456,433,499,0,932
4457,437,232,0,669
4458,918,164,0,1082
4459,102,208,0,310
4460,705,363,0,1068
4461,680,263,0,943
4462,359,870,0,1229
4463,336,856,0,1192
4464,93,114,0,207
4465,733,704,0,1437
4466,449,866,0,1315
4467,380,26,0,406
4468,779,900,0,1679
4469,228,41,0,269
4470,683,256,0,939
4471,252,49,0,301
4472,658,740,0,1398
4473,522,419,0,941
4474,139,450,0,589
4475,73,34,0,107
4476,669,428,0,1097
4477,198,212,0,410
4478,38,235,0,273
4479,82,337,0,419
4480,636,953,0,1589
4481,609,131,0,740
4482,992,113,0,1105
4483,14,323,0,337
4484,64,287,0,351
4485,930,201,0,1131
4486,731,346,0,1077
4487,409,466,0,875
4488,773,10,0,783
4489,980,908,0,1888
4490,269,345,0,614
4491,964,223,0,1187
4492,522,256,0,778
4493,125,20,0,145
4494,300,266,0,566
4495,596,78,0,674
4496,20,101,0,121
4497,67,747,0,814
4498,667,172,0,839
4499,76,779,0,855
4500,42,19,0,61
4501,682,18,0,700
4502,667,126,0,793
4503,592,679,0,1271
4504,736,324,0,1060
4505,824,847,0,1671
4506,338,380,0,718
4507,250,570,0,820
4508,577,774,0,1351
4509,425,541,0,966
4510,491,179,0,670
4511,948,281,0,1229
4512,385,557,0,942
4513,930,536,0,1466
4514,536,855,0,1391
4515,636,719,0,1355
4516,719,495,0,1214
4517,993,26,0,1019
4518,41,84,0,125
4519,208,610,0,818
4520,159,458,0,617
4521,444,583,0,1027
4522,615,739,0,1354
4523,405,74,0,479
4524,496,476,0,972
4525,484,832,0,1316
4526,511,860,0,1371
4527,709,506,0,1215
4528,692,203,0,895
4529,910,648,0,1558
4530,203,238,0,441
4531,695,323,0,1018
4532,254,210,0,464
4533,157,225,0,382
4534,178,811,0,989
4535,290,798,0,1088
4536,507,843,0,1350
4537,728,728,0,1456
4538,769,900,0,1669
4539,122,406,0,528
4540,251,171,0,422
4541,414,120,0,534
4542,215,841,0,1056
4543,734,301,0,1035
4544,478,143,0,621
4545,594,411,0,1005
4546,425,421,0,846
4547,518,550,0,1068
4548,440,60,0,500
4549,231,929,0,1160
4550,420,243,0,663
4551,25,414,0,439
4552,537,268,0,805
4553,383,973,0,1356
4554,394,309,0,703
4555,626,120,0,746
4556,735,57,0,792
4557,157,321,0,478
4558,147,842,0,989
4559,0,802,0,802
4560,781,412,0,1193
4561,629,72,0,701
4562,449,842,0,1291
4563,69,106,0,175
4564,899,26,0,925
4565,608,956,0,1564
4566,553,85,0,638
4567,473,235,0,708
4568,801,983,0,1784
4569,651,596,0,1247
4570,205,204,0,409
4571,241,50,0,291
4572,720,107,0,827
4573,836,246,0,1082
4574,592,901,0,1493
4575,804,739,0,1543
4576,670,322,0,992
4577,76,117,0,193
4578,956,0,0,956
4579,107,959,0,1066
4580,319,8,0,327
4581,525,718,0,1243
4582,156,158,0,314
4583,864,267,0,1131
4584,728,692,0,1420
4585,995,726,0,1721
4586,993,657,0,1650
4587,850,541,0,1391
4588,386,876,0,1262
4589,127,265,0,392
4590,820,612,0,1432
4591,639,994,0,1633
4592,23,907,0,930
4593,250,18,0,268
4594,743,636,0,1379
4595,355,585,0,940
4596,839,86,0,925
4597,633,527,0,1160
4598,607,482,0,1089
4599,491,881,0,1372
4600,498,551,0,1049
4601,706,721,0,1427
4602,93,429,0,522
4603,931,557,0,1488
4604,145,363,0,508
4605,450,116,0,566
4606,693,744,0,1437
4607,99,599,0,698
4608,768,879,0,1647
4609,451,441,0,892
4610,215,819,0,1034
4611,552,788,0,1340
4612,881,218,0,1099
4613,408,989,0,1397
4614,297,121,0,418
4615,731,93,0,824
4616,504,726,0,1230
4617,389,66,0,455
4618,208,770,0,978
4619,634,153,0,787
4620,912,768,0,1680
4621,61,9,0,70
4622,729,656,0,1385
4623,301,343,0,644
4624,402,72,0,474
4625,266,726,0,992
4626,180,904,0,1084
4627,588,480,0,1068
4628,164,466,0,630
4629,123,284,0,407
4630,901,499,0,1400
4631,914,121,0,1035
4632,480,31,0,511
4633,406,661,0,1067
4634,630,977,0,1607
4635,728,379,0,1107
4636,951,178,0,1129
4637,211,718,0,929
4638,74,326,0,400
4639,563,144,0,707
4640,293,694,0,987
4641,499,481,0,980
4642,705,381,0,1086
4643,996,551,0,1547
4644,165,794,0,959
4645,653,123,0,776
4646,457,878,0,1335
4647,958,602,0,1560
4648,415,734,0,1149
4649,526,160,0,686
4650,177,612,0,789
4651,145,975,0,1120
4652,280,490,0,770
4653,712,423,0,1135
4654,129,5,0,134
4655,732,651,0,1383
4656,419,609,0,1028
4657,823,875,0,1698
4658,122,444,0,566
4659,977,696,0,1673
4660,988,518,0,1506
4661,374,110,0,484
4662,32,856,0,888
4663,733,513,0,1246
4664,111,627,0,738
4665,844,533,0,1377
4666,801,785,0,1586
4667,487,884,0,1371
4668,140,94,0,234
4669,152,165,0,317
4670,256,937,0,1193
4671,971,180,0,1151
4672,528,616,0,1144
4673,785,146,0,931
4674,520,917,0,1437
4675,151,567,0,718
4676,565,414,0,979
4677,357,892,0,1249
4678,33,53,0,86
4679,832,828,0,1660
4680,954,168,0,1122
4681,652,126,0,778
4682,19,559,0,578
4683,291,988,0,1279
4684,295,416,0,711
4685,638,920,0,1558
4686,891,650,0,1541
4687,264,218,0,482
4688,761,31,0,792
4689,96,768,0,864
4690,140,780,0,920
4691,166,641,0,807
4692,259,454,0,713
4693,268,354,0,622
4694,795,879,0,1674
4695,764,285,0,1049
4696,597,381,0,978
4697,699,505,0,1204
4698,980,986,0,1966
4699,917,859,0,1776
4700,350,159,0,509
4701,21,898,0,919
4702,635,37,0,672
4703,567,14,0,581
4704,953,292,0,1245
4705,931,435,0,1366
4706,412,315,0,727
4707,332,467,0,799
4708,437,908,0,1345
4709,873,97,0,970
4710,66,918,0,984
4711,296,17,0,313
4712,330,316,0,646
4713,518,120,0,638
4714,220,396,0,616
4715,647,61,0,708
4716,229,69,0,298
4717,618,238,0,856
4718,77,628,0,705
4719,981,121,0,1102
4720,929,263,0,1192
4721,545,476,0,1021
4722,116,288,0,404
4723,254,618,0,872
4724,494,888,0,1382
4725,750,756,0,1506
4726,565,75,0,640
4727,983,714,0,1697
4728,614,285,0,899
4729,917,697,0,1614
4730,370,592,0,962
4731,671,324,0,995
4732,122,632,0,754
4733,716,711,0,1427
4734,619,850,0,1469
4735,112,531,0,643
4736,505,643,0,1148
4737,272,31,0,303
4738,404,636,0,1040
4739,723,482,0,1205
4740,64,657,0,721
4741,834,979,0,1813
4742,531,678,0,1209
4743,247,500,0,747
4744,230,632,0,862
4745,183,252,0,435
4746,250,916,0,1166
4747,308,678,0,986
4748,765,230,0,995
4749,429,663,0,1092
4750,578,90,0,668
4751,137,465,0,602
4752,54,165,0,219
4753,146,82,0,228
4754,394,651,0,1045
4755,792,896,0,1688
4756,758,988,0,1746
4757,713,407,0,1120
4758,932,781,0,1713
4759,886,853,0,1739
4760,609,355,0,964
4761,147,330,0,477
4762,402,233,0,635
4763,350,158,0,508
4764,732,54,0,786
4765,468,947,0,1415
4766,488,588,0,1076
4767,353,535,0,888
4768,700,297,0,997
4769,375,781,0,1156
4770,125,282,0,407
4771,256,796,0,1052
4772,839,580,0,1419
4773,7,762,0,769
4774,36,757,0,793
4775,627,627,0,1254
4776,668,287,0,955
4777,443,888,0,1331
4778,242,872,0,1114
4779,548,166,0,714
4780,375,650,0,1025
4781,693,4,0,697
4782,995,842,0,1837
4783,479,355,0,834
4784,495,819,0,1314
4785,671,522,0,1193
4786,402,961,0,1363
4787,662,438,0,1100
4788,926,999,0,1925
4789,523,80,0,603
4790,370,780,0,1150
4791,978,598,0,1576
4792,18,893,0,911
4793,725,479,0,1204
4794,2,315,0,317
4795,208,356,0,564
4796,180,87,0,267
4797,185,635,0,820
4798,529,957,0,1486
4799,539,373,0,912
4800,164,9,0,173
4801,903,145,0,1048
4802,506,382,0,888
4803,169,401,0,570
4804,717,795,0,1512
4805,6,711,0,717
4806,754,467,0,1221
4807,410,148,0,558
4808,854,32,0,886
4809,38,726,0,764
4810,378,820,0,1198
4811,273,708,0,981
4812,780,464,0,1244
4813,623,272,0,895
4814,284,388,0,672
4815,969,720,0,1689
4816,759,759,0,1518
4817,535,788,0,1323
4818,41,715,0,756
4819,5,493,0,498
4820,24,645,0,669
4821,178,380,0,558
4822,370,248,0,618
4823,395,390,0,785
4824,267,923,0,1190
4825,946,821,0,1767
4826,329,621,0,950
4827,375,754,0,1129
4828,281,738,0,1019
4829,314,437,0,751
4830,975,86,0,1061
4831,4,872,0,876
4832,286,847,0,1133
4833,227,460,0,687
4834,961,66,0,1027
4835,128,306,0,434
4836,884,792,0,1676
4837,244,703,0,947
4838,948,52,0,1000
4839,312,870,0,1182
4840,543,380,0,923
4841,768,632,0,1400
4842,302,557,0,859
4843,552,458,0,1010
4844,882,675,0,1557
4845,803,486,0,1289
4846,663,998,0,1661
4847,854,831,0,1685
4848,387,696,0,1083
4849,301,592,0,893
4850,766,70,0,836
4851,679,894,0,1573
4852,481,294,0,775
4853,237,603,0,840
4854,361,293,0,654
4855,176,283,0,459
4856,658,720,0,1378
4857,929,501,0,1430
4858,173,714,0,887
4859,742,476,0,1218
4860,986,274,0,1260
4861,75,361,0,436
4862,691,485,0,1176
4863,190,173,0,363
4864,296,947,0,1243
4865,647,62,0,709
4866,293,880,0,1173
4867,970,824,0,1794
4868,37,826,0,863
4869,781,901,0,1682
4870,95,653,0,748
4871,417,979,0,1396
4872,313,344,0,657
4873,47,638,0,685
4874,169,228,0,397
4875,814,946,0,1760
4876,277,134,0,411
4877,112,888,0,1000
4878,634,782,0,1416
4879,848,211,0,1059
4880,803,853,0,1656
4881,996,798,0,1794
4882,212,288,0,500
4883,391,847,0,1238
4884,635,411,0,1046
4885,932,941,0,1873
4886,112,235,0,347
4887,793,418,0,1211
4888,130,501,0,631
4889,53,803,0,856
4890,324,634,0,958
4891,538,594,0,1132
4892,267,138,0,405
4893,660,179,0,839
4894,127,319,0,446
4895,386,769,0,1155
4896,244,524,0,768
4897,530,421,0,951
4898,362,464,0,826
4899,763,595,0,1358
4900,670,250,0,920
4901,481,123,0,604
4902,361,523,0,884
4903,499,618,0,1117
4904,681,626,0,1307
4905,965,912,0,1877
4906,760,377,0,1137
4907,468,974,0,1442
4908,173,983,0,1156
4909,322,808,0,1130
4910,171,536,0,707
4911,981,476,0,1457
4912,515,114,0,629
4913,403,924,0,1327
4914,845,192,0,1037
4915,10,859,0,869
4916,671,98,0,769
4917,960,826,0,1786
4918,250,90,0,340
4919,971,916,0,1887
4920,452,938,0,1390
4921,374,198,0,572
4922,979,351,0,1330
4923,95,486,0,581
4924,650,588,0,1238
4925,653,499,0,1152
4926,688,972,0,1660
4927,217,45,0,262
4928,908,139,0,1047
4929,726,38,0,764
4930,229,60,0,289
4931,232,270,0,502
4932,875,31,0,906
4933,582,978,0,1560
4934,707,244,0,951
4935,407,675,0,1082
4936,130,745,0,875
4937,659,748,0,1407
4938,361,685,0,1046
4939,794,600,0,1394
4940,24,251,0,275
4941,117,324,0,441
4942,503,570,0,1073
4943,440,811,0,1251
4944,268,550,0,818
4945,392,174,0,566
4946,156,778,0,934
4947,648,665,0,1313
4948,944,460,0,1404
4949,425,16,0,441
4950,205,285,0,490
4951,601,634,0,1235
4952,122,518,0,640
4953,947,535,0,1482
4954,405,727,0,1132
4955,191,409,0,600
4956,777,418,0,1195
4957,605,156,0,761
4958,73,397,0,470
4959,33,10,0,43
4960,790,62,0,852
4961,494,324,0,818
4962,648,663,0,1311
4963,7,405,0,412
4964,444,675,0,1119
4965,233,410,0,643
4966,764,564,0,1328
4967,73,579,0,652
4968,396,1,0,397
4969,743,259,0,1002
4970,694,990,0,1684
4971,144,690,0,834
4972,78,315,0,393
4973,175,659,0,834
4974,96,506,0,602
4975,827,801,0,1628
4976,588,103,0,691
4977,683,353,0,1036
4978,186,858,0,1044
4979,45,294,0,339
4980,5,556,0,561
4981,81,840,0,921
4982,649,996,0,1645
4983,981,315,0,1296
4984,597,381,0,978
4985,415,158,0,573
4986,925,365,0,1290
4987,198,654,0,852
4988,689,855,0,1544
4989,827,182,0,1009
4990,31,447,0,478
4991,727,289,0,1016
4992,667,792,0,1459
4993,984,594,0,1578
4994,594,100,0,694
4995,893,745,0,1638
4996,948,257,0,1205
4997,955,654,0,1609
4998,736,201,0,937
4999,464,330,0,794
5000,132,701,0,833
5001,73,805,0,878
5002,431,898,0,1329
5003,555,720,0,1275
5004,459,290,0,749
5005,423,714,0,1137
5006,388,971,0,1359
5007,20,199,0,219
5008,472,17,0,489
5009,384,160,0,544
5010,786,885,0,1671
5011,757,819,0,1576
5012,110,395,0,505
5013,573,597,0,1170
5014,307,114,0,421
5015,316,502,0,818
5016,306,97,0,403
5017,977,11,0,988
5018,475,705,0,1180
5019,303,673,0,976
5020,368,790,0,1158
5021,812,830,0,1642
5022,185,374,0,559
5023,129,612,0,741
5024,825,710,0,1535
5025,884,313,0,1197
5026,492,676,0,1168
5027,70,428,0,498
5028,938,21,0,959
5029,674,154,0,828
5030,958,753,0,1711
5031,143,473,0,616
5032,171,842,0,1013
5033,982,660,0,1642
5034,347,318,0,665
5035,242,257,0,499
5036,641,586,0,1227
5037,817,859,0,1676
5038,854,159,0,1013
5039,881,707,0,1588
5040,451,967,0,1418
5041,14,70,0,84
5042,98,758,0,856
5043,363,937,0,1300
5044,778,751,0,1529
5045,482,558,0,1040
5046,771,819,0,1590
5047,196,363,0,559
5048,128,449,0,577
5049,963,817,0,1780
5050,49,594,0,643
5051,431,727,0,1158
5052,369,973,0,1342
5053,521,296,0,817
5054,373,873,0,1246
5055,633,61,0,694
5056,715,849,0,1564
5057,573,675,0,1248
5058,163,934,0,1097
5059,519,107,0,626
5060,526,643,0,1169
5061,812,545,0,1357
5062,653,843,0,1496
5063,252,159,0,411
5064,427,279,0,706
5065,302,141,0,443
5066,299,604,0,903
5067,657,137,0,794
5068,354,513,0,867
5069,725,127,0,852
5070,854,969,0,1823
5071,195,546,0,741
5072,331,536,0,867
5073,826,148,0,974
5074,97,381,0,478
5075,555,112,0,667
5076,161,63,0,224
5077,406,549,0,955
5078,721,912,0,1633
5079,814,845,0,1659
5080,1000,782,0,1782
5081,228,14,0,242
5082,785,425,0,1210
5083,587,880,0,1467
5084,238,587,0,825
5085,228,401,0,629
5086,100,408,0,508
5087,8,309,0,317
5088,476,515,0,991
5089,517,99,0,616
5090,475,10,0,485
5091,659,783,0,1442
5092,749,679,0,1428
5093,827,88,0,915
5094,658,458,0,1116
5095,140,582,0,722
5096,172,456,0,628
5097,730,637,0,1367
5098,728,46,0,774
5099,624,367,0,991
5100,833,552,0,1385
5101,666,711,0,1377
5102,164,509,0,673
5103,70,946,0,1016
5104,880,351,0,1231
5105,535,43,0,578
5106,69,364,0,433
5107,308,40,0,348
5108,969,608,0,1577
5109,340,346,0,686
5110,151,136,0,287
5111,630,717,0,1347
5112,323,717,0,1040
5113,743,115,0,858
5114,550,523,0,1073
5115,683,38,0,721
5116,428,937,0,1365
5117,753,654,0,1407
5118,415,69,0,484
5119,222,523,0,745
5120,788,166,0,954
5121,754,232,0,986
5122,527,499,0,1026
5123,86,90,0,176
5124,143,853,0,996
5125,199,306,0,505
5126,229,735,0,964
5127,148,173,0,321
5128,512,48,0,560
5129,642,998,0,1640
5130,516,135,0,651
5131,915,508,0,1423
5132,676,36,0,712
5133,201,280,0,481
5134,406,907,0,1313
5135,201,326,0,527
5136,352,405,0,757
5137,221,796,0,1017
5138,608,295,0,903
5139,980,668,0,1648
5140,997,809,0,1806
5141,246,760,0,1006
5142,850,38,0,888
5143,477,832,0,1309
5144,511,54,0,565
5145,940,647,0,1587
5146,848,797,0,1645
5147,507,849,0,1356
5148,1,850,0,851
5149,641,452,0,1093
5150,530,73,0,603
5151,55,235,0,290
5152,544,495,0,1039
5153,672,741,0,1413
5154,937,551,0,1488
5155,519,430,0,949
5156,953,473,0,1426
5157,260,810,0,1070
5158,164,391,0,555
5159,485,159,0,644
5160,875,447,0,1322
5161,598,101,0,699
5162,96,2,0,98
5163,722,543,0,1265
5164,794,430,0,1224
5165,547,422,0,969
5166,614,682,0,1296
5167,383,170,0,553
5168,989,247,0,1236
5169,407,257,0,664
5170,142,278,0,420
5171,955,893,0,1848
5172,372,876,0,1248
5173,936,426,0,1362
5174,669,824,0,1493
5175,310,42,0,352
5176,539,694,0,1233
5177,712,766,0,1478
5178,942,331,0,1273
5179,59,485,0,544
5180,183,379,0,562
5181,302,535,0,837
5182,249,966,0,1215
5183,692,303,0,995
5184,544,870,0,1414
5185,755,937,0,1692
5186,338,585,0,923
5187,312,532,0,844
5188,921,55,0,976
5189,909,972,0,1881
5190,493,418,0,911
5191,468,139,0,607
5192,739,922,0,1661
5193,15,261,0,276
5194,532,147,0,679
5195,388,359,0,747
5196,443,373,0,816
5197,760,68,0,828
5198,622,712,0,1334
5199,375,51,0,426
5200,549,512,0,1061
5201,97,559,0,656
5202,165,618,0,783
5203,924,277,0,1201
5204,618,94,0,712
5205,44,679,0,723
5206,901,962,0,1863
5207,82,244,0,326
5208,691,754,0,1445
5209,898,348,0,1246
5210,78,890,0,968
5211,45,310,0,355
5212,958,112,0,1070
5213,851,914,0,1765
5214,544,177,0,721
5215,445,143,0,588
5216,947,159,0,1106
5217,809,230,0,1039
5218,141,750,0,891
5219,69,767,0,836
5220,129,570,0,699
5221,495,869,0,1364
5222,810,713,0,1523
5223,350,770,0,1120
5224,382,232,0,614
5225,58,406,0,464
5226,459,512,0,971
5227,329,453,0,782
5228,767,800,0,1567
5229,903,17,0,920
5230,242,734,0,976
5231,970,256,0,1226
5232,39,112,0,151
5233,312,812,0,1124
5234,60,251,0,311
5235,241,511,0,752
5236,232,105,0,337
5237,607,407,0,1014
5238,494,394,0,888
5239,19,209,0,228
5240,493,334,0,827
5241,643,803,0,1446
5242,921,862,0,1783
5243,228,938,0,1166
5244,227,193,0,420
5245,141,961,0,1102
5246,797,901,0,1698
5247,247,649,0,896
5248,350,304,0,654
5249,939,905,0,1844
5250,43,624,0,667
5251,95,423,0,518
5252,617,572,0,1189
5253,672,159,0,831
5254,877,257,0,1134
5255,214,639,0,853
5256,347,255,0,602
5257,75,553,0,628
5258,569,171,0,740
5259,720,766,0,1486
5260,879,887,0,1766
5261,401,457,0,858
5262,859,808,0,1667
5263,957,609,0,1566
5264,27,362,0,389
5265,941,372,0,1313
5266,839,642,0,1481
5267,629,850,0,1479
5268,604,872,0,1476
5269,441,915,0,1356
5270,55,253,0,308
5271,259,957,0,1216
5272,201,528,0,729
5273,175,416,0,591
5274,871,682,0,1553
5275,925,129,0,1054
5276,267,165,0,432
5277,78,307,0,385
5278,125,630,0,755
5279,884,380,0,1264
5280,601,534,0,1135
5281,427,784,0,1211
5282,835,916,0,1751
5283,860,403,0,1263
5284,416,397,0,813
5285,926,498,0,1424
5286,110,889,0,999
5287,983,732,0,1715
5288,578,891,0,1469
5289,10,777,0,787
5290,678,928,0,1606
5291,212,622,0,834
5292,333,64,0,397
5293,242,77,0,319
5294,145,657,0,802
5295,674,827,0,1501
5296,240,756,0,996
5297,926,520,0,1446
5298,5,958,0,963
5299,468,739,0,1207
5300,318,13,0,331
5301,927,686,0,1613
5302,335,305,0,640
5303,959,101,0,1060
5304,123,945,0,1068
5305,538,330,0,868
5306,534,231,0,765
5307,1,219,0,220
5308,742,877,0,1619
5309,901,665,0,1566
5310,693,51,0,744
5311,175,140,0,315
5312,402,311,0,713
5313,873,818,0,1691
5314,333,402,0,735
5315,541,458,0,999
5316,176,983,0,1159
5317,14,756,0,770
5318,541,340,0,881
5319,505,130,0,635
5320,275,221,0,496
5321,998,40,0,1038
5322,868,623,0,1491
5323,915,6,0,921
5324,179,42,0,221
5325,821,633,0,1454
5326,354,24,0,378
5327,740,477,0,1217
5328,124,1,0,125
5329,206,921,0,1127
5330,628,37,0,665
5331,431,67,0,498
5332,991,23,0,1014
5333,551,236,0,787
5334,125,536,0,661
5335,703,263,0,966
5336,193,704,0,897
5337,391,136,0,527
5338,916,685,0,1601
5339,277,69,0,346
5340,231,206,0,437
5341,41,461,0,502
5342,916,527,0,1443
5343,637,576,0,1213
5344,333,295,0,628
5345,747,644,0,1391
5346,636,915,0,1551
5347,302,692,0,994
5348,173,33,0,206
5349,121,544,0,665
5350,405,329,0,734
5351,748,693,0,1441
5352,503,545,0,1048
5353,161,431,0,592
5354,448,633,0,1081
5355,25,302,0,327
5356,225,556,0,781
5357,156,763,0,919
5358,937,855,0,1792
5359,836,600,0,1436
5360,371,91,0,462
5361,433,409,0,842
5362,513,533,0,1046
5363,139,522,0,661
5364,759,580,0,1339
5365,170,389,0,559
5366,715,192,0,907
5367,172,500,0,672
5368,441,578,0,1019
5369,670,397,0,1067
5370,891,277,0,1168
5371,123,963,0,1086
5372,805,561,0,1366
5373,460,804,0,1264
5374,161,540,0,701
5375,912,524,0,1436
5376,131,110,0,241
5377,646,298,0,944
5378,164,753,0,917
5379,63,966,0,1029
5380,843,475,0,1318
5381,204,646,0,850
5382,272,42,0,314
5383,952,99,0,1051
5384,162,583,0,745
5385,905,911,0,1816
5386,983,591,0,1574
5387,163,494,0,657
5388,817,100,0,917
5389,828,151,0,979
5390,745,483,0,1228
5391,194,151,0,345
5392,381,267,0,648
5393,575,456,0,1031
5394,3,367,0,370
5395,540,60,0,600
5396,358,881,0,1239
5397,369,736,0,1105
5398,622,368,0,990
5399,906,750,0,1656
5400,433,62,0,495
5401,636,811,0,1447
5402,154,925,0,1079
5403,243,184,0,427
5404,583,235,0,818
5405,869,247,0,1116
5406,393,650,0,1043
5407,663,152,0,815
5408,685,410,0,1095
5409,457,555,0,1012
5410,872,657,0,1529
5411,939,919,0,1858
5412,342,415,0,757
5413,199,917,0,1116
5414,912,942,0,1854
5415,731,891,0,1622
5416,887,404,0,1291
5417,185,249,0,434
5418,97,330,0,427
5419,896,601,0,1497
5420,589,357,0,946
5421,837,346,0,1183
5422,739,232,0,971
5423,22,922,0,944
5424,260,779,0,1039
5425,465,41,0,506
5426,508,830,0,1338
5427,413,607,0,1020
5428,353,697,0,1050
5429,821,512,0,1333
5430,122,18,0,140
5431,258,818,0,1076
5432,350,886,0,1236
5433,360,279,0,639
5434,418,424,0,842
5435,171,276,0,447
5436,448,673,0,1121
5437,870,257,0,1127
5438,880,597,0,1477
5439,46,107,0,153
5440,950,644,0,1594
5441,971,108,0,1079
5442,403,478,0,881
5443,484,34,0,518
5444,258,398,0,656
5445,82,300,0,382
5446,705,212,0,917
5447,592,392,0,984
5448,326,778,0,1104
5449,987,115,0,1102
5450,913,159,0,1072
5451,89,618,0,707
5452,935,683,0,1618
5453,802,92,0,894
5454,99,549,0,648
5455,162,924,0,1086
5456,809,518,0,1327
5457,754,413,0,1167
5458,95,68,0,163
5459,301,607,0,908
5460,145,553,0,698
5461,7,982,0,989
5462,139,650,0,789
5463,728,465,0,1193
5464,590,451,0,1041
5465,166,710,0,876
5466,237,863,0,1100
5467,209,375,0,584
5468,156,214,0,370
5469,323,302,0,625
5470,577,219,0,796
5471,233,781,0,1014
5472,232,509,0,741
5473,61,585,0,646
5474,329,822,0,1151
5475,475,628,0,1103
5476,676,12,0,688
5477,932,820,0,1752
5478,702,980,0,1682
5479,738,727,0,1465
5480,794,819,0,1613
5481,130,761,0,891
5482,702,244,0,946
5483,686,67,0,753
5484,264,417,0,681
5485,443,431,0,874
5486,533,605,0,1138
5487,178,960,0,1138
5488,285,736,0,1021
5489,82,548,0,630
5490,429,163,0,592
5491,462,487,0,949
5492,992,927,0,1919
5493,233,842,0,1075
5494,257,19,0,276
5495,109,593,0,702
5496,199,402,0,601
5497,66,635,0,701
5498,508,708,0,1216
5499,267,970,0,1237
5500,398,644,0,1042
5501,158,853,0,1011
5502,928,235,0,1163
5503,56,574,0,630
5504,323,429,0,752
5505,129,198,0,327
5506,84,137,0,221
5507,450,290,0,740
5508,3,349,0,352
5509,862,669,0,1531
5510,337,813,0,1150
5511,653,193,0,846
5512,199,223,0,422
5513,125,262,0,387
5514,198,537,0,735
5515,400,679,0,1079
5516,66,258,0,324
5517,552,529,0,1081
5518,318,228,0,546
5519,39,494,0,533
5520,174,1,0,175
5521,503,348,0,851
5522,686,458,0,1144
5523,280,943,0,1223
5524,529,882,0,1411
5525,690,720,0,1410
5526,212,366,0,578
5527,792,298,0,1090
5528,955,632,0,1587
5529,819,812,0,1631
5530,265,752,0,1017
5531,784,462,0,1246
5532,257,516,0,773
5533,522,253,0,775
5534,354,244,0,598
5535,193,386,0,579
5536,603,900,0,1503
5537,857,279,0,1136
5538,639,43,0,682
5539,840,587,0,1427
5540,689,448,0,1137
5541,894,377,0,1271
5542,85,307,0,392
5543,762,552,0,1314
5544,909,833,0,1742
5545,890,587,0,1477
5546,191,890,0,1081
5547,142,719,0,861
5548,15,570,0,585
5549,96,201,0,297
5550,698,148,0,846
5551,345,539,0,884
5552,447,91,0,538
5553,116,687,0,803
5554,567,789,0,1356
5555,275,784,0,1059
5556,29,324,0,353
5557,756,427,0,1183
5558,140,123,0,263
5559,875,169,0,1044
5560,981,89,0,1070
5561,198,690,0,888
5562,533,811,0,1344
5563,716,581,0,1297
5564,20,426,0,446
5565,847,969,0,1816
5566,978,644,0,1622
5567,68,172,0,240
5568,985,516,0,1501
5569,495,986,0,1481
5570,646,625,0,1271
5571,657,846,0,1503
5572,344,225,0,569
5573,697,298,0,995
5574,839,945,0,1784
5575,120,86,0,206
5576,606,930,0,1536
5577,141,61,0,202
5578,910,156,0,1066
5579,897,678,0,1575
5580,749,499,0,1248
5581,117,938,0,1055
5582,246,716,0,962
5583,66,359,0,425
5584,1,318,0,319
5585,385,925,0,1310
5586,79,516,0,595
5587,650,103,0,753
5588,401,70,0,471
5589,567,526,0,1093
5590,712,170,0,882
5591,810,529,0,1339
5592,424,666,0,1090
5593,110,429,0,539
5594,2,418,0,420
5595,676,900,0,1576
5596,762,904,0,1666
5597,824,49,0,873
5598,442,233,0,675
5599,737,700,0,1437
5600,329,735,0,1064
5601,61,805,0,866
5602,134,260,0,394
5603,431,568,0,999
5604,659,145,0,804
5605,332,322,0,654
5606,940,116,0,1056
5607,548,990,0,1538
5608,588,609,0,1197
5609,124,99,0,223
5610,490,994,0,1484
5611,586,96,0,682
5612,177,259,0,436
5613,129,524,0,653
5614,228,58,0,286
5615,170,686,0,856
5616,274,221,0,495
5617,680,359,0,1039
5618,294,331,0,625
5619,811,718,0,1529
5620,20,457,0,477
5621,432,517,0,949
5622,91,840,0,931
5623,348,218,0,566
5624,332,128,0,460
5625,193,48,0,241
5626,371,636,0,1007
5627,783,263,0,1046
5628,239,603,0,842
5629,244,521,0,765
5630,958,971,0,1929
5631,716,332,0,1048
5632,888,13,0,901
5633,749,116,0,865
5634,424,137,0,561
5635,909,101,0,1010
5636,941,921,0,1862
5637,191,522,0,713
5638,739,326,0,1065
5639,721,334,0,1055
5640,358,693,0,1051
5641,967,583,0,1550
5642,950,194,0,1144
5643,501,704,0,1205
5644,169,481,0,650
5645,115,15,0,130
5646,278,628,0,906
5647,637,805,0,1442
5648,423,588,0,1011
5649,159,616,0,775
5650,553,10,0,563
5651,598,810,0,1408
5652,97,628,0,725
5653,425,310,0,735
5654,928,337,0,1265
5655,868,610,0,1478
5656,950,908,0,1858
5657,918,968,0,1886
5658,385,333,0,718
5659,188,981,0,1169
5660,976,67,0,1043
5661,753,542,0,1295
5662,89,828,0,917
5663,979,985,0,1964
5664,107,961,0,1068
5665,585,666,0,1251
5666,561,310,0,871
5667,132,372,0,504
5668,724,233,0,957
5669,316,410,0,726
5670,381,819,0,1200
5671,952,924,0,1876
5672,578,982,0,1560
5673,164,909,0,1073
5674,60,346,0,406
5675,196,424,0,620
5676,142,880,0,1022
5677,176,41,0,217
5678,595,544,0,1139
5679,937,989,0,1926
5680,815,579,0,1394
5681,747,345,0,1092
5682,89,854,0,943
5683,536,649,0,1185
5684,419,880,0,1299
5685,158,466,0,624
5686,486,882,0,1368
5687,984,568,0,1552
5688,929,319,0,1248
5689,483,530,0,1013
5690,326,815,0,1141
5691,803,80,0,883
5692,926,908,0,1834
5693,79,787,0,866
5694,616,7,0,623
5695,720,996,0,1716
5696,643,732,0,1375
5697,13,812,0,825
5698,678,675,0,1353
5699,37,323,0,360
5700,513,36,0,549
5701,980,769,0,1749
5702,956,473,0,1429
5703,675,964,0,1639
5704,453,789,0,1242
5705,670,587,0,1257
5706,80,15,0,95
5707,35,765,0,800
5708,925,250,0,1175
5709,581,420,0,1001
5710,176,81,0,257
5711,99,898,0,997
5712,950,611,0,1561
5713,522,710,0,1232
5714,576,995,0,1571
5715,132,4,0,136
5716,461,175,0,636
5717,599,235,0,834
5718,791,275,0,1066
5719,558,921,0,1479
5720,849,325,0,1174
5721,749,164,0,913
5722,754,265,0,1019
5723,340,341,0,681
5724,381,72,0,453
5725,815,512,0,1327
5726,347,11,0,358
5727,462,604,0,1066
5728,531,192,0,723
5729,416,193,0,609
5730,0,79,0,79
5731,2,598,0,600
5732,83,367,0,450
5733,895,343,0,1238
5734,187,935,0,1122
5735,273,307,0,580
5736,506,263,0,769
5737,365,341,0,706
5738,754,697,0,1451
5739,800,485,0,1285
5740,367,123,0,490
5741,657,485,0,1142
5742,333,360,0,693
5743,416,154,0,570
5744,374,294,0,668
5745,357,789,0,1146
5746,727,514,0,1241
5747,112,700,0,812
5748,84,559,0,643
5749,481,281,0,762
5750,629,837,0,1466
5751,405,616,0,1021
5752,922,718,0,1640
5753,533,601,0,1134
5754,468,764,0,1232
5755,508,924,0,1432
5756,209,968,0,1177
5757,544,442,0,986
5758,608,810,0,1418
5759,263,643,0,906
5760,241,643,0,884
5761,34,466,0,500
5762,582,642,0,1224
5763,543,600,0,1143
5764,634,680,0,1314
5765,869,921,0,1790
5766,687,363,0,1050
5767,307,686,0,993
5768,519,10,0,529
5769,52,162,0,214
5770,676,737,0,1413
5771,135,161,0,296
5772,787,322,0,1109
5773,760,931,0,1691
5774,330,299,0,629
5775,747,639,0,1386
5776,950,998,0,1948
5777,82,928,0,1010
5778,581,878,0,1459
5779,379,227,0,606
5780,96,919,0,1015
5781,440,711,0,1151
5782,382,754,0,1136
5783,569,684,0,1253
5784,539,350,0,889
5785,674,147,0,821
5786,608,639,0,1247
5787,548,45,0,593
5788,212,605,0,817
5789,658,421,0,1079
5790,785,11,0,796
5791,675,879,0,1554
5792,291,757,0,1048
5793,84,470,0,554
5794,135,754,0,889
5795,387,825,0,1212
5796,215,90,0,305
5797,60,714,0,774
5798,846,802,0,1648
5799,547,943,0,1490
5800,885,531,0,1416
5801,556,470,0,1026
5802,148,131,0,279
5803,88,664,0,752
5804,262,656,0,918
5805,783,242,0,1025
5806,805,461,0,1266
5807,317,570,0,887
5808,829,390,0,1219
5809,364,755,0,1119
5810,841,529,0,1370
5811,183,48,0,231
5812,331,917,0,1248
5813,531,90,0,621
5814,824,66,0,890
5815,973,40,0,1013
5816,228,686,0,914
5817,665,256,0,921
5818,218,532,0,750
5819,269,482,0,751
5820,977,519,0,1496
5821,790,213,0,1003
5822,446,301,0,747
5823,738,695,0,1433
5824,923,64,0,987
5825,214,284,0,498
5826,460,266,0,726
5827,786,88,0,874
5828,834,138,0,972
5829,927,988,0,1915
5830,581,80,0,661
5831,870,545,0,1415
5832,581,613,0,1194
5833,28,883,0,911
5834,801,886,0,1687
5835,148,204,0,352
5836,977,90,0,1067
5837,917,119,0,1036
5838,488,412,0,900
5839,400,815,0,1215
5840,121,2,0,123
5841,721,703,0,1424
5842,514,44,0,558
5843,520,378,0,898
5844,458,750,0,1208
5845,913,31,0,944
5846,468,378,0,846
5847,969,892,0,1861
5848,669,96,0,765
5849,811,978,0,1789
5850,953,917,0,1870
5851,411,613,0,1024
5852,475,191,0,666
5853,806,962,0,1768
5854,803,580,0,1383
5855,541,171,0,712
5856,810,74,0,884
5857,789,40,0,829
5858,698,94,0,792
5859,27,955,0,982
5860,534,0,0,534
5861,431,928,0,1359
5862,230,375,0,605
5863,179,214,0,393
5864,557,558,0,1115
5865,965,520,0,1485
5866,677,708,0,1385
5867,802,612,0,1414
5868,432,382,0,814
5869,217,726,0,943
5870,575,259,0,834
5871,10,274,0,284
5872,570,970,0,1540
5873,567,302,0,869
5874,756,688,0,1444
5875,240,88,0,328
5876,701,826,0,1527
5877,503,427,0,930
5878,963,282,0,1245
5879,836,709,0,1545
5880,207,654,0,861
5881,143,106,0,249
5882,669,927,0,1596
5883,410,475,0,885
5884,80,680,0,760
5885,913,882,0,1795
5886,673,857,0,1530
5887,178,103,0,281
5888,699,101,0,800
5889,340,877,0,1217
5890,54,836,0,890
5891,954,840,0,1794
5892,147,964,0,1111
5893,794,392,0,1186
5894,270,356,0,626
5895,835,949,0,1784
5896,120,331,0,451
5897,84,0,0,84
5898,543,959,0,1502
5899,645,326,0,971
5900,473,843,0,1316
5901,847,771,0,1618
5902,61,160,0,221
5903,718,361,0,1079
5904,139,938,0,1077
5905,140,424,0,564
5906,446,591,0,1037
5907,365,274,0,639
5908,403,617,0,1020
5909,999,243,0,1242
5910,592,141,0,733
5911,286,252,0,538
5912,928,774,0,1702
5913,948,854,0,1802
5914,79,82,0,161
5915,13,710,0,723
5916,734,734,0,1468
5917,317,133,0,450
5918,562,279,0,841
5919,898,302,0,1200
5920,591,974,0,1565
5921,608,435,0,1043
5922,118,950,0,1068
5923,839,734,0,1573
5924,976,165,0,1141
5925,590,903,0,1493
5926,126,944,0,1070
5927,226,721,0,947
5928,876,736,0,1612
5929,454,256,0,710
5930,466,487,0,953
5931,407,406,0,813
5932,304,267,0,571
5933,450,198,0,648
5934,96,629,0,725
5935,306,438,0,744
5936,810,32,0,842
5937,321,525,0,846
5938,124,848,0,972
5939,84,494,0,578
5940,172,143,0,315
5941,716,594,0,1310
5942,857,811,0,1668
5943,318,191,0,509
5944,617,649,0,1266
5945,416,436,0,852
5946,655,798,0,1453
5947,378,268,0,646
5948,618,676,0,1294
5949,880,439,0,1319
5950,524,97,0,621
5951,487,511,0,998
5952,286,138,0,424
5953,750,574,0,1324
5954,442,683,0,1125
5955,432,615,0,1047
5956,288,804,0,1092
5957,253,751,0,1004
5958,381,658,0,1039
5959,697,253,0,950
5960,336,23,0,359
5961,526,611,0,1137
5962,778,602,0,1380
5963,866,16,0,882
5964,441,88,0,529
5965,900,350,0,1250
5966,461,522,0,983
5967,591,965,0,1556
5968,349,327,0,676
5969,528,301,0,829
5970,369,516,0,885
5971,145,249,0,394
5972,158,503,0,661
5973,940,972,0,1912
5974,951,889,0,1840
5975,434,616,0,1050
5976,620,461,0,1081
5977,656,879,0,1535
5978,561,338,0,899
5979,919,683,0,1602
5980,746,518,0,1264
5981,280,312,0,592
5982,208,16,0,224
5983,674,172,0,846
5984,978,975,0,1953
5985,678,708,0,1386
5986,630,399,0,1029
5987,897,142,0,1039
5988,798,871,0,1669
5989,181,510,0,691
5990,351,726,0,1077
5991,841,561,0,1402
5992,413,954,0,1367
5993,259,205,0,464
5994,17,756,0,773
5995,656,52,0,708
5996,316,424,0,740
5997,810,334,0,1144
5998,353,118,0,471
5999,124,779,0,903
6000,794,547,0,1341
6001,423,256,0,679
6002,801,84,0,885
6003,575,742,0,1317
6004,749,580,0,1329
6005,940,481,0,1421
6006,473,720,0,1193
6007,344,619,0,963
6008,178,116,0,294
6009,650,625,0,1275
6010,335,802,0,1137
6011,701,523,0,1224
6012,169,77,0,246
6013,841,999,0,1840
6014,369,691,0,1060
6015,846,704,0,1550
6016,370,193,0,563
6017,268,789,0,1057
6018,747,188,0,935
6019,736,462,0,1198
6020,323,727,0,1050
6021,559,530,0,1089
6022,494,579,0,1073
6023,856,68,0,924
6024,983,32,0,1015
6025,340,908,0,1248
6026,382,284,0,666
6027,712,789,0,1501
6028,914,139,0,1053
6029,584,686,0,1270
6030,878,220,0,1098
6031,30,115,0,145
6032,452,945,0,1397
6033,215,573,0,788
6034,592,307,0,899
6035,645,234,0,879
6036,206,755,0,961
6037,199,895,0,1094
6038,503,716,0,1219
6039,322,333,0,655
6040,518,409,0,927
6041,428,302,0,730
6042,174,179,0,353
6043,503,919,0,1422
6044,180,835,0,1015
6045,883,362,0,1245
6046,190,788,0,978
6047,161,313,0,474
6048,644,233,0,877
6049,20,377,0,397
6050,577,921,0,1498
6051,539,487,0,1026
6052,67,146,0,213
6053,553,211,0,764
6054,621,133,0,754
6055,533,151,0,684
6056,409,549,0,958
6057,586,97,0,683
6058,4,814,0,818
6059,659,657,0,1316
6060,715,71,0,786
6061,488,353,0,841
6062,886,884,0,1770
6063,144,390,0,534
6064,611,692,0,1303
6065,845,478,0,1323
6066,756,103,0,859
6067,899,985,0,1884
6068,766,917,0,1683
6069,943,651,0,1594
6070,510,714,0,1224
6071,872,422,0,1294
6072,501,574,0,1075
6073,638,717,0,1355
6074,166,963,0,1129
6075,655,583,0,1238
6076,295,458,0,753
6077,841,586,0,1427
6078,861,174,0,1035
6079,538,884,0,1422
6080,508,437,0,945
6081,405,21,0,426
6082,742,622,0,1364
6083,256,301,0,557
6084,409,94,0,503
6085,804,771,0,1575
6086,489,71,0,560
6087,583,844,0,1427
6088,395,50,0,445
6089,754,99,0,853
6090,94,695,0,789
6091,952,125,0,1077
6092,647,567,0,1214
6093,460,325,0,785
6094,966,254,0,1220
6095,439,181,0,620
6096,881,240,0,1121
6097,466,225,0,691
6098,318,158,0,476
6099,973,688,0,1661
6100,455,486,0,941
6101,318,106,0,424
6102,913,850,0,1763
6103,541,814,0,1355
6104,641,749,0,1390
6105,990,953,0,1943
6106,378,252,0,630
6107,122,668,0,790
6108,398,897,0,1295
6109,513,628,0,1141
6110,683,579,0,1262
6111,290,777,0,1067
6112,241,717,0,958
6113,685,157,0,842
6114,369,287,0,656
6115,230,566,0,796
6116,865,245,0,1110
6117,346,876,0,1222
6118,958,340,0,1298
6119,920,954,0,1874
6120,535,455,0,990
6121,726,793,0,1519
6122,652,134,0,786
6123,294,203,0,497
6124,37,656,0,693
6125,470,370,0,840
6126,122,927,0,1049
6127,730,679,0,1409
6128,104,674,0,778
6129,812,698,0,1510
6130,139,744,0,883
6131,328,140,0,468
6132,703,438,0,1141
6133,948,857,0,1805
6134,67,501,0,568
6135,111,568,0,679
6136,362,730,0,1092
6137,975,313,0,1288
6138,957,802,0,1759
6139,380,956,0,1336
6140,112,754,0,866
6141,658,343,0,1001
6142,352,969,0,1321
6143,307,374,0,681
6144,818,302,0,1120
6145,844,183,0,1027
6146,477,9,0,486
6147,551,799,0,1350
6148,831,933,0,1764
6149,899,152,0,1051
6150,264,506,0,770
6151,338,944,0,1282
6152,28,77,0,105
6153,21,427,0,448
6154,261,85,0,346
6155,506,609,0,1115
6156,911,158,0,1069
6157,921,454,0,1375
6158,684,952,0,1636
6159,75,659,0,734
6160,585,624,0,1209
6161,787,706,0,1493
6162,820,396,0,1216
6163,778,281,0,1059
6164,681,18,0,699
6165,236,85,0,321
6166,220,618,0,838
6167,160,934,0,1094
6168,8,309,0,317
6169,40,602,0,642
6170,432,407,0,839
6171,950,823,0,1773
6172,864,403,0,1267
6173,1000,984,0,1984
6174,65,464,0,529
6175,825,883,0,1708
6176,488,866,0,1354
6177,916,427,0,1343
6178,676,159,0,835
6179,512,378,0,890
6180,528,99,0,627
6181,418,682,0,1100
6182,24,94,0,118
6183,922,732,0,1654
6184,913,233,0,1146
6185,985,839,0,1824
6186,940,512,0,1452
6187,798,265,0,1063
6188,394,132,0,526
6189,657,612,0,1269
6190,119,495,0,614
6191,845,738,0,1583
6192,396,234,0,630
6193,638,7,0,645
6194,3,875,0,878
6195,606,618,0,1224
6196,869,631,0,1500
6197,618,868,0,1486
6198,701,728,0,1429
6199,366,608,0,974
6200,674,342,0,1016
6201,563,247,0,810
6202,964,290,0,1254
6203,391,50,0,441
6204,740,768,0,1508
6205,903,337,0,1240
6206,572,117,0,689
6207,307,308,0,615
6208,918,502,0,1420
6209,5,758,0,763
6210,300,94,0,394
6211,843,208,0,1051
6212,534,255,0,789
6213,31,416,0,447
6214,480,301,0,781
6215,71,387,0,458
6216,728,841,0,1569
6217,371,541,0,912
6218,174,383,0,557
6219,294,868,0,1162
6220,912,975,0,1887
6221,879,179,0,1058
6222,463,313,0,776
6223,697,511,0,1208
6224,418,702,0,1120
6225,738,17,0,755
6226,635,147,0,782
6227,827,153,0,980
6228,855,927,0,1782
6229,258,510,0,768
6230,577,314,0,891
6231,593,325,0,918
6232,150,751,0,901
6233,255,421,0,676
6234,556,223,0,779
6235,206,902,0,1108
6236,654,120,0,774
6237,592,682,0,1274
6238,240,75,0,315
6239,464,72,0,536
6240,956,490,0,1446
6241,403,633,0,1036
6242,240,714,0,954
6243,389,50,0,439
6244,489,92,0,581
6245,869,386,0,1255
6246,650,856,0,1506
6247,869,175,0,1044
6248,698,366,0,1064
6249,555,454,0,1009
6250,571,845,0,1416
6251,88,223,0,311
6252,530,121,0,651
6253,832,764,0,1596
6254,910,912,0,1822
6255,333,254,0,587
6256,383,838,0,1221
6257,696,322,0,1018
6258,550,289,0,839
6259,718,87,0,805
6260,576,456,0,1032
6261,240,879,0,1119
6262,842,141,0,983
6263,623,427,0,1050
6264,422,738,0,1160
6265,5,199,0,204
6266,422,918,0,1340
6267,884,562,0,1446
6268,104,701,0,805
6269,885,180,0,1065
6270,9,640,0,649
6271,51,711,0,762
6272,126,116,0,242
6273,163,888,0,1051
6274,360,578,0,938
6275,98,890,0,988
6276,950,557,0,1507
6277,522,878,0,1400
6278,458,491,0,949
6279,379,104,0,483
6280,55,118,0,173
6281,940,661,0,1601
6282,66,894,0,960
6283,826,331,0,1157
6284,393,482,0,875
6285,955,532,0,1487
6286,1000,986,0,1986
6287,234,920,0,1154
6288,298,717,0,1015
6289,685,451,0,1136
6290,948,407,0,1355
6291,750,944,0,1694
6292,42,390,0,432
6293,519,700,0,1219
6294,734,257,0,991
6295,750,188,0,938
6296,253,247,0,500
6297,426,801,0,1227
6298,165,310,0,475
6299,345,657,0,1002
6300,192,182,0,374
6301,192,499,0,691
6302,232,591,0,823
6303,323,522,0,845
6304,975,748,0,1723
6305,452,634,0,1086
6306,974,423,0,1397
6307,402,0,0,402
6308,492,373,0,865
6309,612,207,0,819
6310,778,434,0,1212
6311,600,209,0,809
6312,429,493,0,922
6313,621,996,0,1617
6314,724,919,0,1643
6315,201,212,0,413
6316,928,523,0,1451
6317,998,762,0,1760
6318,979,25,0,1004
6319,814,25,0,839
6320,39,922,0,961
6321,766,901,0,1667
6322,46,499,0,545
6323,422,205,0,627
6324,321,567,0,888
6325,858,483,0,1341
6326,982,88,0,1070
6327,235,583,0,818
6328,924,518,0,1442
6329,420,236,0,656
6330,561,370,0,931
6331,191,603,0,794
6332,218,775,0,993
6333,786,525,0,1311
6334,827,947,0,1774
6335,828,61,0,889
6336,288,770,0,1058
6337,375,713,0,1088
6338,128,628,0,756
6339,173,172,0,345
6340,586,904,0,1490
6341,997,793,0,1790
6342,468,591,0,1059
6343,513,544,0,1057
6344,373,943,0,1316
6345,760,517,0,1277
6346,996,244,0,1240
6347,758,932,0,1690
6348,824,278,0,1102
6349,478,631,0,1109
6350,643,134,0,777
6351,482,500,0,982
6352,581,288,0,869
6353,579,852,0,1431
6354,782,957,0,1739
6355,851,331,0,1182
6356,508,23,0,531
6357,735,119,0,854
6358,190,431,0,621
6359,411,299,0,710
6360,55,884,0,939
6361,535,461,0,996
6362,929,876,0,1805
6363,697,963,0,1660
6364,32,284,0,316
6365,928,34,0,962
6366,683,267,0,950
6367,198,120,0,318
6368,580,495,0,1075
6369,125,954,0,1079
6370,524,849,0,1373
6371,728,335,0,1063
6372,979,943,0,1922
6373,862,148,0,1010
6374,652,615,0,1267
6375,688,194,0,882
6376,503,167,0,670
6377,557,82,0,639
6378,975,65,0,1040
6379,611,905,0,1516
6380,96,569,0,665
6381,783,491,0,1274
6382,488,302,0,790
6383,2,411,0,413
6384,914,937,0,1851
6385,336,227,0,563
6386,564,582,0,1146
6387,744,76,0,820
6388,313,422,0,735
6389,67,792,0,859
6390,226,919,0,1145
6391,11,30,0,41
6392,520,11,0,531
6393,606,24,0,630
6394,851,526,0,1377
6395,187,181,0,368
6396,634,710,0,1344
6397,638,56,0,694
6398,567,921,0,1488
6399,420,578,0,998
6400,862,740,0,1602
6401,695,143,0,838
6402,792,197,0,989
6403,404,120,0,524
6404,835,373,0,1208
6405,648,349,0,997
6406,26,107,0,133
6407,329,877,0,1206
6408,659,713,0,1372
6409,785,347,0,1132
6410,648,804,0,1452
6411,927,244,0,1171
6412,798,680,0,1478
6413,214,202,0,416
6414,107,834,0,941
6415,13,738,0,751
6416,439,687,0,1126
6417,485,64,0,549
6418,744,271,0,1015
6419,184,800,0,984
6420,243,804,0,1047
6421,559,704,0,1263
6422,592,568,0,1160
6423,608,107,0,715
6424,885,138,0,1023
6425,402,985,0,1387
6426,369,676,0,1045
6427,55,183,0,238
6428,209,107,0,316
6429,628,941,0,1569
6430,256,938,0,1194
6431,554,506,0,1060
6432,564,934,0,1498
6433,340,818,0,1158
6434,792,537,0,1329
6435,88,745,0,833
6436,383,622,0,1005
6437,526,277,0,803
6438,820,197,0,1017
6439,764,28,0,792
6440,47,274,0,321
6441,669,3,0,672
6442,972,44,0,1016
6443,433,757,0,1190
6444,110,771,0,881
6445,756,997,0,1753
6446,998,46,0,1044
6447,798,264,0,1062
6448,845,941,0,1786
6449,763,551,0,1314
6450,713,134,0,847
6451,400,432,0,832
6452,888,719,0,1607
6453,924,965,0,1889
6454,705,441,0,1146
6455,320,920,0,1240
6456,795,393,0,1188
6457,340,590,0,930
6458,457,722,0,1179
6459,674,832,0,1506
6460,242,60,0,302
6461,666,174,0,840
6462,670,351,0,1021
6463,796,590,0,1386
6464,246,672,0,918
6465,57,519,0,576
6466,795,783,0,1578
6467,727,36,0,763
6468,585,247,0,832
6469,305,450,0,755
6470,606,995,0,1601
6471,78,232,0,310
6472,98,995,0,1093
6473,728,669,0,1397
6474,967,101,0,1068
6475,390,157,0,547
6476,464,641,0,1105
6477,374,648,0,1022
6478,819,437,0,1256
6479,266,200,0,466
6480,453,536,0,989
6481,797,730,0,1527
6482,557,492,0,1049
6483,890,86,0,976
6484,769,339,0,1108
6485,813,132,0,945
6486,736,863,0,1599
6487,267,877,0,1144
6488,691,183,0,874
6489,480,122,0,602
6490,574,459,0,1033
6491,425,848,0,1273
6492,966,559,0,1525
6493,452,624,0,1076
6494,972,561,0,1533
6495,671,828,0,1499
6496,742,361,0,1103
6497,799,605,0,1404
6498,352,974,0,1326
6499,60,836,0,896
6500,986,607,0,1593
6501,721,847,0,1568
6502,941,112,0,1053
6503,28,783,0,811
6504,684,163,0,847
6505,534,298,0,832
6506,320,693,0,1013
6507,210,490,0,700
6508,340,850,0,1190
6509,26,342,0,368
6510,426,636,0,1062
6511,871,360,0,1231
6512,308,717,0,1025
6513,660,155,0,815
6514,49,627,0,676
6515,446,785,0,1231
6516,156,835,0,991
6517,1000,905,0,1905
6518,604,359,0,963
6519,594,103,0,697
6520,224,237,0,461
6521,543,847,0,1390
6522,550,984,0,1534
6523,747,712,0,1459
6524,989,720,0,1709
6525,875,289,0,1164
6526,523,887,0,1410
6527,701,597,0,1298
6528,807,437,0,1244
6529,820,520,0,1340
6530,259,259,0,518
6531,989,591,0,1580
6532,889,149,0,1038
6533,197,556,0,753
6534,794,45,0,839
6535,133,315,0,448
6536,299,280,0,579
6537,358,970,0,1328
6538,170,343,0,513
6539,638,834,0,1472
6540,570,676,0,1246
6541,42,960,0,1002
6542,877,97,0,974
6543,206,996,0,1202
6544,492,404,0,896
6545,8,223,0,231
6546,261,78,0,339
6547,713,942,0,1655
6548,57,640,0,697
6549,333,987,0,1320
6550,766,51,0,817
6551,121,994,0,1115
6552,860,261,0,1121
6553,618,992,0,1610
6554,943,589,0,1532
6555,1,853,0,854
6556,163,258,0,421
6557,633,431,0,1064
6558,403,916,0,1319
6559,886,108,0,994
6560,531,962,0,1493
6561,260,791,0,1051
6562,248,693,0,941
6563,256,173,0,429
6564,805,589,0,1394
6565,652,161,0,813
6566,435,138,0,573
6567,214,626,0,840
6568,632,448,0,1080
6569,975,770,0,1745
6570,449,313,0,762
6571,505,575,0,1080
6572,130,842,0,972
6573,848,456,0,1304
6574,908,316,0,1224
6575,428,212,0,640
6576,547,471,0,1018
6577,778,142,0,920
6578,100,723,0,823
6579,398,152,0,550
6580,580,629,0,1209
6581,441,352,0,793
6582,107,259,0,366
6583,672,388,0,1060
6584,12,280,0,292
6585,350,823,0,1173
6586,90,456,0,546
6587,718,843,0,1561
6588,338,38,0,376
6589,827,57,0,884
6590,211,14,0,225
6591,981,393,0,1374
6592,22,862,0,884
6593,71,572,0,643
6594,903,313,0,1216
6595,973,764,0,1737
6596,439,168,0,607
6597,991,661,0,1652
6598,10,83,0,93
6599,551,744,0,1295
6600,672,133,0,805
6601,395,927,0,1322
6602,587,790,0,1377
6603,839,287,0,1126
6604,192,230,0,422
6605,815,504,0,1319
6606,276,971,0,1247
6607,289,829,0,1118
6608,201,245,0,446
6609,877,815,0,1692
6610,878,318,0,1196
6611,573,909,0,1482
6612,998,12,0,1010
6613,692,144,0,836
6614,521,435,0,956
6615,203,648,0,851
6616,17,878,0,895
6617,53,23,0,76
6618,110,747,0,857
6619,901,480,0,1381
6620,96,92,0,188
6621,194,257,0,451
6622,905,369,0,1274
6623,799,72,0,871
6624,197,30,0,227
6625,890,311,0,1201
6626,942,531,0,1473
6627,921,393,0,1314
6628,463,24,0,487
6629,996,632,0,1628
6630,565,769,0,1334
6631,821,449,0,1270
6632,570,58,0,628
6633,717,560,0,1277
6634,444,895,0,1339
6635,416,516,0,932
6636,685,966,0,1651
6637,282,415,0,697
6638,475,381,0,856
6639,361,501,0,862
6640,50,271,0,321
6641,174,511,0,685
6642,486,550,0,1036
6643,228,161,0,389
6644,473,313,0,786
6645,716,21,0,737
6646,545,965,0,1510
6647,671,793,0,1464
6648,815,728,0,1543
6649,990,889,0,1879
6650,333,844,0,1177
6651,129,512,0,641
6652,20,907,0,927
6653,650,14,0,664
6654,386,280,0,666
6655,986,112,0,1098
6656,724,760,0,1484
6657,291,844,0,1135
6658,993,890,0,1883
6659,964,57,0,1021
6660,411,9,0,420
6661,268,814,0,1082
6662,901,166,0,1067
6663,981,551,0,1532
6664,608,280,0,888
6665,31,94,0,125
6666,700,41,0,741
6667,324,890,0,1214
6668,768,150,0,918
6669,882,335,0,1217
6670,815,869,0,1684
6671,516,572,0,1088
6672,496,856,0,1352
6673,951,419,0,1370
6674,375,921,0,1296
6675,52,711,0,763
6676,282,125,0,407
6677,509,421,0,930
6678,824,298,0,1122
6679,431,898,0,1329
6680,223,556,0,779
6681,5,278,0,283
6682,503,383,0,886
6683,319,737,0,1056
6684,960,309,0,1269
6685,350,529,0,879
6686,358,718,0,1076
6687,1,373,0,374
6688,528,695,0,1223
6689,353,244,0,597
6690,844,578,0,1422
6691,843,70,0,913
6692,208,463,0,671
6693,315,345,0,660
6694,759,131,0,890
6695,192,842,0,1034
6696,297,43,0,340
6697,545,123,0,668
6698,131,539,0,670
6699,464,291,0,755
6700,872,285,0,1157
6701,11,725,0,736
6702,68,161,0,229
6703,287,211,0,498
6704,895,687,0,1582
6705,28,102,0,130
6706,767,308,0,1075
6707,582,207,0,789
6708,251,423,0,674
6709,114,699,0,813
6710,658,235,0,893
6711,366,385,0,751
6712,222,600,0,822
6713,85,323,0,408
6714,298,370,0,668
6715,210,80,0,290
6716,169,475,0,644
6717,456,44,0,500
6718,816,901,0,1717
6719,317,255,0,572
6720,571,22,0,593
6721,517,511,0,1028
6722,320,936,0,1256
6723,943,495,0,1438
6724,586,788,0,1374
6725,764,776,0,1540
6726,727,358,0,1085
6727,586,434,0,1020
6728,417,138,0,555
6729,400,896,0,1296
6730,227,297,0,524
6731,774,28,0,802
6732,984,236,0,1220
6733,753,272,0,1025
6734,80,352,0,432
6735,213,501,0,714
6736,292,187,0,479
6737,756,993,0,1749
6738,974,858,0,1832
6739,243,1000,0,1243
6740,195,75,0,270
6741,910,237,0,1147
6742,61,892,0,953
6743,88,524,0,612
6744,272,388,0,660
6745,754,639,0,1393
6746,377,303,0,680
6747,962,744,0,1706
6748,171,113,0,284
6749,757,963,0,1720
6750,983,205,0,1188
6751,126,991,0,1117
6752,956,327,0,1283
6753,146,985,0,1131
6754,419,157,0,576
6755,538,506,0,1044
6756,486,178,0,664
6757,10,235,0,245
6758,6,584,0,590
6759,314,625,0,939
6760,297,111,0,408
6761,903,626,0,1529
6762,317,557,0,874
6763,338,181,0,519
6764,149,468,0,617
6765,520,904,0,1424
6766,990,207,0,1197
6767,34,576,0,610
6768,182,875,0,1057
6769,751,472,0,1223
6770,990,854,0,1844
6771,118,921,0,1039
6772,501,911,0,1412
6773,901,686,0,1587
6774,891,537,0,1428
6775,868,898,0,1766
6776,944,401,0,1345
6777,616,796,0,1412
6778,775,450,0,1225
6779,335,286,0,621
6780,531,854,0,1385
6781,854,569,0,1423
6782,624,229,0,853
6783,710,158,0,868
6784,742,365,0,1107
6785,775,258,0,1033
6786,523,642,0,1165
6787,350,556,0,906
6788,799,891,0,1690
6789,611,641,0,1252
6790,637,316,0,953
6791,842,190,0,1032
6792,369,196,0,565
6793,999,113,0,1112
6794,46,311,0,357
6795,571,240,0,811
6796,310,292,0,602
6797,469,222,0,691
6798,726,505,0,1231
6799,293,509,0,802
6800,448,620,0,1068
6801,294,445,0,739
6802,584,90,0,674
6803,67,752,0,819
6804,8,318,0,326
6805,926,365,0,1291
6806,350,275,0,625
6807,895,160,0,1055
6808,398,317,0,715
6809,183,479,0,662
6810,796,548,0,1344
6811,296,858,0,1154
6812,521,717,0,1238
6813,648,331,0,979
6814,896,701,0,1597
6815,134,24,0,158
6816,401,698,0,1099
6817,22,407,0,429
6818,64,578,0,642
6819,43,825,0,868
6820,283,864,0,1147
6821,907,485,0,1392
6822,158,457,0,615
6823,527,168,0,695
6824,488,545,0,1033
6825,676,486,0,1162
6826,544,35,0,579
6827,682,229,0,911
6828,486,36,0,522
6829,311,287,0,598
6830,433,60,0,493
6831,792,727,0,1519
6832,550,256,0,806
6833,195,699,0,894
6834,74,871,0,945
6835,677,15,0,692
6836,671,994,0,1665
6837,321,10,0,331
6838,272,60,0,332
6839,450,422,0,872
6840,10,333,0,343
6841,981,126,0,1107
6842,396,284,0,680
6843,365,147,0,512
6844,356,754,0,1110
6845,4,777,0,781
6846,602,943,0,1545
6847,280,165,0,445
6848,41,35,0,76
6849,934,174,0,1108
6850,156,509,0,665
6851,506,511,0,1017
6852,539,432,0,971
6853,363,561,0,924
6854,674,648,0,1322
6855,422,104,0,526
6856,779,970,0,1749
6857,213,219,0,432
6858,41,76,0,117
6859,166,0,0,166
6860,808,613,0,1421
6861,412,882,0,1294
6862,887,39,0,926
6863,84,151,0,235
6864,354,145,0,499
6865,707,620,0,1327
6866,415,630,0,1045
6867,745,113,0,858
6868,472,208,0,680
6869,661,260,0,921
6870,648,531,0,1179
6871,656,197,0,853
6872,972,64,0,1036
6873,488,982,0,1470
6874,607,957,0,1564
6875,138,552,0,690
6876,102,286,0,388
6877,47,533,0,580
6878,821,817,0,1638
6879,768,902,0,1670
6880,453,497,0,950
6881,551,962,0,1513
6882,180,424,0,604
6883,110,983,0,1093
6884,258,908,0,1166
6885,672,148,0,820
6886,673,261,0,934
6887,849,966,0,1815
6888,347,69,0,416
6889,87,539,0,626
6890,455,307,0,762
6891,413,976,0,1389
6892,287,387,0,674
6893,579,423,0,1002
6894,491,791,0,1282
6895,75,103,0,178
6896,926,421,0,1347
6897,85,842,0,927
6898,650,951,0,1601
6899,850,129,0,979
6900,636,910,0,1546
6901,551,725,0,1276
6902,803,49,0,852
6903,509,391,0,900
6904,263,107,0,370
6905,288,938,0,1226
6906,464,258,0,722
6907,738,468,0,1206
6908,637,590,0,1227
6909,346,781,0,1127
6910,563,325,0,888
6911,838,800,0,1638
6912,392,625,0,1017
6913,280,510,0,790
6914,835,220,0,1055
6915,546,374,0,920
6916,884,948,0,1832
6917,623,694,0,1317
6918,711,503,0,1214
6919,555,622,0,1177
6920,271,895,0,1166
6921,851,545,0,1396
6922,166,120,0,286
6923,645,951,0,1596
6924,13,59,0,72
6925,89,353,0,442
6926,793,962,0,1755
6927,28,930,0,958
6928,874,190,0,1064
6929,972,737,0,1709
6930,121,830,0,951
6931,457,877,0,1334
6932,692,978,0,1670
6933,271,28,0,299
6934,503,500,0,1003
6935,978,258,0,1236
6936,162,128,0,290
6937,118,874,0,992
6938,300,492,0,792
6939,6,722,0,728
6940,125,341,0,466
6941,158,419,0,577
6942,561,532,0,1093
6943,584,786,0,1370
6944,561,857,0,1418
6945,163,629,0,792
6946,986,105,0,1091
6947,841,686,0,1527
6948,661,119,0,780
6949,260,604,0,864
6950,560,700,0,1260
6951,838,606,0,1444
6952,724,782,0,1506
6953,235,18,0,253
6954,681,748,0,1429
6955,408,309,0,717
6956,895,869,0,1764
6957,846,708,0,1554
6958,548,635,0,1183
6959,761,168,0,929
6960,783,278,0,1061
6961,393,564,0,957
6962,153,208,0,361
6963,208,30,0,238
6964,106,246,0,352
6965,35,821,0,856
6966,848,894,0,1742
6967,641,614,0,1255
6968,878,931,0,1809
6969,462,268,0,730
6970,501,929,0,1430
6971,506,316,0,822
6972,423,896,0,1319
6973,283,450,0,733
6974,351,859,0,1210
6975,458,140,0,598
6976,25,282,0,307
6977,285,14,0,299
6978,585,748,0,1333
6979,153,700,0,853
6980,391,304,0,695
6981,335,795,0,1130
6982,320,93,0,413
6983,273,14,0,287
6984,790,59,0,849
6985,954,713,0,1667
6986,311,38,0,349
6987,159,51,0,210
6988,937,81,0,1018
6989,897,730,0,1627
6990,402,695,0,1097
6991,846,594,0,1440
6992,883,40,0,923
6993,501,923,0,1424
6994,321,43,0,364
6995,663,517,0,1180
6996,79,824,0,903
6997,446,455,0,901
6998,655,975,0,1630
6999,977,140,0,1117
7000,206,581,0,787
7001,935,566,0,1501
7002,733,945,0,1678
7003,358,979,0,1337
7004,489,289,0,778
7005,336,68,0,404
7006,198,189,0,387
7007,344,978,0,1322
7008,208,936,0,1144
7009,731,185,0,916
7010,416,515,0,931
7011,39,952,0,991
7012,89,771,0,860
7013,39,572,0,611
7014,846,625,0,1471
7015,791,815,0,1606
7016,661,71,0,732
7017,427,138,0,565
7018,503,478,0,981
7019,229,253,0,482
7020,955,243,0,1198
7021,917,227,0,1144
7022,849,292,0,1141
7023,803,492,0,1295
7024,581,865,0,1446
7025,725,441,0,1166
7026,85,546,0,631
7027,5,494,0,499
7028,946,113,0,1059
7029,777,417,0,1194
7030,84,673,0,757
7031,230,604,0,834
7032,648,718,0,1366
7033,151,571,0,722
7034,398,690,0,1088
7035,196,592,0,788
7036,68,951,0,1019
7037,263,991,0,1254
7038,980,859,0,1839
7039,537,347,0,884
7040,485,156,0,641
7041,807,647,0,1454
7042,776,666,0,1442
7043,738,870,0,1608
7044,409,794,0,1203
7045,308,521,0,829
7046,170,308,0,478
7047,890,201,0,1091
7048,1,73,0,74
7049,794,758,0,1552
7050,613,657,0,1270
7051,797,336,0,1133
7052,294,418,0,712
7053,475,655,0,1130
7054,182,220,0,402
7055,678,680,0,1358
7056,357,447,0,804
7057,696,382,0,1078
7058,705,213,0,918
7059,218,494,0,712
7060,148,459,0,607
7061,779,50,0,829
7062,786,589,0,1375
7063,451,25,0,476
7064,698,462,0,1160
7065,789,903,0,1692
7066,984,815,0,1799
7067,883,576,0,1459
7068,155,180,0,335
7069,820,95,0,915
7070,45,887,0,932
7071,593,65,0,658
7072,869,924,0,1793
7073,541,141,0,682
7074,668,917,0,1585
7075,806,997,0,1803
7076,84,820,0,904
7077,896,476,0,1372
7078,883,620,0,1503
7079,321,196,0,517
7080,148,513,0,661
7081,850,877,0,1727
7082,219,381,0,600
7083,784,498,0,1282
7084,579,528,0,1107
7085,584,169,0,753
7086,292,877,0,1169
7087,762,908,0,1670
7088,498,935,0,1433
7089,698,435,0,1133
7090,474,668,0,1142
7091,707,208,0,915
7092,850,930,0,1780
7093,477,806,0,1283
7094,217,509,0,726
7095,675,548,0,1223
7096,350,642,0,992
7097,196,848,0,1044
7098,382,214,0,596
7099,45,536,0,581
7100,85,848,0,933
7101,817,952,0,1769
7102,399,696,0,1095
7103,321,110,0,431
7104,520,819,0,1339
7105,900,443,0,1343
7106,808,332,0,1140
7107,301,865,0,1166
7108,384,20,0,404
7109,891,880,0,1771
7110,550,25,0,575
7111,763,730,0,1493
7112,939,467,0,1406
7113,948,872,0,1820
7114,841,142,0,983
7115,108,692,0,800
7116,73,689,0,762
7117,136,634,0,770
7118,399,296,0,695
7119,559,51,0,610
7120,917,612,0,1529
7121,894,776,0,1670
7122,725,845,0,1570
7123,511,518,0,1029
7124,14,59,0,73
7125,124,233,0,357
7126,166,11,0,177
7127,105,653,0,758
7128,189,300,0,489
7129,579,359,0,938
7130,255,41,0,296
7131,70,806,0,876
7132,671,551,0,1222
7133,691,709,0,1400
7134,388,178,0,566
7135,605,647,0,1252
7136,523,374,0,897
7137,370,282,0,652
7138,151,818,0,969
7139,747,764,0,1511
7140,88,415,0,503
7141,355,660,0,1015
7142,330,131,0,461
7143,398,371,0,769
7144,31,569,0,600
7145,178,958,0,1136
7146,866,36,0,902
7147,603,53,0,656
7148,404,324,0,728
7149,871,211,0,1082
7150,214,26,0,240
7151,479,508,0,987
7152,14,411,0,425
7153,187,846,0,1033
7154,829,315,0,1144
7155,151,751,0,902
7156,251,386,0,637
7157,251,503,0,754
7158,441,667,0,1108
7159,974,325,0,1299
7160,963,871,0,1834
7161,918,190,0,1108
7162,295,994,0,1289
7163,599,14,0,613
7164,678,929,0,1607
7165,532,526,0,1058
7166,740,0,0,740
7167,805,782,0,1587
7168,128,410,0,538
7169,212,999,0,1211
7170,768,233,0,1001
7171,309,594,0,903
7172,756,995,0,1751
7173,93,149,0,242
7174,329,907,0,1236
7175,517,194,0,711
7176,408,331,0,739
7177,772,514,0,1286
7178,411,992,0,1403
7179,472,166,0,638
7180,865,910,0,1775
7181,995,842,0,1837
7182,513,687,0,1200
7183,820,742,0,1562
7184,944,338,0,1282
7185,370,718,0,1088
7186,154,700,0,854
7187,293,854,0,1147
7188,463,195,0,658
7189,795,376,0,1171
7190,656,618,0,1274
7191,549,480,0,1029
7192,433,927,0,1360
7193,966,40,0,1006
7194,137,841,0,978
7195,407,157,0,564
7196,860,781,0,1641
7197,653,840,0,1493
7198,269,17,0,286
7199,830,857,0,1687
7200,248,172,0,420
7201,64,212,0,276
7202,220,938,0,1158
7203,1000,189,0,1189
7204,263,678,0,941
7205,235,127,0,362
7206,274,694,0,968
7207,292,727,0,1019
7208,526,616,0,1142
7209,252,240,0,492
7210,960,508,0,1468
7211,309,298,0,607
7212,182,88,0,270
7213,821,828,0,1649
7214,681,818,0,1499
7215,56,891,0,947
7216,785,696,0,1481
7217,347,625,0,972
7218,38,138,0,176
7219,584,621,0,1205
7220,319,889,0,1208
7221,153,857,0,1010
7222,847,117,0,964
7223,420,627,0,1047
7224,519,731,0,1250
7225,629,806,0,1435
7226,111,106,0,217
7227,502,79,0,581
7228,633,500,0,1133
7229,270,662,0,932
7230,455,203,0,658
7231,456,694,0,1150
7232,300,924,0,1224
7233,718,710,0,1428
7234,757,104,0,861
7235,826,753,0,1579
7236,898,749,0,1647
7237,572,3,0,575
7238,507,764,0,1271
7239,701,539,0,1240
7240,363,676,0,1039
7241,178,241,0,419
7242,204,451,0,655
7243,497,688,0,1185
7244,30,597,0,627
7245,789,865,0,1654
7246,988,540,0,1528
7247,807,292,0,1099
7248,419,999,0,1418
7249,640,245,0,885
7250,112,703,0,815
7251,838,742,0,1580
7252,170,494,0,664
7253,493,942,0,1435
7254,155,876,0,1031
7255,673,198,0,871
7256,987,730,0,1717
7257,400,565,0,965
7258,421,790,0,1211
7259,926,50,0,976
7260,624,254,0,878
7261,874,630,0,1504
7262,339,923,0,1262
7263,391,95,0,486
7264,540,199,0,739
7265,453,633,0,1086
7266,979,439,0,1418
7267,430,281,0,711
7268,564,997,0,1561
7269,801,220,0,1021
7270,317,916,0,1233
7271,735,315,0,1050
7272,16,17,0,33
7273,377,274,0,651
7274,389,483,0,872
7275,71,405,0,476
7276,418,504,0,922
7277,312,583,0,895
7278,486,589,0,1075
7279,249,536,0,785
7280,667,249,0,916
7281,906,241,0,1147
7282,421,311,0,732
7283,853,436,0,1289
7284,947,238,0,1185
7285,703,571,0,1274
7286,502,102,0,604
7287,49,768,0,817
7288,641,629,0,1270
7289,14,692,0,706
7290,880,651,0,1531
7291,569,9,0,578
7292,423,447,0,870
7293,629,652,0,1281
7294,116,325,0,441
7295,282,185,0,467
7296,773,791,0,1564
7297,383,632,0,1015
7298,700,849,0,1549
7299,983,202,0,1185
7300,425,1,0,426
7301,423,767,0,1190
7302,296,766,0,1062
7303,766,72,0,838
7304,252,50,0,302
7305,152,514,0,666
7306,482,209,0,691
7307,151,653,0,804
7308,997,82,0,1079
7309,802,257,0,1059
7310,395,9,0,404
7311,424,130,0,554
7312,940,725,0,1665
7313,893,801,0,1694
7314,644,910,0,1554
7315,128,328,0,456
7316,958,31,0,989
7317,29,354,0,383
7318,199,860,0,1059
7319,196,442,0,638
7320,848,766,0,1614
7321,296,650,0,946
7322,100,753,0,853
7323,714,179,0,893
7324,550,874,0,1424
7325,823,926,0,1749
7326,725,486,0,1211
7327,129,143,0,272
7328,592,398,0,990
7329,885,276,0,1161
7330,927,642,0,1569
7331,573,702,0,1275
7332,548,113,0,661
7333,462,607,0,1069
7334,292,113,0,405
7335,359,223,0,582
7336,349,886,0,1235
7337,992,680,0,1672
7338,251,440,0,691
7339,255,779,0,1034
7340,124,839,0,963
7341,806,434,0,1240
7342,264,927,0,1191
7343,652,263,0,915
7344,282,65,0,347
7345,710,83,0,793
7346,312,114,0,426
7347,644,795,0,1439
7348,700,977,0,1677
7349,748,757,0,1505
7350,417,101,0,518
7351,938,190,0,1128
7352,748,879,0,1627
7353,761,979,0,1740
7354,727,887,0,1614
7355,951,242,0,1193
7356,841,953,0,1794
7357,628,319,0,947
7358,660,843,0,1503
7359,337,425,0,762
7360,442,508,0,950
7361,60,810,0,870
7362,68,416,0,484
7363,233,768,0,1001
7364,424,904,0,1328
7365,836,981,0,1817
7366,919,452,0,1371
7367,818,244,0,1062
7368,534,910,0,1444
7369,143,647,0,790
7370,907,576,0,1483
7371,411,683,0,1094
7372,677,665,0,1342
7373,23,467,0,490
7374,390,838,0,1228
7375,767,852,0,1619
7376,929,807,0,1736
7377,432,919,0,1351
7378,468,75,0,543
7379,761,441,0,1202
7380,578,338,0,916
7381,956,52,0,1008
7382,367,494,0,861
7383,459,44,0,503
7384,966,531,0,1497
7385,866,733,0,1599
7386,748,470,0,1218
7387,83,1,0,84
7388,564,701,0,1265
7389,802,562,0,1364
7390,638,840,0,1478
7391,251,134,0,385
7392,833,113,0,946
7393,87,687,0,774
7394,333,151,0,484
7395,605,184,0,789
7396,586,470,0,1056
7397,378,669,0,1047
7398,21,761,0,782
7399,682,808,0,1490
7400,541,860,0,1401
7401,887,907,0,1794
7402,298,409,0,707
7403,212,198,0,410
7404,864,300,0,1164
7405,52,691,0,743
7406,706,756,0,1462
7407,451,912,0,1363
7408,824,381,0,1205
7409,352,848,0,1200
7410,172,931,0,1103
7411,741,480,0,1221
7412,509,684,0,1193
7413,133,881,0,1014
7414,798,371,0,1169
7415,763,935,0,1698
7416,176,194,0,370
7417,276,932,0,1208
7418,241,485,0,726
7419,194,827,0,1021
7420,484,212,0,696
7421,71,908,0,979
7422,184,396,0,580
7423,87,237,0,324
7424,191,229,0,420
7425,523,637,0,1160
7426,669,65,0,734
7427,869,796,0,1665
7428,479,978,0,1457
7429,741,916,0,1657
7430,125,737,0,862
7431,559,622,0,1181
7432,589,971,0,1560
7433,974,443,0,1417
7434,21,834,0,855
7435,937,3,0,940
7436,453,688,0,1141
7437,115,97,0,212
7438,806,91,0,897
7439,256,346,0,602
7440,194,117,0,311
7441,401,409,0,810
7442,78,231,0,309
7443,1,5,0,6
7444,189,255,0,444
7445,783,739,0,1522
7446,206,744,0,950
7447,166,338,0,504
7448,252,893,0,1145
7449,402,934,0,1336
7450,887,567,0,1454
7451,450,49,0,499
7452,286,867,0,1153
7453,934,196,0,1130
7454,937,804,0,1741
7455,957,675,0,1632
7456,933,919,0,1852
7457,882,159,0,1041
7458,764,952,0,1716
7459,785,542,0,1327
7460,783,861,0,1644
7461,95,925,0,1020
7462,212,86,0,298
7463,408,861,0,1269
7464,820,237,0,1057
7465,752,971,0,1723
7466,627,66,0,693
7467,174,806,0,980
7468,183,607,0,790
7469,286,562,0,848
7470,127,287,0,414
7471,365,512,0,877
7472,386,235,0,621
7473,105,494,0,599
7474,173,246,0,419
7475,200,371,0,571
7476,808,943,0,1751
7477,747,936,0,1683
7478,573,677,0,1250
7479,49,286,0,335
7480,182,109,0,291
7481,612,267,0,879
7482,359,358,0,717
7483,548,606,0,1154
7484,451,127,0,578
7485,792,507,0,1299
7486,35,204,0,239
7487,833,699,0,1532
7488,349,897,0,1246
7489,560,239,0,799
7490,328,607,0,935
7491,517,767,0,1284
7492,468,465,0,933
7493,303,214,0,517
7494,149,318,0,467
7495,507,508,0,1015
7496,95,861,0,956
7497,869,310,0,1179
7498,622,510,0,1132
7499,91,749,0,840
7500,70,318,0,388
7501,609,848,0,1457
7502,663,141,0,804
7503,872,651,0,1523
7504,351,789,0,1140
7505,422,44,0,466
7506,860,653,0,1513
7507,95,135,0,230
7508,49,834,0,883
7509,94,769,0,863
7510,537,361,0,898
7511,609,368,0,977
7512,833,268,0,1101
7513,674,31,0,705
7514,800,454,0,1254
7515,976,469,0,1445
7516,625,540,0,1165
7517,889,445,0,1334
7518,820,466,0,1286
7519,236,164,0,400
7520,213,195,0,408
7521,984,351,0,1335
7522,984,276,0,1260
7523,540,189,0,729
7524,222,946,0,1168
7525,951,621,0,1572
7526,149,846,0,995
7527,667,332,0,999
7528,185,147,0,332
7529,302,211,0,513
7530,568,691,0,1259
7531,23,340,0,363
7532,65,613,0,678
7533,635,195,0,830
7534,274,270,0,544
7535,542,22,0,564
7536,79,502,0,581
7537,608,145,0,753
7538,667,125,0,792
7539,424,467,0,891
7540,47,319,0,366
7541,37,666,0,703
7542,402,68,0,470
7543,835,967,0,1802
7544,202,936,0,1138
7545,309,339,0,648
7546,906,992,0,1898
7547,334,206,0,540
7548,364,398,0,762
7549,177,570,0,747
7550,672,864,0,1536
7551,16,989,0,1005
7552,456,975,0,1431
7553,105,589,0,694
7554,742,171,0,913
7555,697,903,0,1600
7556,574,639,0,1213
7557,806,437,0,1243
7558,338,140,0,478
7559,588,477,0,1065
7560,992,165,0,1157
7561,778,556,0,1334
7562,176,472,0,648
7563,202,651,0,853
7564,490,522,0,1012
7565,311,497,0,808
7566,446,37,0,483
7567,725,877,0,1602
7568,683,199,0,882
7569,515,426,0,941
7570,781,735,0,1516
7571,497,549,0,1046
7572,67,694,0,761
7573,170,180,0,350
7574,274,774,0,1048
7575,113,470,0,583
7576,352,25,0,377
7577,158,986,0,1144
7578,604,161,0,765
7579,331,26,0,357
7580,692,214,0,906
7581,496,149,0,645
7582,80,661,0,741
7583,377,8,0,385
7584,880,344,0,1224
7585,848,61,0,909
7586,854,77,0,931
7587,484,546,0,1030
7588,318,919,0,1237
7589,312,407,0,719
7590,815,16,0,831
7591,369,672,0,1041
7592,873,565,0,1438
7593,184,545,0,729
7594,771,773,0,1544
7595,251,960,0,1211
7596,265,671,0,936
7597,85,655,0,740
7598,728,143,0,871
7599,279,845,0,1124
7600,186,632,0,818
7601,206,159,0,365
7602,41,631,0,672
7603,591,694,0,1285
7604,925,124,0,1049
7605,723,638,0,1361
7606,610,375,0,985
7607,398,847,0,1245
7608,402,742,0,1144
7609,821,202,0,1023
7610,806,617,0,1423
7611,33,122,0,155
7612,170,574,0,744
7613,831,720,0,1551
7614,843,647,0,1490
7615,963,231,0,1194
7616,454,583,0,1037
7617,223,669,0,892
7618,966,756,0,1722
7619,723,119,0,842
7620,603,435,0,1038
7621,403,158,0,561
7622,522,475,0,997
7623,70,698,0,768
7624,77,309,0,386
7625,770,200,0,970
7626,283,545,0,828
7627,995,308,0,1303
7628,611,115,0,726
7629,953,75,0,1028
7630,545,119,0,664
7631,525,990,0,1515
7632,125,8,0,133
7633,410,624,0,1034
7634,127,943,0,1070
7635,918,504,0,1422
7636,943,799,0,1742
7637,141,709,0,850
7638,409,280,0,689
7639,194,268,0,462
7640,725,392,0,1117
7641,142,264,0,406
7642,882,726,0,1608
7643,745,301,0,1046
7644,17,406,0,423
7645,826,232,0,1058
7646,198,720,0,918
7647,541,772,0,1313
7648,948,201,0,1149
7649,221,487,0,708
7650,728,725,0,1453
7651,206,248,0,454
7652,800,232,0,1032
7653,483,995,0,1478
7654,407,638,0,1045
7655,908,202,0,1110
7656,326,928,0,1254
7657,573,870,0,1443
7658,727,0,0,727
7659,547,690,0,1237
7660,267,961,0,1228
7661,956,991,0,1947
7662,584,340,0,924
7663,788,277,0,1065
7664,497,853,0,1350
7665,280,452,0,732
7666,501,643,0,1144
7667,23,977,0,1000
7668,253,485,0,738
7669,730,380,0,1110
7670,214,450,0,664
7671,350,206,0,556
7672,567,532,0,1099
7673,2,80,0,82
7674,309,115,0,424
7675,614,422,0,1036
7676,38,433,0,471
7677,21,936,0,957
7678,742,861,0,1603
7679,724,914,0,1638
7680,372,399,0,771
7681,286,520,0,806
7682,329,207,0,536
7683,246,823,0,1069
7684,94,342,0,436
7685,989,840,0,1829
7686,246,567,0,813
7687,521,464,0,985
7688,346,923,0,1269
7689,433,463,0,896
7690,575,938,0,1513
7691,136,43,0,179
7692,377,246,0,623
7693,692,505,0,1197
7694,453,569,0,1022
7695,244,620,0,864
7696,399,904,0,1303
7697,410,106,0,516
7698,881,193,0,1074
7699,367,626,0,993
7700,543,459,0,1002
7701,861,201,0,1062
7702,689,189,0,878
7703,556,314,0,870
7704,245,1,0,246
7705,379,408,0,787
7706,847,340,0,1187
7707,91,21,0,112
7708,713,418,0,1131
7709,973,258,0,1231
7710,124,161,0,285
7711,547,389,0,936
7712,700,523,0,1223
7713,687,623,0,1310
7714,443,979,0,1422
7715,698,519,0,1217
7716,879,126,0,1005
7717,412,607,0,1019
7718,702,336,0,1038
7719,506,75,0,581
7720,846,954,0,1800
7721,220,581,0,801
7722,225,212,0,437
7723,746,1000,0,1746
7724,89,66,0,155
7725,321,233,0,554
7726,28,267,0,295
7727,665,468,0,1133
7728,119,972,0,1091
7729,857,522,0,1379
7730,203,205,0,408
7731,839,682,0,1521
7732,837,934,0,1771
7733,746,665,0,1411
7734,808,601,0,1409
7735,270,344,0,614
7736,207,994,0,1201
7737,241,520,0,761
7738,110,191,0,301
7739,388,254,0,642
7740,15,452,0,467
7741,5,454,0,459
7742,535,198,0,733
7743,664,518,0,1182
7744,323,896,0,1219
7745,314,97,0,411
7746,108,252,0,360
7747,365,921,0,1286
7748,588,896,0,1484
7749,502,195,0,697
7750,627,118,0,745
7751,971,912,0,1883
7752,915,431,0,1346
7753,34,878,0,912
7754,23,995,0,1018
7755,928,22,0,950
7756,331,776,0,1107
7757,66,169,0,235
7758,445,672,0,1117
7759,690,758,0,1448
7760,474,162,0,636
7761,185,400,0,585
7762,966,147,0,1113
7763,510,46,0,556
7764,555,986,0,1541
7765,596,37,0,633
7766,953,579,0,1532
7767,581,864,0,1445
7768,996,951,0,1947
7769,649,838,0,1487
7770,937,301,0,1238
7771,115,917,0,1032
7772,285,108,0,393
7773,937,76,0,1013
7774,784,547,0,1331
7775,744,8,0,752
7776,710,676,0,1386
7777,353,342,0,695
7778,951,517,0,1468
7779,331,998,0,1329
7780,786,913,0,1699
7781,943,199,0,1142
7782,95,257,0,352
7783,474,391,0,865
7784,673,625,0,1298
7785,368,691,0,1059
7786,839,71,0,910
7787,781,236,0,1017
7788,670,942,0,1612
7789,35,26,0,61
7790,962,388,0,1350
7791,715,84,0,799
7792,887,532,0,1419
7793,258,599,0,857
7794,533,350,0,883
7795,986,955,0,1941
7796,277,241,0,518
7797,571,706,0,1277
7798,323,980,0,1303
7799,967,414,0,1381
7800,0,220,0,220
7801,403,512,0,915
7802,720,214,0,934
7803,293,545,0,838
7804,60,785,0,845
7805,504,670,0,1174
7806,775,244,0,1019
7807,243,459,0,702
7808,725,568,0,1293
7809,696,269,0,965
7810,72,254,0,326
7811,239,151,0,390
7812,540,55,0,595
7813,939,443,0,1382
7814,861,352,0,1213
7815,623,286,0,909
7816,762,757,0,1519
7817,290,92,0,382
7818,298,671,0,969
7819,159,409,0,568
7820,3,457,0,460
7821,126,985,0,1111
7822,711,991,0,1702
7823,116,209,0,325
7824,559,392,0,951
7825,216,835,0,1051
7826,285,547,0,832
7827,120,92,0,212
7828,811,36,0,847
7829,844,470,0,1314
7830,733,117,0,850
7831,145,829,0,974
7832,726,966,0,1692
7833,277,792,0,1069
7834,97,735,0,832
7835,621,112,0,733
7836,59,311,0,370
7837,393,214,0,607
7838,472,448,0,920
7839,247,126,0,373
7840,802,711,0,1513
7841,789,441,0,1230
7842,256,689,0,945
7843,504,9,0,513
7844,538,91,0,629
7845,167,759,0,926
7846,997,195,0,1192
7847,25,45,0,70
7848,139,541,0,680
7849,731,701,0,1432
7850,285,303,0,588
7851,0,396,0,396
7852,702,503,0,1205
7853,468,863,0,1331
7854,859,571,0,1430
7855,591,893,0,1484
7856,925,319,0,1244
7857,172,725,0,897
7858,198,840,0,1038
7859,167,252,0,419
7860,691,531,0,1222
7861,852,246,0,1098
7862,783,692,0,1475
7863,334,3,0,337
7864,309,415,0,724
7865,653,730,0,1383
7866,787,759,0,1546
7867,425,51,0,476
7868,238,189,0,427
7869,109,383,0,492
7870,84,727,0,811
7871,407,418,0,825
7872,890,906,0,1796
7873,874,239,0,1113
7874,993,948,0,1941
7875,964,673,0,1637
7876,478,949,0,1427
7877,190,534,0,724
7878,78,753,0,831
7879,566,321,0,887
7880,446,713,0,1159
7881,534,634,0,1168
7882,356,502,0,858
7883,44,971,0,1015
7884,724,781,0,1505
7885,142,51,0,193
7886,549,657,0,1206
7887,349,333,0,682
7888,254,206,0,460
7889,844,895,0,1739
7890,338,244,0,582
7891,245,229,0,474
7892,786,303,0,1089
7893,745,992,0,1737
7894,828,837,0,1665
7895,886,877,0,1763
7896,899,125,0,1024
7897,524,503,0,1027
7898,872,584,0,1456
7899,976,276,0,1252
7900,243,569,0,812
7901,506,610,0,1116
7902,505,945,0,1450
7903,585,473,0,1058
7904,684,417,0,1101
7905,722,946,0,1668
7906,339,505,0,844
7907,802,30,0,832
7908,62,61,0,123
7909,61,987,0,1048
7910,814,255,0,1069
7911,970,3,0,973
7912,584,452,0,1036
7913,39,610,0,649
7914,216,811,0,1027
7915,290,45,0,335
7916,485,351,0,836
7917,864,907,0,1771
7918,796,651,0,1447
7919,8,80,0,88
7920,426,834,0,1260
7921,875,660,0,1535
7922,174,522,0,696
7923,768,156,0,924
7924,257,209,0,466
7925,704,724,0,1428
7926,99,788,0,887
7927,771,849,0,1620
7928,73,720,0,793
7929,914,346,0,1260
7930,351,916,0,1267
7931,886,683,0,1569
7932,25,166,0,191
7933,800,111,0,911
7934,484,536,0,1020
7935,266,141,0,407
7936,480,373,0,853
7937,362,620,0,982
7938,517,331,0,848
7939,544,316,0,860
7940,312,467,0,779
7941,244,429,0,673
7942,715,975,0,1690
7943,325,882,0,1207
7944,65,48,0,113
7945,395,260,0,655
7946,180,644,0,824
7947,502,511,0,1013
7948,526,589,0,1115
7949,131,60,0,191
7950,498,469,0,967
7951,149,721,0,870
7952,892,183,0,1075
7953,254,631,0,885
7954,929,785,0,1714
7955,283,263,0,546
7956,442,892,0,1334
7957,459,818,0,1277
7958,681,229,0,910
7959,142,685,0,827
7960,258,418,0,676
7961,861,109,0,970
7962,239,532,0,771
7963,718,309,0,1027
7964,893,947,0,1840
7965,899,274,0,1173
7966,603,93,0,696
7967,502,422,0,924
7968,555,418,0,973
7969,47,776,0,823
7970,29,633,0,662
7971,523,344,0,867
7972,998,271,0,1269
7973,254,550,0,804
7974,580,67,0,647
7975,556,964,0,1520
7976,636,720,0,1356
7977,557,901,0,1458
7978,123,639,0,762
7979,493,189,0,682
7980,916,206,0,1122
7981,741,908,0,1649
7982,9,704,0,713
7983,396,512,0,908
7984,352,106,0,458
7985,863,150,0,1013
7986,72,967,0,1039
7987,390,703,0,1093
7988,689,357,0,1046
7989,511,433,0,944
7990,949,86,0,1035
7991,429,193,0,622
7992,986,865,0,1851
7993,94,186,0,280
7994,928,10,0,938
7995,812,114,0,926
7996,570,917,0,1487
7997,35,800,0,835
7998,149,906,0,1055
7999,9,960,0,969
8000,959,33,0,992
8001,702,419,0,1121
8002,118,448,0,566
8003,363,705,0,1068
8004,890,472,0,1362
8005,828,789,0,1617
8006,300,726,0,1026
8007,456,476,0,932
8008,765,682,0,1447
8009,522,733,0,1255
8010,451,543,0,994
8011,848,601,0,1449
8012,209,697,0,906
8013,351,842,0,1193
8014,67,798,0,865
8015,590,951,0,1541
8016,357,830,0,1187
8017,442,609,0,1051
8018,99,64,0,163
8019,567,970,0,1537
8020,12,720,0,732
8021,14,62,0,76
8022,493,404,0,897
8023,246,257,0,503
8024,853,126,0,979
8025,628,146,0,774
8026,594,667,0,1261
8027,567,600,0,1167
8028,616,288,0,904
8029,706,504,0,1210
8030,576,289,0,865
8031,651,23,0,674
8032,652,149,0,801
8033,584,259,0,843
8034,823,760,0,1583
8035,412,908,0,1320
8036,25,427,0,452
8037,814,194,0,1008
8038,452,387,0,839
8039,943,54,0,997
8040,874,975,0,1849
8041,156,964,0,1120
8042,743,591,0,1334
8043,351,597,0,948
8044,906,916,0,1822
8045,654,517,0,1171
8046,38,302,0,340
8047,243,315,0,558
8048,452,828,0,1280
8049,587,960,0,1547
8050,217,878,0,1095
8051,871,854,0,1725
8052,870,896,0,1766
8053,233,544,0,777
8054,622,144,0,766
8055,989,29,0,1018
8056,498,153,0,651
8057,117,963,0,1080
8058,427,62,0,489
8059,460,950,0,1410
8060,842,673,0,1515
8061,876,308,0,1184
8062,380,55,0,435
8063,469,947,0,1416
8064,650,887,0,1537
8065,544,288,0,832
8066,386,888,0,1274
8067,616,547,0,1163
8068,92,35,0,127
8069,637,823,0,1460
8070,281,865,0,1146
8071,999,222,0,1221
8072,810,321,0,1131
8073,562,12,0,574
8074,436,832,0,1268
8075,72,229,0,301
8076,159,427,0,586
8077,732,528,0,1260
8078,652,342,0,994
8079,996,234,0,1230
8080,823,201,0,1024
8081,703,129,0,832
8082,438,658,0,1096
8083,454,904,0,1358
8084,870,364,0,1234
8085,610,620,0,1230
8086,242,441,0,683
8087,556,322,0,878
8088,70,964,0,1034
8089,586,751,0,1337
8090,877,98,0,975
8091,905,909,0,1814
8092,607,683,0,1290
8093,76,768,0,844
8094,2,421,0,423
8095,361,353,0,714
8096,969,16,0,985
8097,405,261,0,666
8098,132,681,0,813
8099,392,865,0,1257
8100,134,942,0,1076
8101,39,383,0,422
8102,888,78,0,966
8103,114,48,0,162
8104,743,987,0,1730
8105,546,737,0,1283
8106,220,846,0,1066
8107,834,522,0,1356
8108,810,36,0,846
8109,255,984,0,1239
8110,202,856,0,1058
8111,632,392,0,1024
8112,62,760,0,822
8113,674,934,0,1608
8114,297,503,0,800
8115,234,311,0,545
8116,126,324,0,450
8117,851,132,0,983
8118,369,25,0,394
8119,862,708,0,1570
8120,427,989,0,1416
8121,452,627,0,1079
8122,304,69,0,373
8123,58,35,0,93
8124,490,935,0,1425
8125,804,664,0,1468
8126,901,9,0,910
8127,184,431,0,615
8128,644,607,0,1251
8129,185,93,0,278
8130,121,584,0,705
8131,796,953,0,1749
8132,950,704,0,1654
8133,935,519,0,1454
8134,919,937,0,1856
8135,741,619,0,1360
8136,482,948,0,1430
8137,946,696,0,1642
8138,227,411,0,638
8139,565,741,0,1306
8140,779,951,0,1730
8141,840,755,0,1595
8142,193,691,0,884
8143,354,90,0,444
8144,851,830,0,1681
8145,236,608,0,844
8146,902,853,0,1755
8147,475,959,0,1434
8148,918,713,0,1631
8149,897,342,0,1239
8150,310,671,0,981
8151,290,212,0,502
8152,597,426,0,1023
8153,235,199,0,434
8154,830,186,0,1016
8155,916,182,0,1098
8156,361,740,0,1101
8157,576,210,0,786
8158,125,609,0,734
8159,727,87,0,814
8160,548,780,0,1328
8161,752,63,0,815
8162,909,249,0,1158
8163,75,636,0,711
8164,533,89,0,622
8165,890,746,0,1636
8166,845,95,0,940
8167,190,699,0,889
8168,898,737,0,1635
8169,702,905,0,1607
8170,937,302,0,1239
8171,190,566,0,756
8172,398,527,0,925
8173,868,649,0,1517
8174,748,394,0,1142
8175,358,454,0,812
8176,574,448,0,1022
8177,267,924,0,1191
8178,497,608,0,1105
8179,880,82,0,962
8180,485,116,0,601
8181,650,359,0,1009
8182,490,919,0,1409
8183,870,203,0,1073
8184,523,171,0,694
8185,381,78,0,459
8186,120,708,0,828
8187,142,467,0,609
8188,276,846,0,1122
8189,11,540,0,551
8190,460,496,0,956
8191,639,415,0,1054
8192,198,781,0,979
8193,918,880,0,1798
8194,420,975,0,1395
8195,919,944,0,1863
8196,175,348,0,523
8197,545,71,0,616
8198,156,261,0,417
8199,777,989,0,1766
8200,415,274,0,689
8201,697,997,0,1694
8202,388,182,0,570
8203,57,586,0,643
8204,836,87,0,923
8205,111,762,0,873
8206,977,51,0,1028
8207,57,133,0,190
8208,522,623,0,1145
8209,788,943,0,1731
8210,103,43,0,146
8211,835,316,0,1151
8212,368,824,0,1192
8213,898,792,0,1690
8214,954,572,0,1526
8215,118,280,0,398
8216,204,415,0,619
8217,897,142,0,1039
8218,208,811,0,1019
8219,86,380,0,466
8220,78,729,0,807
8221,607,304,0,911
8222,813,838,0,1651
8223,68,14,0,82
8224,75,716,0,791
8225,960,734,0,1694
8226,101,100,0,201
8227,812,351,0,1163
8228,929,705,0,1634
8229,13,749,0,762
8230,940,584,0,1524
8231,874,596,0,1470
8232,609,410,0,1019
8233,619,803,0,1422
8234,903,600,0,1503
8235,969,207,0,1176
8236,501,976,0,1477
8237,977,253,0,1230
8238,714,694,0,1408
8239,286,218,0,504
8240,609,70,0,679
8241,62,653,0,715
8242,842,182,0,1024
8243,499,448,0,947
8244,140,930,0,1070
8245,830,426,0,1256
8246,897,780,0,1677
8247,468,530,0,998
8248,866,558,0,1424
8249,531,126,0,657
8250,872,330,0,1202
8251,312,459,0,771
8252,518,904,0,1422
8253,666,141,0,807
8254,46,272,0,318
8255,314,468,0,782
8256,752,651,0,1403
8257,689,74,0,763
8258,541,495,0,1036
8259,515,393,0,908
8260,758,846,0,1604
8261,894,286,0,1180
8262,956,143,0,1099
8263,130,847,0,977
8264,29,11,0,40
8265,180,409,0,589
8266,896,616,0,1512
8267,678,422,0,1100
8268,608,48,0,656
8269,839,70,0,909
8270,748,541,0,1289
8271,295,904,0,1199
8272,9,790,0,799
8273,178,106,0,284
8274,762,807,0,1569
8275,130,645,0,775
8276,573,55,0,628
8277,676,207,0,883
8278,741,504,0,1245
8279,784,127,0,911
8280,163,542,0,705
8281,114,632,0,746
8282,119,605,0,724
8283,574,68,0,642
8284,935,215,0,1150
8285,11,92,0,103
8286,710,468,0,1178
8287,513,713,0,1226
8288,714,805,0,1519
8289,630,828,0,1458
8290,977,21,0,998
8291,161,191,0,352
8292,370,314,0,684
8293,1000,704,0,1704
8294,952,749,0,1701
8295,762,250,0,1012
8296,845,422,0,1267
8297,322,808,0,1130
8298,506,297,0,803
8299,607,967,0,1574
8300,687,740,0,1427
8301,989,594,0,1583
8302,311,239,0,550
8303,373,203,0,576
8304,920,10,0,930
8305,425,267,0,692
8306,954,711,0,1665
8307,440,622,0,1062
8308,607,633,0,1240
8309,946,408,0,1354
8310,445,241,0,686
8311,913,19,0,932
8312,449,643,0,1092
8313,976,425,0,1401
8314,724,506,0,1230
8315,129,353,0,482
8316,907,751,0,1658
8317,347,464,0,811
8318,203,135,0,338
8319,796,832,0,1628
8320,543,211,0,754
8321,277,181,0,458
8322,989,286,0,1275
8323,840,737,0,1577
8324,419,759,0,1178
8325,574,122,0,696
8326,247,999,0,1246
8327,240,658,0,898
8328,183,618,0,801
8329,47,456,0,503
8330,354,843,0,1197
8331,316,70,0,386
8332,193,805,0,998
8333,869,465,0,1334
8334,18,475,0,493
8335,402,588,0,990
8336,66,966,0,1032
8337,266,863,0,1129
8338,154,615,0,769
8339,959,568,0,1527
8340,588,870,0,1458
8341,25,730,0,755
8342,109,792,0,901
8343,810,569,0,1379
8344,844,828,0,1672
8345,303,370,0,673
8346,115,433,0,548
8347,657,153,0,810
8348,702,507,0,1209
8349,808,457,0,1265
8350,870,646,0,1516
8351,159,492,0,651
8352,323,446,0,769
8353,710,690,0,1400
8354,722,646,0,1368
8355,519,789,0,1308
8356,917,762,0,1679
8357,520,85,0,605
8358,43,759,0,802
8359,3,715,0,718
8360,553,190,0,743
8361,124,870,0,994
8362,746,413,0,1159
8363,739,731,0,1470
8364,396,66,0,462
8365,937,612,0,1549
8366,34,817,0,851
8367,76,930,0,1006
8368,137,319,0,456
8369,309,615,0,924
8370,559,124,0,683
8371,287,503,0,790
8372,657,382,0,1039
8373,946,80,0,1026
8374,596,28,0,624
8375,125,803,0,928
8376,190,544,0,734
8377,838,755,0,1593
8378,866,295,0,1161
8379,644,742,0,1386
8380,102,389,0,491
8381,985,252,0,1237
8382,407,164,0,571
8383,693,863,0,1556
8384,930,5,0,935
8385,738,47,0,785
8386,77,842,0,919
8387,413,181,0,594
8388,415,862,0,1277
8389,499,511,0,1010
8390,521,932,0,1453
8391,720,31,0,751
8392,765,470,0,1235
8393,898,456,0,1354
8394,961,249,0,1210
8395,967,565,0,1532
8396,879,161,0,1040
8397,808,676,0,1484
8398,118,825,0,943
8399,289,302,0,591
8400,667,138,0,805
8401,915,40,0,955
8402,264,65,0,329
8403,340,79,0,419
8404,983,131,0,1114
8405,138,873,0,1011
8406,433,151,0,584
8407,861,128,0,989
8408,501,521,0,1022
8409,484,190,0,674
8410,575,200,0,775
8411,990,705,0,1695
8412,375,133,0,508
8413,978,120,0,1098
8414,385,413,0,798
8415,148,92,0,240
8416,731,754,0,1485
8417,391,541,0,932
8418,648,288,0,936
8419,845,617,0,1462
8420,144,518,0,662
8421,547,394,0,941
8422,846,717,0,1563
8423,878,185,0,1063
8424,541,36,0,577
8425,675,772,0,1447
8426,340,941,0,1281
8427,571,436,0,1007
8428,105,468,0,573
8429,106,720,0,826
8430,912,843,0,1755
8431,428,557,0,985
8432,656,694,0,1350
8433,900,713,0,1613
8434,910,946,0,1856
8435,795,82,0,877
8436,490,937,0,1427
8437,143,792,0,935
8438,12,449,0,461
8439,660,398,0,1058
8440,708,744,0,1452
8441,179,847,0,1026
8442,967,605,0,1572
8443,270,980,0,1250
8444,406,506,0,912
8445,173,497,0,670
8446,449,736,0,1185
8447,102,189,0,291
8448,206,530,0,736
8449,517,566,0,1083
8450,434,313,0,747
8451,939,322,0,1261
8452,469,847,0,1316
8453,880,610,0,1490
8454,443,878,0,1321
8455,595,925,0,1520
8456,269,45,0,314
8457,460,346,0,806
8458,961,65,0,1026
8459,435,206,0,641
8460,825,729,0,1554
8461,512,407,0,919
8462,924,291,0,1215
8463,70,245,0,315
8464,487,432,0,919
8465,714,569,0,1283
8466,614,320,0,934
8467,28,196,0,224
8468,323,631,0,954
8469,662,597,0,1259
8470,869,480,0,1349
8471,761,169,0,930
8472,701,627,0,1328
8473,190,653,0,843
8474,12,270,0,282
8475,439,825,0,1264
8476,111,247,0,358
8477,394,678,0,1072
8478,852,763,0,1615
8479,975,656,0,1631
8480,391,796,0,1187
8481,257,630,0,887
8482,111,928,0,1039
8483,294,88,0,382
8484,588,753,0,1341
8485,813,409,0,1222
8486,381,936,0,1317
8487,415,461,0,876
8488,258,710,0,968
8489,249,927,0,1176
8490,583,141,0,724
8491,603,697,0,1300
8492,206,297,0,503
8493,157,889,0,1046
8494,418,75,0,493
8495,610,949,0,1559
8496,379,637,0,1016
8497,311,477,0,788
8498,524,662,0,1186
8499,278,757,0,1035
8500,990,502,0,1492
8501,9,332,0,341
8502,989,966,0,1955
8503,326,769,0,1095
8504,850,667,0,1517
8505,343,620,0,963
8506,593,4,0,597
8507,384,564,0,948
8508,631,666,0,1297
8509,967,897,0,1864
8510,321,793,0,1114
8511,578,250,0,828
8512,993,508,0,1501
8513,198,805,0,1003
8514,101,961,0,1062
8515,165,824,0,989
8516,220,989,0,1209
8517,640,615,0,1255
8518,467,397,0,864
8519,393,451,0,844
8520,546,85,0,631
8521,235,188,0,423
8522,338,39,0,377
8523,472,495,0,967
8524,767,553,0,1320
8525,946,732,0,1678
8526,397,430,0,827
8527,962,689,0,1651
8528,89,226,0,315
8529,465,77,0,542
8530,744,186,0,930
8531,594,867,0,1461
8532,774,956,0,1730
8533,397,800,0,1197
8534,797,95,0,892
8535,720,130,0,850
8536,252,558,0,810
8537,218,828,0,1046
8538,627,724,0,1351
8539,85,953,0,1038
8540,480,122,0,602
8541,883,549,0,1432
8542,590,15,0,605
8543,873,460,0,1333
8544,993,560,0,1553
8545,999,948,0,1947
8546,727,530,0,1257
8547,433,804,0,1237
8548,205,462,0,667
8549,799,735,0,1534
8550,658,110,0,768
8551,188,2,0,190
8552,593,919,0,1512
8553,285,909,0,1194
8554,836,181,0,1017
8555,522,871,0,1393
8556,313,940,0,1253
8557,208,236,0,444
8558,358,3,0,361
8559,27,826,0,853
8560,112,690,0,802
8561,867,683,0,1550
8562,517,614,0,1131
8563,12,660,0,672
8564,417,764,0,1181
8565,685,649,0,1334
8566,690,779,0,1469
8567,523,570,0,1093
8568,880,727,0,1607
8569,611,317,0,928
8570,711,177,0,888
8571,160,827,0,987
8572,61,436,0,497
8573,357,247,0,604
8574,450,699,0,1149
8575,922,611,0,1533
8576,542,421,0,963
8577,267,460,0,727
8578,192,979,0,1171
8579,923,118,0,1041
8580,942,698,0,1640
8581,632,940,0,1572
8582,562,673,0,1235
8583,290,443,0,733
8584,31,64,0,95
8585,187,119,0,306
8586,245,997,0,1242
8587,308,829,0,1137
8588,386,263,0,649
8589,534,80,0,614
8590,525,560,0,1085
8591,189,30,0,219
8592,133,654,0,787
8593,232,320,0,552
8594,28,381,0,409
8595,125,903,0,1028
8596,539,140,0,679
8597,391,366,0,757
8598,375,764,0,1139
8599,710,89,0,799
8600,509,599,0,1108
8601,284,30,0,314
8602,599,561,0,1160
8603,510,757,0,1267
8604,817,302,0,1119
8605,585,752,0,1337
8606,538,693,0,1231
8607,344,334,0,678
8608,743,185,0,928
8609,983,50,0,1033
8610,473,414,0,887
8611,819,362,0,1181
8612,53,365,0,418
8613,530,550,0,1080
8614,596,684,0,1280
8615,213,931,0,1144
8616,858,110,0,968
8617,221,989,0,1210
8618,688,793,0,1481
8619,951,760,0,1711
8620,878,478,0,1356
8621,575,990,0,1565
8622,520,567,0,1087
8623,178,890,0,1068
8624,239,41,0,280
8625,491,319,0,810
8626,601,365,0,966
8627,729,140,0,869
8628,282,461,0,743
8629,572,374,0,946
8630,412,246,0,658
8631,624,744,0,1368
8632,628,984,0,1612
8633,833,861,0,1694
8634,355,956,0,1311
8635,205,644,0,849
8636,914,768,0,1682
8637,861,918,0,1779
8638,154,751,0,905
8639,945,202,0,1147
8640,11,490,0,501
8641,629,913,0,1542
8642,111,288,0,399
8643,256,554,0,810
8644,313,397,0,710
8645,88,41,0,129
8646,515,987,0,1502
8647,614,672,0,1286
8648,390,99,0,489
8649,720,687,0,1407
8650,13,228,0,241
8651,581,361,0,942
8652,32,67,0,99
8653,739,324,0,1063
8654,300,924,0,1224
8655,979,558,0,1537
8656,809,468,0,1277
8657,915,717,0,1632
8658,455,252,0,707
8659,599,983,0,1582
8660,9,304,0,313
8661,577,773,0,1350
8662,180,596,0,776
8663,199,237,0,436
8664,687,903,0,1590
8665,691,866,0,1557
8666,706,82,0,788
8667,775,50,0,825
8668,205,181,0,386
8669,831,631,0,1462
8670,769,375,0,1144
8671,672,3,0,675
8672,582,48,0,630
8673,950,207,0,1157
8674,493,130,0,623
8675,524,68,0,592
8676,785,484,0,1269
8677,317,608,0,925
8678,353,76,0,429
8679,263,757,0,1020
8680,972,951,0,1923
8681,249,654,0,903
8682,978,451,0,1429
8683,125,356,0,481
8684,818,5,0,823
8685,306,25,0,331
8686,970,692,0,1662
8687,759,422,0,1181
8688,127,515,0,642
8689,398,590,0,988
8690,251,424,0,675
8691,466,883,0,1349
8692,408,24,0,432
8693,968,620,0,1588
8694,930,823,0,1753
8695,225,400,0,625
8696,727,968,0,1695
8697,837,729,0,1566
8698,979,103,0,1082
8699,383,639,0,1022
8700,949,157,0,1106
8701,144,412,0,556
8702,821,53,0,874
8703,462,246,0,708
8704,213,597,0,810
8705,634,456,0,1090
8706,288,932,0,1220
8707,917,902,0,1819
8708,497,638,0,1135
8709,694,91,0,785
8710,332,791,0,1123
8711,705,983,0,1688
8712,903,583,0,1486
8713,459,825,0,1284
8714,17,959,0,976
8715,388,110,0,498
8716,546,341,0,887
8717,173,498,0,671
8718,404,726,0,1130
8719,13,393,0,406
8720,247,840,0,1087
8721,227,192,0,419
8722,788,295,0,1083
8723,885,314,0,1199
8724,833,288,0,1121
8725,85,329,0,414
8726,532,432,0,964
8727,965,542,0,1507
8728,736,448,0,1184
8729,383,303,0,686
8730,806,209,0,1015
8731,552,694,0,1246
8732,474,788,0,1262
8733,555,744,0,1299
8734,499,595,0,1094
8735,923,740,0,1663
8736,765,921,0,1686
8737,476,864,0,1340
8738,807,708,0,1515
8739,433,704,0,1137
8740,668,330,0,998
8741,718,577,0,1295
8742,547,18,0,565
8743,81,531,0,612
8744,460,496,0,956
8745,999,465,0,1464
8746,221,984,0,1205
8747,566,449,0,1015
8748,224,60,0,284
8749,35,717,0,752
8750,123,892,0,1015
8751,134,268,0,402
8752,542,301,0,843
8753,709,799,0,1508
8754,315,711,0,1026
8755,303,646,0,949
8756,86,956,0,1042
8757,331,365,0,696
8758,138,158,0,296
8759,610,187,0,797
8760,331,573,0,904
8761,69,985,0,1054
8762,677,816,0,1493
8763,617,628,0,1245
8764,715,252,0,967
8765,568,270,0,838
8766,673,691,0,1364
8767,984,750,0,1734
8768,328,527,0,855
8769,869,375,0,1244
8770,983,164,0,1147
8771,574,708,0,1282
8772,598,125,0,723
8773,22,515,0,537
8774,196,900,0,1096
8775,381,417,0,798
8776,211,627,0,838
8777,43,929,0,972
8778,879,199,0,1078
8779,990,337,0,1327
8780,43,24,0,67
8781,868,562,0,1430
8782,432,798,0,1230
8783,26,162,0,188
8784,320,41,0,361
8785,546,726,0,1272
8786,358,830,0,1188
8787,142,795,0,937
8788,828,641,0,1469
8789,383,815,0,1198
8790,652,344,0,996
8791,754,955,0,1709
8792,203,561,0,764
8793,158,366,0,524
8794,449,841,0,1290
8795,408,116,0,524
8796,349,796,0,1145
8797,134,770,0,904
8798,709,490,0,1199
8799,880,944,0,1824
8800,311,47,0,358
8801,52,654,0,706
8802,578,594,0,1172
8803,917,394,0,1311
8804,607,154,0,761
8805,792,672,0,1464
8806,454,478,0,932
8807,253,184,0,437
8808,228,321,0,549
8809,181,109,0,290
8810,107,701,0,808
8811,89,538,0,627
8812,780,705,0,1485
8813,892,581,0,1473
8814,244,35,0,279
8815,621,874,0,1495
8816,429,991,0,1420
8817,393,656,0,1049
8818,327,562,0,889
8819,960,955,0,1915
8820,481,345,0,826
8821,411,715,0,1126
8822,264,131,0,395
8823,66,652,0,718
8824,178,52,0,230
8825,55,918,0,973
8826,81,706,0,787
8827,228,965,0,1193
8828,141,878,0,1019
8829,894,134,0,1028
8830,621,225,0,846
8831,161,40,0,201
8832,886,502,0,1388
8833,197,927,0,1124
8834,591,394,0,985
8835,694,904,0,1598
8836,916,934,0,1850
8837,848,150,0,998
8838,615,928,0,1543
8839,266,140,0,406
8840,76,457,0,533
8841,61,777,0,838
8842,281,317,0,598
8843,330,360,0,690
8844,166,762,0,928
8845,945,475,0,1420
8846,309,594,0,903
8847,774,343,0,1117
8848,745,352,0,1097
8849,959,654,0,1613
8850,661,158,0,819
8851,786,991,0,1777
8852,645,355,0,1000
8853,735,889,0,1624
8854,553,84,0,637
8855,452,475,0,927
8856,160,620,0,780
8857,149,285,0,434
8858,513,663,0,1176
8859,364,798,0,1162
8860,879,386,0,1265
8861,452,874,0,1326
8862,144,442,0,586
8863,851,359,0,1210
8864,511,930,0,1441
8865,131,981,0,1112
8866,676,134,0,810
8867,847,250,0,1097
8868,345,59,0,404
8869,881,692,0,1573
8870,767,649,0,1416
8871,373,68,0,441
8872,625,670,0,1295
8873,806,169,0,975
8874,640,789,0,1429
8875,294,139,0,433
8876,169,335,0,504
8877,221,502,0,723
8878,744,826,0,1570
8879,535,220,0,755
8880,950,71,0,1021
8881,618,151,0,769
8882,401,352,0,753
8883,159,707,0,866
8884,357,360,0,717
8885,944,689,0,1633
8886,858,668,0,1526
8887,946,942,0,1888
8888,669,445,0,1114
8889,919,566,0,1485
8890,448,275,0,723
8891,586,307,0,893
8892,850,815,0,1665
8893,936,917,0,1853
8894,119,337,0,456
8895,17,81,0,98
8896,821,63,0,884
8897,898,445,0,1343
8898,575,977,0,1552
8899,611,200,0,811
8900,457,823,0,1280
8901,191,945,0,1136
8902,988,905,0,1893
8903,350,900,0,1250
8904,848,778,0,1626
8905,296,60,0,356
8906,324,618,0,942
8907,605,632,0,1237
8908,961,686,0,1647
8909,189,854,0,1043
8910,24,429,0,453
8911,300,487,0,787
8912,669,768,0,1437
8913,50,889,0,939
8914,609,66,0,675
8915,567,350,0,917
8916,721,429,0,1150
8917,430,814,0,1244
8918,965,932,0,1897
8919,475,361,0,836
8920,539,229,0,768
8921,99,25,0,124
8922,496,60,0,556
8923,101,593,0,694
8924,824,227,0,1051
8925,6,593,0,599
8926,891,298,0,1189
8927,220,472,0,692
8928,358,443,0,801
8929,703,151,0,854
8930,137,223,0,360
8931,233,699,0,932
8932,177,271,0,448
8933,851,98,0,949
8934,950,707,0,1657
8935,376,979,0,1355
8936,503,559,0,1062
8937,823,50,0,873
8938,552,67,0,619
8939,369,397,0,766
8940,190,288,0,478
8941,368,882,0,1250
8942,560,166,0,726
8943,83,654,0,737
8944,611,790,0,1401
8945,277,647,0,924
8946,102,92,0,194
8947,827,597,0,1424
8948,182,653,0,835
8949,902,132,0,1034
8950,201,15,0,216
8951,750,951,0,1701
8952,279,862,0,1141
8953,506,366,0,872
8954,563,319,0,882
8955,666,441,0,1107
8956,406,90,0,496
8957,866,319,0,1185
8958,802,546,0,1348
8959,405,293,0,698
8960,684,626,0,1310
8961,211,719,0,930
8962,421,52,0,473
8963,478,369,0,847
8964,547,153,0,700
8965,240,808,0,1048
8966,367,935,0,1302
8967,455,16,0,471
8968,689,530,0,1219
8969,488,707,0,1195
8970,597,353,0,950
8971,972,791,0,1763
8972,971,162,0,1133
8973,212,817,0,1029
8974,781,285,0,1066
8975,297,784,0,1081
8976,163,785,0,948
8977,233,74,0,307
8978,185,382,0,567
8979,133,748,0,881
8980,788,365,0,1153
8981,796,107,0,903
8982,279,208,0,487
8983,488,541,0,1029
8984,0,874,0,874
8985,620,887,0,1507
8986,697,563,0,1260
8987,855,21,0,876
8988,258,111,0,369
8989,526,504,0,1030
8990,511,505,0,1016
8991,16,476,0,492
8992,46,6,0,52
8993,491,803,0,1294
8994,452,444,0,896
8995,320,964,0,1284
8996,505,213,0,718
8997,844,434,0,1278
8998,852,108,0,960
8999,892,307,0,1199
9000,836,572,0,1408
9001,841,460,0,1301
9002,413,101,0,514
9003,805,551,0,1356
9004,742,48,0,790
9005,803,930,0,1733
9006,736,115,0,851
9007,688,646,0,1334
9008,322,406,0,728
9009,592,963,0,1555
9010,716,272,0,988
9011,253,699,0,952
9012,941,674,0,1615
9013,546,647,0,1193
9014,327,316,0,643
9015,186,560,0,746
9016,508,115,0,623
9017,77,735,0,812
9018,432,237,0,669
9019,529,910,0,1439
9020,490,825,0,1315
9021,804,529,0,1333
9022,686,884,0,1570
9023,157,556,0,713
9024,742,655,0,1397
9025,864,373,0,1237
9026,577,13,0,590
9027,714,236,0,950
9028,592,187,0,779
9029,569,561,0,1130
9030,399,393,0,792
9031,835,514,0,1349
9032,706,188,0,894
9033,687,701,0,1388
9034,53,988,0,1041
9035,608,322,0,930
9036,504,129,0,633
9037,190,34,0,224
9038,578,949,0,1527
9039,557,878,0,1435
9040,723,517,0,1240
9041,706,197,0,903
9042,952,434,0,1386
9043,502,137,0,639
9044,885,11,0,896
9045,486,725,0,1211
9046,402,495,0,897
9047,967,2,0,969
9048,954,945,0,1899
9049,189,514,0,703
9050,168,983,0,1151
9051,67,422,0,489
9052,295,251,0,546
9053,75,235,0,310
9054,551,55,0,606
9055,811,723,0,1534
9056,401,883,0,1284
9057,904,470,0,1374
9058,412,610,0,1022
9059,819,970,0,1789
9060,140,890,0,1030
9061,27,217,0,244
9062,745,527,0,1272
9063,275,411,0,686
9064,409,328,0,737
9065,827,369,0,1196
9066,622,403,0,1025
9067,137,420,0,557
9068,347,952,0,1299
9069,589,419,0,1008
9070,472,74,0,546
9071,129,960,0,1089
9072,974,70,0,1044
9073,727,804,0,1531
9074,310,695,0,1005
9075,854,374,0,1228
9076,415,414,0,829
9077,977,394,0,1371
9078,425,500,0,925
9079,365,741,0,1106
9080,221,473,0,694
9081,341,361,0,702
9082,376,630,0,1006
9083,301,408,0,709
9084,828,869,0,1697
9085,78,362,0,440
9086,667,661,0,1328
9087,788,961,0,1749
9088,339,649,0,988
9089,524,661,0,1185
9090,917,290,0,1207
9091,61,186,0,247
9092,282,29,0,311
9093,726,347,0,1073
9094,867,22,0,889
9095,584,730,0,1314
9096,241,801,0,1042
9097,846,744,0,1590
9098,373,323,0,696
9099,907,544,0,1451
9100,152,625,0,777
9101,52,70,0,122
9102,865,407,0,1272
9103,392,838,0,1230
9104,447,957,0,1404
9105,72,124,0,196
9106,187,716,0,903
9107,511,405,0,916
9108,909,501,0,1410
9109,686,882,0,1568
9110,603,982,0,1585
9111,813,958,0,1771
9112,427,17,0,444
9113,713,49,0,762
9114,934,688,0,1622
9115,380,414,0,794
9116,678,261,0,939
9117,755,500,0,1255
9118,922,592,0,1514
9119,484,994,0,1478
9120,529,955,0,1484
9121,402,132,0,534
9122,612,713,0,1325
9123,286,878,0,1164
9124,760,240,0,1000
9125,517,84,0,601
9126,70,464,0,534
9127,889,642,0,1531
9128,721,818,0,1539
9129,651,836,0,1487
9130,637,408,0,1045
9131,690,286,0,976
9132,747,49,0,796
9133,58,658,0,716
9134,485,865,0,1350
9135,829,466,0,1295
9136,806,265,0,1071
9137,558,603,0,1161
9138,832,229,0,1061
9139,937,33,0,970
9140,661,965,0,1626
9141,500,224,0,724
9142,929,78,0,1007
9143,792,55,0,847
9144,660,948,0,1608
9145,642,626,0,1268
9146,807,878,0,1685
9147,202,183,0,385
9148,582,907,0,1489
9149,141,529,0,670
9150,920,334,0,1254
9151,759,855,0,1614
9152,924,552,0,1476
9153,840,128,0,968
9154,628,389,0,1017
9155,851,434,0,1285
9156,469,571,0,1040
9157,208,65,0,273
9158,478,712,0,1190
9159,243,71,0,314
9160,79,329,0,408
9161,160,694,0,854
9162,56,416,0,472
9163,140,742,0,882
9164,339,891,0,1230
9165,321,775,0,1096
9166,205,304,0,509
9167,524,395,0,919
9168,189,684,0,873
9169,711,946,0,1657
9170,667,63,0,730
9171,993,179,0,1172
9172,67,662,0,729
9173,678,769,0,1447
9174,252,26,0,278
9175,688,896,0,1584
9176,900,829,0,1729
9177,154,885,0,1039
9178,390,57,0,447
9179,666,518,0,1184
9180,701,578,0,1279
9181,814,308,0,1122
9182,98,990,0,1088
9183,383,446,0,829
9184,429,978,0,1407
9185,606,833,0,1439
9186,917,156,0,1073
9187,191,340,0,531
9188,938,46,0,984
9189,74,684,0,758
9190,880,109,0,989
9191,567,788,0,1355
9192,484,111,0,595
9193,751,507,0,1258
9194,26,183,0,209
9195,318,916,0,1234
9196,309,669,0,978
9197,690,422,0,1112
9198,545,250,0,795
9199,689,990,0,1679
9200,989,952,0,1941
9201,466,744,0,1210
9202,663,256,0,919
9203,892,31,0,923
9204,584,724,0,1308
9205,794,215,0,1009
9206,543,251,0,794
9207,249,761,0,1010
9208,674,737,0,1411
9209,271,545,0,816
9210,470,576,0,1046
9211,878,629,0,1507
9212,545,369,0,914
9213,295,582,0,877
9214,698,779,0,1477
9215,679,577,0,1256
9216,641,522,0,1163
9217,596,524,0,1120
9218,483,20,0,503
9219,189,310,0,499
9220,609,486,0,1095
9221,44,43,0,87
9222,770,80,0,850
9223,208,737,0,945
9224,258,271,0,529
9225,121,958,0,1079
9226,853,559,0,1412
9227,378,463,0,841
9228,691,655,0,1346
9229,737,387,0,1124
9230,884,433,0,1317
9231,200,470,0,670
9232,46,786,0,832
9233,992,995,0,1987
9234,283,198,0,481
9235,963,572,0,1535
9236,475,931,0,1406
9237,66,962,0,1028
9238,887,1000,0,1887
9239,371,824,0,1195
9240,421,23,0,444
9241,896,743,0,1639
9242,308,278,0,586
9243,421,845,0,1266
9244,734,50,0,784
9245,906,859,0,1765
9246,890,129,0,1019
9247,602,2,0,604
9248,82,861,0,943
9249,986,940,0,1926
9250,367,629,0,996
9251,616,340,0,956
9252,216,391,0,607
9253,982,461,0,1443
9254,650,439,0,1089
9255,312,286,0,598
9256,935,846,0,1781
9257,903,336,0,1239
9258,112,913,0,1025
9259,567,636,0,1203
9260,537,205,0,742
9261,643,412,0,1055
9262,456,929,0,1385
9263,971,895,0,1866
9264,830,755,0,1585
9265,558,300,0,858
9266,372,905,0,1277
9267,655,319,0,974
9268,504,542,0,1046
9269,315,618,0,933
9270,7,870,0,877
9271,199,558,0,757
9272,80,71,0,151
9273,558,687,0,1245
9274,582,180,0,762
9275,580,725,0,1305
9276,229,79,0,308
9277,523,66,0,589
9278,460,761,0,1221
9279,739,240,0,979
9280,45,50,0,95
9281,80,804,0,884
9282,129,520,0,649
9283,717,200,0,917
9284,874,153,0,1027
9285,423,988,0,1411
9286,578,164,0,742
9287,948,696,0,1644
9288,412,473,0,885
9289,425,512,0,937
9290,400,951,0,1351
9291,289,702,0,991
9292,202,881,0,1083
9293,884,847,0,1731
9294,856,469,0,1325
9295,724,197,0,921
9296,443,466,0,909
9297,686,942,0,1628
9298,909,842,0,1751
9299,585,340,0,925
9300,151,319,0,470
9301,837,690,0,1527
9302,299,75,0,374
9303,473,662,0,1135
9304,946,97,0,1043
9305,990,53,0,1043
9306,221,372,0,593
9307,52,207,0,259
9308,379,1,0,380
9309,888,295,0,1183
9310,116,580,0,696
9311,34,143,0,177
9312,976,522,0,1498
9313,338,941,0,1279
9314,544,766,0,1310
9315,922,649,0,1571
9316,976,873,0,1849
9317,522,617,0,1139
9318,850,327,0,1177
9319,196,863,0,1059
9320,595,409,0,1004
9321,749,85,0,834
9322,306,228,0,534
9323,719,650,0,1369
9324,633,109,0,742
9325,826,710,0,1536
9326,661,658,0,1319
9327,801,78,0,879
9328,907,116,0,1023
9329,98,731,0,829
9330,547,597,0,1144
9331,991,733,0,1724
9332,723,971,0,1694
9333,568,759,0,1327
9334,230,371,0,601
9335,999,275,0,1274
9336,171,844,0,1015
9337,266,168,0,434
9338,168,933,0,1101
9339,688,381,0,1069
9340,600,678,0,1278
9341,654,716,0,1370
9342,852,769,0,1621
9343,812,894,0,1706
9344,522,410,0,932
9345,26,655,0,681
9346,768,298,0,1066
9347,215,678,0,893
9348,175,690,0,865
9349,411,400,0,811
9350,239,908,0,1147
9351,907,501,0,1408
9352,258,357,0,615
9353,974,328,0,1302
9354,114,529,0,643
9355,653,31,0,684
9356,654,841,0,1495
9357,668,697,0,1365
9358,126,5,0,131
9359,347,573,0,920
9360,789,269,0,1058
9361,729,286,0,1015
9362,115,695,0,810
9363,410,151,0,561
9364,207,311,0,518
9365,321,133,0,454
9366,540,461,0,1001
9367,627,416,0,1043
9368,822,374,0,1196
9369,226,687,0,913
9370,638,684,0,1322
9371,303,978,0,1281
9372,215,332,0,547
9373,733,837,0,1570
9374,439,48,0,487
9375,106,312,0,418
9376,606,334,0,940
9377,306,855,0,1161
9378,804,568,0,1372
9379,75,705,0,780
9380,532,990,0,1522
9381,30,946,0,976
9382,390,676,0,1066
9383,259,903,0,1162
9384,541,767,0,1308
9385,283,89,0,372
9386,768,856,0,1624
9387,692,688,0,1380
9388,795,251,0,1046
9389,339,643,0,982
9390,271,294,0,565
9391,624,613,0,1237
9392,522,690,0,1212
9393,978,435,0,1413
9394,209,660,0,869
9395,267,319,0,586
9396,143,542,0,685
9397,555,654,0,1209
9398,642,685,0,1327
9399,102,489,0,591
9400,397,152,0,549
9401,47,719,0,766
9402,305,893,0,1198
9403,468,715,0,1183
9404,578,913,0,1491
9405,890,374,0,1264
9406,939,196,0,1135
9407,323,826,0,1149
9408,907,187,0,1094
9409,491,798,0,1289
9410,164,930,0,1094
9411,607,795,0,1402
9412,710,671,0,1381
9413,680,962,0,1642
9414,697,759,0,1456
9415,795,184,0,979
9416,999,511,0,1510
9417,780,205,0,985
9418,843,299,0,1142
9419,379,619,0,998
9420,318,140,0,458
9421,870,168,0,1038
9422,643,710,0,1353
9423,162,107,0,269
9424,458,364,0,822
9425,103,930,0,1033
9426,835,856,0,1691
9427,335,503,0,838
9428,913,891,0,1804
9429,141,165,0,306
9430,123,386,0,509
9431,947,454,0,1401
9432,995,664,0,1659
9433,412,736,0,1148
9434,71,316,0,387
9435,624,275,0,899
9436,926,285,0,1211
9437,596,18,0,614
9438,245,274,0,519
9439,850,998,0,1848
9440,431,112,0,543
9441,683,21,0,704
9442,475,206,0,681
9443,104,402,0,506
9444,45,517,0,562
9445,74,898,0,972
9446,158,391,0,549
9447,908,152,0,1060
9448,973,719,0,1692
9449,650,921,0,1571
9450,274,256,0,530
9451,865,846,0,1711
9452,374,115,0,489
9453,843,728,0,1571
9454,625,20,0,645
9455,63,326,0,389
9456,402,530,0,932
9457,686,718,0,1404
9458,36,188,0,224
9459,653,780,0,1433
9460,726,116,0,842
9461,540,276,0,816
9462,873,155,0,1028
9463,285,992,0,1277
9464,104,467,0,571
9465,736,445,0,1181
9466,543,685,0,1228
9467,172,779,0,951
9468,712,282,0,994
9469,604,531,0,1135
9470,618,352,0,970
9471,948,320,0,1268
9472,24,756,0,780
9473,39,491,0,530
9474,587,453,0,1040
9475,499,991,0,1490
9476,800,944,0,1744
9477,282,535,0,817
9478,191,781,0,972
9479,797,904,0,1701
9480,940,352,0,1292
9481,317,93,0,410
9482,625,45,0,670
9483,185,886,0,1071
9484,188,517,0,705
9485,665,745,0,1410
9486,48,962,0,1010
9487,118,868,0,986
9488,95,810,0,905
9489,382,932,0,1314
9490,6,743,0,749
9491,912,683,0,1595
9492,576,783,0,1359
9493,666,197,0,863
9494,130,848,0,978
9495,663,667,0,1330
9496,138,593,0,731
9497,343,164,0,507
9498,578,423,0,1001
9499,339,942,0,1281
9500,199,905,0,1104
9501,470,422,0,892
9502,743,265,0,1008
9503,522,704,0,1226
9504,342,439,0,781
9505,284,613,0,897
9506,289,166,0,455
9507,865,935,0,1800
9508,255,957,0,1212
9509,121,0,0,121
9510,63,912,0,975
9511,707,328,0,1035
9512,256,235,0,491
9513,359,628,0,987
9514,537,840,0,1377
9515,353,489,0,842
9516,4,667,0,671
9517,265,924,0,1189
9518,697,449,0,1146
9519,317,806,0,1123
9520,729,574,0,1303
9521,67,433,0,500
9522,415,496,0,911
9523,504,520,0,1024
9524,940,297,0,1237
9525,667,590,0,1257
9526,713,744,0,1457
9527,32,405,0,437
9528,167,879,0,1046
9529,521,771,0,1292
9530,798,600,0,1398
9531,16,39,0,55
9532,544,254,0,798
9533,604,366,0,970
9534,241,745,0,986
9535,768,495,0,1263
9536,404,638,0,1042
9537,364,646,0,1010
9538,729,746,0,1475
9539,472,839,0,1311
9540,566,977,0,1543
9541,390,689,0,1079
9542,334,671,0,1005
9543,519,480,0,999
9544,653,113,0,766
9545,482,112,0,594
9546,876,1,0,877
9547,515,303,0,818
9548,476,616,0,1092
9549,344,286,0,630
9550,82,359,0,441
9551,910,470,0,1380
9552,357,717,0,1074
9553,93,68,0,161
9554,370,838,0,1208
9555,414,779,0,1193
9556,595,274,0,869
9557,403,622,0,1025
9558,754,21,0,775
9559,147,146,0,293
9560,8,81,0,89
9561,397,107,0,504
9562,376,697,0,1073
9563,911,126,0,1037
9564,58,211,0,269
9565,558,753,0,1311
9566,937,289,0,1226
9567,555,884,0,1439
9568,813,357,0,1170
9569,784,29,0,813
9570,888,382,0,1270
9571,823,84,0,907
9572,927,502,0,1429
9573,930,561,0,1491
9574,263,177,0,440
9575,809,312,0,1121
9576,287,848,0,1135
9577,502,328,0,830
9578,843,19,0,862
9579,785,991,0,1776
9580,349,694,0,1043
9581,524,198,0,722
9582,851,324,0,1175
9583,510,52,0,562
9584,568,604,0,1172
9585,40,752,0,792
9586,133,361,0,494
9587,303,619,0,922
9588,539,761,0,1300
9589,74,137,0,211
9590,358,0,0,358
9591,188,92,0,280
9592,875,359,0,1234
9593,689,933,0,1622
9594,611,50,0,661
9595,610,267,0,877
9596,856,718,0,1574
9597,925,957,0,1882
9598,106,508,0,614
9599,382,729,0,1111
9600,312,209,0,521
9601,20,859,0,879
9602,899,237,0,1136
9603,430,730,0,1160
9604,454,142,0,596
9605,227,739,0,966
9606,480,206,0,686
9607,665,549,0,1214
9608,567,369,0,936
9609,534,188,0,722
9610,636,647,0,1283
9611,754,601,0,1355
9612,475,872,0,1347
9613,375,657,0,1032
9614,144,850,0,994
9615,132,722,0,854
9616,734,230,0,964
9617,367,367,0,734
9618,897,532,0,1429
9619,154,478,0,632
9620,209,776,0,985
9621,986,266,0,1252
9622,498,577,0,1075
9623,881,452,0,1333
9624,844,783,0,1627
9625,9,119,0,128
9626,621,719,0,1340
9627,116,174,0,290
9628,103,191,0,294
9629,485,952,0,1437
9630,749,93,0,842
9631,171,805,0,976
9632,920,102,0,1022
9633,280,10,0,290
9634,800,689,0,1489
9635,642,234,0,876
9636,310,315,0,625
9637,131,455,0,586
9638,487,772,0,1259
9639,931,61,0,992
9640,726,222,0,948
9641,73,501,0,574
9642,936,379,0,1315
9643,34,654,0,688
9644,408,461,0,869
9645,963,955,0,1918
9646,675,164,0,839
9647,241,955,0,1196
9648,923,839,0,1762
9649,89,121,0,210
9650,834,885,0,1719
9651,723,108,0,831
9652,410,984,0,1394
9653,207,460,0,667
9654,22,319,0,341
9655,781,268,0,1049
9656,673,923,0,1596
9657,204,429,0,633
9658,186,139,0,325
9659,142,816,0,958
9660,386,581,0,967
9661,951,628,0,1579
9662,378,413,0,791
9663,536,659,0,1195
9664,352,732,0,1084
9665,200,763,0,963
9666,347,761,0,1108
9667,33,914,0,947
9668,562,641,0,1203
9669,979,454,0,1433
9670,581,877,0,1458
9671,357,563,0,920
9672,178,979,0,1157
9673,871,302,0,1173
9674,616,230,0,846
9675,315,185,0,500
9676,454,31,0,485
9677,559,222,0,781
9678,659,843,0,1502
9679,654,987,0,1641
9680,202,725,0,927
9681,80,431,0,511
9682,826,865,0,1691
9683,860,300,0,1160
9684,419,202,0,621
9685,690,661,0,1351
9686,413,992,0,1405
9687,243,195,0,438
9688,36,484,0,520
9689,854,438,0,1292
9690,36,509,0,545
9691,255,355,0,610
9692,440,709,0,1149
9693,457,900,0,1357
9694,185,739,0,924
9695,60,677,0,737
9696,967,683,0,1650
9697,969,335,0,1304
9698,692,207,0,899
9699,851,629,0,1480
9700,621,153,0,774
9701,450,432,0,882
9702,86,331,0,417
9703,273,188,0,461
9704,277,143,0,420
9705,53,776,0,829
9706,56,647,0,703
9707,665,869,0,1534
9708,321,300,0,621
9709,87,257,0,344
9710,788,636,0,1424
9711,772,604,0,1376
9712,129,947,0,1076
9713,199,390,0,589
9714,594,703,0,1297
9715,973,173,0,1146
9716,603,789,0,1392
9717,498,478,0,976
9718,845,129,0,974
9719,562,424,0,986
9720,305,583,0,888
9721,780,142,0,922
9722,824,321,0,1145
9723,23,114,0,137
9724,275,533,0,808
9725,346,21,0,367
9726,635,888,0,1523
9727,322,584,0,906
9728,453,640,0,1093
9729,448,609,0,1057
9730,196,795,0,991
9731,734,961,0,1695
9732,125,866,0,991
9733,221,894,0,1115
9734,88,516,0,604
9735,492,355,0,847
9736,821,495,0,1316
9737,76,503,0,579
9738,673,712,0,1385
9739,289,784,0,1073
9740,442,87,0,529
9741,841,274,0,1115
9742,60,487,0,547
9743,983,297,0,1280
9744,160,50,0,210
9745,983,690,0,1673
9746,289,637,0,926
9747,138,893,0,1031
9748,305,518,0,823
9749,325,855,0,1180
9750,860,661,0,1521
9751,33,692,0,725
9752,574,136,0,710
9753,14,863,0,877
9754,895,1,0,896
9755,245,584,0,829
9756,647,227,0,874
9757,51,663,0,714
9758,57,92,0,149
9759,717,177,0,894
9760,968,82,0,1050
9761,325,546,0,871
9762,353,874,0,1227
9763,368,422,0,790
9764,116,994,0,1110
9765,264,209,0,473
9766,719,188,0,907
9767,701,842,0,1543
9768,780,656,0,1436
9769,234,982,0,1216
9770,975,51,0,1026
9771,538,916,0,1454
9772,155,40,0,195
9773,41,119,0,160
9774,50,213,0,263
9775,607,308,0,915
9776,873,265,0,1138
9777,47,653,0,700
9778,753,913,0,1666
9779,305,728,0,1033
9780,461,232,0,693
9781,887,570,0,1457
9782,121,712,0,833
9783,436,811,0,1247
9784,419,9,0,428
9785,643,128,0,771
9786,328,877,0,1205
9787,665,793,0,1458
9788,142,886,0,1028
9789,525,615,0,1140
9790,242,827,0,1069
9791,345,183,0,528
9792,655,667,0,1322
9793,246,209,0,455
9794,177,356,0,533
9795,695,641,0,1336
9796,719,389,0,1108
9797,980,588,0,1568
9798,529,463,0,992
9799,907,611,0,1518
9800,249,352,0,601
9801,932,962,0,1894
9802,970,155,0,1125
9803,94,571,0,665
9804,948,176,0,1124
9805,693,440,0,1133
9806,99,720,0,819
9807,425,269,0,694
9808,507,359,0,866
9809,725,793,0,1518
9810,101,973,0,1074
9811,387,353,0,740
9812,681,539,0,1220
9813,438,466,0,904
9814,568,419,0,987
9815,545,850,0,1395
9816,323,140,0,463
9817,375,367,0,742
9818,608,821,0,1429
9819,15,751,0,766
9820,123,859,0,982
9821,852,576,0,1428
9822,62,179,0,241
9823,92,675,0,767
9824,339,786,0,1125
9825,46,87,0,133
9826,191,950,0,1141
9827,154,105,0,259
9828,831,95,0,926
9829,436,591,0,1027
9830,375,106,0,481
9831,748,804,0,1552
9832,894,338,0,1232
9833,238,20,0,258
9834,462,116,0,578
9835,954,836,0,1790
9836,783,984,0,1767
9837,543,153,0,696
9838,915,343,0,1258
9839,189,609,0,798
9840,300,497,0,797
9841,164,692,0,856
9842,562,486,0,1048
9843,251,866,0,1117
9844,572,678,0,1250
9845,234,188,0,422
9846,352,3,0,355
9847,314,920,0,1234
9848,146,645,0,791
9849,355,998,0,1353
9850,843,132,0,975
9851,21,304,0,325
9852,966,472,0,1438
9853,693,846,0,1539
9854,235,446,0,681
9855,820,650,0,1470
9856,5,106,0,111
9857,871,243,0,1114
9858,371,620,0,991
9859,713,941,0,1654
9860,499,124,0,623
9861,881,460,0,1341
9862,718,659,0,1377
9863,146,863,0,1009
9864,738,175,0,913
9865,634,168,0,802
9866,655,940,0,1595
9867,86,127,0,213
9868,491,41,0,532
9869,24,911,0,935
9870,5,222,0,227
9871,201,880,0,1081
9872,848,847,0,1695
9873,172,113,0,285
9874,967,80,0,1047
9875,239,968,0,1207
9876,254,109,0,363
9877,664,178,0,842
9878,467,614,0,1081
9879,205,383,0,588
9880,984,59,0,1043
9881,758,110,0,868
9882,928,488,0,1416
9883,53,987,0,1040
9884,722,667,0,1389
9885,200,401,0,601
9886,140,599,0,739
9887,37,639,0,676
9888,106,803,0,909
9889,938,828,0,1766
9890,287,323,0,610
9891,503,136,0,639
9892,933,823,0,1756
9893,841,133,0,974
9894,450,668,0,1118
9895,601,281,0,882
9896,164,197,0,361
9897,469,311,0,780
9898,317,398,0,715
9899,327,374,0,701
9900,533,113,0,646
9901,355,3,0,358
9902,841,934,0,1775
9903,50,2,0,52
9904,667,970,0,1637
9905,217,670,0,887
9906,219,845,0,1064
9907,604,136,0,740
9908,384,183,0,567
9909,435,795,0,1230
9910,737,522,0,1259
9911,852,338,0,1190
9912,499,16,0,515
9913,451,243,0,694
9914,183,215,0,398
9915,846,666,0,1512
9916,977,127,0,1104
9917,837,540,0,1377
9918,238,785,0,1023
9919,832,83,0,915
9920,4,70,0,74
9921,210,227,0,437
9922,42,425,0,467
9923,928,942,0,1870
9924,983,436,0,1419
9925,337,683,0,1020
9926,37,605,0,642
9927,136,265,0,401
9928,360,307,0,667
9929,540,444,0,984
9930,391,790,0,1181
9931,121,144,0,265
9932,793,186,0,979
9933,53,633,0,686
9934,349,872,0,1221
9935,596,363,0,959
9936,200,394,0,594
9937,523,75,0,598
9938,99,626,0,725
9939,491,572,0,1063
9940,327,599,0,926
9941,937,418,0,1355
9942,596,28,0,624
9943,435,507,0,942
9944,314,686,0,1000
9945,174,281,0,455
9946,707,304,0,1011
9947,827,57,0,884
9948,565,595,0,1160
9949,836,751,0,1587
9950,490,444,0,934
9951,672,232,0,904
9952,541,7,0,548
9953,466,194,0,660
9954,627,378,0,1005
9955,925,661,0,1586
9956,207,452,0,659
9957,332,548,0,880
9958,322,813,0,1135
9959,342,197,0,539
9960,49,154,0,203
9961,928,17,0,945
9962,896,352,0,1248
9963,855,81,0,936
9964,261,639,0,900
9965,286,749,0,1035
9966,529,878,0,1407
9967,110,437,0,547
9968,755,253,0,1008
9969,51,723,0,774
9970,522,770,0,1292
9971,623,800,0,1423
9972,180,990,0,1170
9973,281,512,0,793
9974,895,161,0,1056
9975,841,417,0,1258
9976,316,605,0,921
9977,293,654,0,947
9978,187,284,0,471
9979,497,481,0,978
9980,583,887,0,1470
9981,867,651,0,1518
9982,100,480,0,580
9983,59,712,0,771
9984,760,885,0,1645
9985,88,438,0,526
9986,167,127,0,294
9987,981,450,0,1431
9988,46,120,0,166
9989,813,75,0,888
9990,414,674,0,1088
9991,104,711,0,815
9992,276,716,0,992
9993,32,236,0,268
9994,188,290,0,478
9995,923,766,0,1689
9996,233,858,0,1091
9997,540,47,0,587
9998,951,250,0,1201
9999,438,440,0,878
