id,number_1,operator,number_2,solution
0,892,0,80,972
1,479,0,443,922
2,821,0,117,938
3,504,0,606,1110
4,452,0,416,868
5,34,0,110,144
6,131,0,121,252
7,345,0,247,592
8,840,0,31,871
9,376,0,102,478
10,631,0,876,1507
11,591,0,779,1370
12,196,0,847,1043
13,938,0,941,1879
14,209,0,825,1034
15,854,0,728,1582
16,24,0,598,622
17,792,0,825,1617
18,468,0,234,702
19,29,0,958,987
20,39,0,495,534
21,927,0,569,1496
22,539,0,424,963
23,164,0,176,340
24,122,0,949,1071
25,855,0,582,1437
26,849,0,818,1667
27,217,0,707,924
28,572,0,79,651
29,386,0,568,954
30,260,0,820,1080
31,415,0,49,464
32,550,0,922,1472
33,983,0,610,1593
34,979,0,199,1178
35,395,0,835,1230
36,513,0,613,1126
37,846,0,149,995
38,639,0,606,1245
39,873,0,960,1833
40,126,0,791,917
41,819,0,140,959
42,489,0,678,1167
43,460,0,684,1144
44,38,0,174,212
45,341,0,922,1263
46,942,0,110,1052
47,292,0,334,626
48,682,0,265,947
49,560,0,586,1146
50,793,0,697,1490
51,112,0,799,911
52,517,0,968,1485
53,97,0,120,217
54,598,0,807,1405
55,12,0,602,614
56,879,0,796,1675
57,122,0,840,962
58,647,0,654,1301
59,575,0,945,1520
60,250,0,367,617
61,503,0,152,655
62,731,0,793,1524
63,665,0,936,1601
64,646,0,65,711
65,194,0,336,530
66,882,0,471,1353
67,800,0,295,1095
68,300,0,40,340
69,997,0,391,1388
70,660,0,670,1330
71,665,0,554,1219
72,446,0,278,724
73,868,0,966,1834
74,123,0,187,310
75,997,0,757,1754
76,31,0,375,406
77,526,0,489,1015
78,201,0,514,715
79,723,0,630,1353
80,266,0,186,452
81,155,0,99,254
82,136,0,273,409
83,517,0,455,972
84,474,0,432,906
85,409,0,590,999
86,143,0,683,826
87,13,0,870,883
88,228,0,481,709
89,101,0,854,955
90,705,0,235,940
91,170,0,718,888
92,251,0,814,1065
93,229,0,612,841
94,666,0,103,769
95,794,0,419,1213
96,990,0,491,1481
97,939,0,889,1828
98,573,0,325,898
99,998,0,886,1884
100,462,0,946,1408
101,53,0,884,937
102,233,0,738,971
103,191,0,405,596
104,738,0,733,1471
105,116,0,680,796
106,406,0,81,487
107,577,0,392,969
108,221,0,250,471
109,839,0,718,1557
110,548,0,597,1145
111,330,0,64,394
112,717,0,333,1050
113,272,0,181,453
114,205,0,216,421
115,813,0,718,1531
116,181,0,516,697
117,811,0,220,1031
118,955,0,174,1129
119,986,0,341,1327
120,849,0,349,1198
121,956,0,640,1596
122,185,0,756,941
123,48,0,863,911
124,32,0,736,768
125,118,0,625,743
126,514,0,266,780
127,991,0,566,1557
128,894,0,319,1213
129,409,0,970,1379
130,8,0,684,692
131,822,0,930,1752
132,443,0,942,1385
133,696,0,842,1538
134,365,0,469,834
135,49,0,807,856
136,304,0,583,887
137,413,0,432,845
138,129,0,981,1110
139,486,0,208,694
140,187,0,142,329
141,153,0,449,602
142,53,0,161,214
143,958,0,278,1236
144,105,0,991,1096
145,913,0,622,1535
146,122,0,330,452
147,660,0,16,676
148,476,0,389,865
149,943,0,936,1879
150,934,0,938,1872
151,160,0,380,540
152,253,0,290,543
153,456,0,518,974
154,291,0,845,1136
155,77,0,333,410
156,195,0,167,362
157,114,0,678,792
158,422,0,937,1359
159,480,0,473,953
160,107,0,200,307
161,584,0,548,1132
162,96,0,889,985
163,553,0,559,1112
164,388,0,394,782
165,733,0,565,1298
166,83,0,176,259
167,347,0,446,793
168,591,0,541,1132
169,326,0,501,827
170,569,0,517,1086
171,693,0,375,1068
172,386,0,172,558
173,661,0,208,869
174,401,0,820,1221
175,511,0,964,1475
176,152,0,610,762
177,264,0,861,1125
178,328,0,990,1318
179,927,0,973,1900
180,934,0,875,1809
181,228,0,866,1094
182,61,0,424,485
183,304,0,255,559
184,76,0,299,375
185,761,0,284,1045
186,755,0,125,880
187,452,0,351,803
188,30,0,608,638
189,851,0,130,981
190,277,0,340,617
191,597,0,225,822
192,151,0,790,941
193,809,0,263,1072
194,186,0,630,816
195,809,0,815,1624
196,293,0,802,1095
197,851,0,616,1467
198,286,0,876,1162
199,260,0,935,1195
200,782,0,606,1388
201,911,0,694,1605
202,611,0,423,1034
203,588,0,365,953
204,523,0,386,909
205,488,0,291,779
206,33,0,996,1029
207,828,0,922,1750
208,649,0,915,1564
209,623,0,826,1449
210,907,0,972,1879
211,16,0,435,451
212,311,0,986,1297
213,108,0,272,380
214,964,0,392,1356
215,763,0,158,921
216,170,0,580,750
217,675,0,448,1123
218,126,0,52,178
219,227,0,441,668
220,652,0,2,654
221,947,0,131,1078
222,660,0,225,885
223,153,0,880,1033
224,536,0,2,538
225,246,0,660,906
226,417,0,315,732
227,183,0,543,726
228,358,0,635,993
229,457,0,731,1188
230,936,0,397,1333
231,646,0,146,792
232,793,0,771,1564
233,896,0,176,1072
234,85,0,936,1021
235,565,0,188,753
236,259,0,652,911
237,232,0,208,440
238,829,0,451,1280
239,85,0,249,334
240,225,0,17,242
241,146,0,245,391
242,35,0,441,476
243,318,0,843,1161
244,929,0,401,1330
245,591,0,435,1026
246,159,0,106,265
247,232,0,62,294
248,445,0,301,746
249,615,0,433,1048
250,440,0,186,626
251,581,0,924,1505
252,90,0,431,521
253,124,0,965,1089
254,147,0,990,1137
255,486,0,63,549
256,779,0,891,1670
257,376,0,447,823
258,820,0,491,1311
259,41,0,624,665
260,788,0,120,908
261,743,0,568,1311
262,993,0,966,1959
263,372,0,486,858
264,65,0,224,289
265,981,0,133,1114
266,69,0,67,136
267,321,0,711,1032
268,552,0,684,1236
269,859,0,868,1727
270,990,0,499,1489
271,51,0,244,295
272,412,0,782,1194
273,531,0,664,1195
274,707,0,362,1069
275,78,0,392,470
276,786,0,153,939
277,653,0,45,698
278,687,0,651,1338
279,559,0,451,1010
280,513,0,30,543
281,300,0,282,582
282,31,0,247,278
283,655,0,347,1002
284,705,0,375,1080
285,22,0,520,542
286,709,0,35,744
287,156,0,214,370
288,249,0,881,1130
289,264,0,519,783
290,62,0,603,665
291,918,0,926,1844
292,261,0,579,840
293,385,0,34,419
294,909,0,877,1786
295,968,0,789,1757
296,996,0,672,1668
297,982,0,333,1315
298,378,0,905,1283
299,514,0,39,553
300,320,0,396,716
301,111,0,774,885
302,839,0,588,1427
303,457,0,461,918
304,88,0,888,976
305,500,0,124,624
306,659,0,997,1656
307,440,0,503,943
308,333,0,747,1080
309,247,0,21,268
310,102,0,194,296
311,656,0,688,1344
312,720,0,992,1712
313,593,0,485,1078
314,528,0,934,1462
315,784,0,234,1018
316,612,0,233,845
317,902,0,526,1428
318,515,0,998,1513
319,67,0,517,584
320,110,0,383,493
321,944,0,72,1016
322,834,0,384,1218
323,371,0,582,953
324,478,0,758,1236
325,211,0,181,392
326,517,0,394,911
327,338,0,20,358
328,297,0,680,977
329,668,0,422,1090
330,303,0,186,489
331,727,0,717,1444
332,71,0,472,543
333,189,0,921,1110
334,621,0,744,1365
335,397,0,497,894
336,159,0,355,514
337,160,0,897,1057
338,559,0,259,818
339,840,0,388,1228
340,463,0,876,1339
341,704,0,401,1105
342,751,0,989,1740
343,472,0,591,1063
344,640,0,477,1117
345,282,0,505,787
346,460,0,156,616
347,459,0,342,801
348,651,0,508,1159
349,219,0,354,573
350,732,0,938,1670
351,843,0,1,844
352,883,0,74,957
353,853,0,496,1349
354,467,0,691,1158
355,565,0,969,1534
356,308,0,551,859
357,375,0,548,923
358,744,0,789,1533
359,509,0,873,1382
360,963,0,670,1633
361,751,0,659,1410
362,430,0,644,1074
363,307,0,411,718
364,702,0,747,1449
365,981,0,866,1847
366,373,0,971,1344
367,521,0,278,799
368,194,0,864,1058
369,711,0,639,1350
370,509,0,859,1368
371,820,0,973,1793
372,233,0,47,280
373,583,0,538,1121
374,946,0,905,1851
375,396,0,303,699
376,953,0,990,1943
377,664,0,561,1225
378,871,0,543,1414
379,756,0,801,1557
380,85,0,162,247
381,864,0,226,1090
382,625,0,567,1192
383,529,0,806,1335
384,923,0,609,1532
385,995,0,243,1238
386,644,0,874,1518
387,543,0,731,1274
388,191,0,236,427
389,604,0,966,1570
390,895,0,123,1018
391,496,0,631,1127
392,627,0,694,1321
393,639,0,15,654
394,24,0,505,529
395,481,0,547,1028
396,307,0,490,797
397,525,0,465,990
398,398,0,409,807
399,83,0,264,347
400,453,0,558,1011
401,997,0,3,1000
402,430,0,799,1229
403,625,0,493,1118
404,54,0,132,186
405,274,0,409,683
406,839,0,902,1741
407,382,0,175,557
408,656,0,509,1165
409,574,0,444,1018
410,115,0,305,420
411,34,0,514,548
412,518,0,432,950
413,942,0,101,1043
414,791,0,192,983
415,495,0,742,1237
416,455,0,301,756
417,272,0,779,1051
418,747,0,752,1499
419,362,0,429,791
420,30,0,271,301
421,177,0,171,348
422,703,0,738,1441
423,282,0,62,344
424,973,0,870,1843
425,308,0,485,793
426,169,0,869,1038
427,607,0,779,1386
428,628,0,771,1399
429,967,0,14,981
430,793,0,696,1489
431,745,0,105,850
432,124,0,17,141
433,353,0,882,1235
434,491,0,191,682
435,826,0,862,1688
436,808,0,5,813
437,842,0,809,1651
438,594,0,494,1088
439,72,0,68,140
440,752,0,452,1204
441,377,0,959,1336
442,682,0,292,974
443,343,0,938,1281
444,772,0,951,1723
445,541,0,141,682
446,293,0,208,501
447,703,0,865,1568
448,730,0,58,788
449,979,0,62,1041
450,961,0,33,994
451,456,0,9,465
452,405,0,71,476
453,192,0,815,1007
454,806,0,529,1335
455,419,0,21,440
456,513,0,739,1252
457,526,0,945,1471
458,771,0,810,1581
459,77,0,76,153
460,661,0,342,1003
461,140,0,61,201
462,369,0,197,566
463,627,0,922,1549
464,150,0,182,332
465,704,0,169,873
466,100,0,130,230
467,163,0,34,197
468,634,0,164,798
469,488,0,904,1392
470,775,0,263,1038
471,938,0,363,1301
472,796,0,565,1361
473,56,0,863,919
474,688,0,522,1210
475,553,0,570,1123
476,212,0,616,828
477,766,0,605,1371
478,620,0,925,1545
479,624,0,20,644
480,860,0,718,1578
481,580,0,423,1003
482,372,0,743,1115
483,872,0,142,1014
484,340,0,648,988
485,818,0,686,1504
486,552,0,512,1064
487,276,0,981,1257
488,639,0,468,1107
489,132,0,428,560
490,813,0,854,1667
491,398,0,8,406
492,197,0,530,727
493,690,0,184,874
494,33,0,463,496
495,278,0,213,491
496,217,0,853,1070
497,94,0,635,729
498,986,0,557,1543
499,596,0,573,1169
500,824,0,310,1134
501,360,0,236,596
502,322,0,155,477
503,895,0,916,1811
504,353,0,411,764
505,644,0,399,1043
506,825,0,873,1698
507,655,0,352,1007
508,732,0,659,1391
509,540,0,81,621
510,191,0,482,673
511,986,0,335,1321
512,535,0,389,924
513,987,0,654,1641
514,632,0,420,1052
515,960,0,21,981
516,775,0,87,862
517,151,0,741,892
518,63,0,52,115
519,13,0,575,588
520,913,0,607,1520
521,794,0,76,870
522,337,0,164,501
523,60,0,575,635
524,864,0,661,1525
525,411,0,297,708
526,528,0,598,1126
527,842,0,927,1769
528,441,0,640,1081
529,234,0,631,865
530,972,0,949,1921
531,380,0,231,611
532,292,0,208,500
533,839,0,173,1012
534,755,0,794,1549
535,610,0,169,779
536,725,0,833,1558
537,329,0,590,919
538,810,0,949,1759
539,102,0,506,608
540,313,0,576,889
541,42,0,368,410
542,782,0,607,1389
543,981,0,409,1390
544,991,0,254,1245
545,120,0,619,739
546,835,0,933,1768
547,217,0,627,844
548,697,0,684,1381
549,870,0,632,1502
550,853,0,888,1741
551,361,0,169,530
552,767,0,54,821
553,748,0,301,1049
554,717,0,463,1180
555,541,0,650,1191
556,512,0,88,600
557,969,0,231,1200
558,10,0,740,750
559,537,0,231,768
560,647,0,523,1170
561,102,0,768,870
562,504,0,10,514
563,241,0,345,586
564,562,0,387,949
565,83,0,579,662
566,409,0,52,461
567,329,0,182,511
568,718,0,642,1360
569,417,0,444,861
570,469,0,788,1257
571,955,0,698,1653
572,750,0,68,818
573,529,0,760,1289
574,403,0,393,796
575,109,0,261,370
576,187,0,654,841
577,907,0,210,1117
578,645,0,985,1630
579,905,0,714,1619
580,597,0,361,958
581,381,0,290,671
582,990,0,777,1767
583,32,0,572,604
584,740,0,346,1086
585,233,0,648,881
586,994,0,170,1164
587,247,0,516,763
588,260,0,175,435
589,249,0,986,1235
590,522,0,613,1135
591,424,0,90,514
592,841,0,847,1688
593,374,0,5,379
594,44,0,600,644
595,256,0,269,525
596,668,0,490,1158
597,134,0,764,898
598,843,0,671,1514
599,687,0,804,1491
600,873,0,764,1637
601,683,0,365,1048
602,931,0,30,961
603,822,0,496,1318
604,561,0,593,1154
605,753,0,417,1170
606,687,0,222,909
607,408,0,282,690
608,521,0,685,1206
609,108,0,107,215
610,731,0,749,1480
611,663,0,475,1138
612,672,0,498,1170
613,187,0,741,928
614,286,0,930,1216
615,916,0,747,1663
616,685,0,384,1069
617,753,0,693,1446
618,944,0,114,1058
619,187,0,519,706
620,539,0,789,1328
621,474,0,687,1161
622,155,0,526,681
623,457,0,749,1206
624,243,0,764,1007
625,86,0,627,713
626,828,0,340,1168
627,302,0,309,611
628,197,0,780,977
629,381,0,333,714
630,149,0,39,188
631,234,0,868,1102
632,325,0,1,326
633,842,0,652,1494
634,92,0,407,499
635,935,0,56,991
636,12,0,160,172
637,825,0,400,1225
638,652,0,619,1271
639,80,0,948,1028
640,471,0,518,989
641,646,0,328,974
642,948,0,788,1736
643,710,0,250,960
644,82,0,882,964
645,57,0,620,677
646,287,0,208,495
647,629,0,874,1503
648,98,0,806,904
649,958,0,384,1342
650,371,0,864,1235
651,72,0,917,989
652,297,0,479,776
653,574,0,0,574
654,613,0,371,984
655,887,0,836,1723
656,991,0,963,1954
657,749,0,328,1077
658,800,0,551,1351
659,15,0,424,439
660,763,0,509,1272
661,773,0,296,1069
662,930,0,710,1640
663,344,0,740,1084
664,429,0,19,448
665,992,0,703,1695
666,290,0,970,1260
667,374,0,241,615
668,667,0,22,689
669,633,0,546,1179
670,536,0,684,1220
671,165,0,155,320
672,832,0,851,1683
673,219,0,651,870
674,166,0,543,709
675,625,0,312,937
676,513,0,602,1115
677,172,0,879,1051
678,894,0,128,1022
679,681,0,901,1582
680,918,0,223,1141
681,796,0,672,1468
682,460,0,229,689
683,231,0,627,858
684,157,0,990,1147
685,192,0,468,660
686,376,0,547,923
687,980,0,224,1204
688,442,0,992,1434
689,41,0,187,228
690,681,0,777,1458
691,926,0,924,1850
692,510,0,292,802
693,342,0,595,937
694,132,0,969,1101
695,721,0,472,1193
696,941,0,977,1918
697,529,0,735,1264
698,936,0,774,1710
699,139,0,561,700
700,971,0,939,1910
701,130,0,757,887
702,944,0,318,1262
703,647,0,188,835
704,675,0,250,925
705,523,0,946,1469
706,232,0,559,791
707,437,0,120,557
708,242,0,954,1196
709,147,0,791,938
710,306,0,14,320
711,721,0,811,1532
712,469,0,734,1203
713,546,0,334,880
714,893,0,803,1696
715,650,0,687,1337
716,111,0,26,137
717,113,0,482,595
718,664,0,939,1603
719,70,0,293,363
720,721,0,854,1575
721,538,0,91,629
722,364,0,686,1050
723,184,0,278,462
724,800,0,481,1281
725,519,0,591,1110
726,267,0,647,914
727,91,0,807,898
728,472,0,1,473
729,1,0,188,189
730,740,0,371,1111
731,868,0,261,1129
732,802,0,382,1184
733,426,0,770,1196
734,607,0,109,716
735,475,0,510,985
736,692,0,931,1623
737,75,0,222,297
738,562,0,541,1103
739,823,0,420,1243
740,671,0,955,1626
741,17,0,698,715
742,207,0,38,245
743,796,0,568,1364
744,435,0,500,935
745,943,0,960,1903
746,859,0,835,1694
747,896,0,584,1480
748,973,0,162,1135
749,758,0,215,973
750,568,0,895,1463
751,174,0,754,928
752,259,0,377,636
753,239,0,389,628
754,313,0,527,840
755,390,0,377,767
756,914,0,777,1691
757,292,0,75,367
758,49,0,174,223
759,68,0,81,149
760,96,0,104,200
761,929,0,405,1334
762,139,0,304,443
763,888,0,698,1586
764,174,0,995,1169
765,451,0,768,1219
766,434,0,173,607
767,300,0,928,1228
768,515,0,363,878
769,767,0,86,853
770,143,0,687,830
771,290,0,613,903
772,984,0,124,1108
773,515,0,270,785
774,197,0,335,532
775,404,0,388,792
776,796,0,457,1253
777,787,0,829,1616
778,339,0,510,849
779,636,0,621,1257
780,927,0,985,1912
781,110,0,37,147
782,821,0,661,1482
783,10,0,766,776
784,456,0,769,1225
785,588,0,71,659
786,978,0,119,1097
787,861,0,757,1618
788,453,0,382,835
789,308,0,408,716
790,668,0,708,1376
791,268,0,396,664
792,640,0,498,1138
793,900,0,873,1773
794,659,0,118,777
795,946,0,434,1380
796,807,0,451,1258
797,628,0,965,1593
798,34,0,655,689
799,351,0,945,1296
800,687,0,540,1227
801,198,0,733,931
802,642,0,734,1376
803,119,0,438,557
804,444,0,185,629
805,958,0,32,990
806,537,0,698,1235
807,776,0,761,1537
808,346,0,806,1152
809,51,0,516,567
810,223,0,872,1095
811,228,0,45,273
812,972,0,270,1242
813,637,0,170,807
814,115,0,133,248
815,421,0,816,1237
816,559,0,672,1231
817,852,0,617,1469
818,734,0,124,858
819,565,0,608,1173
820,622,0,120,742
821,377,0,283,660
822,11,0,28,39
823,332,0,438,770
824,760,0,364,1124
825,650,0,727,1377
826,868,0,728,1596
827,216,0,245,461
828,852,0,574,1426
829,986,0,412,1398
830,644,0,310,954
831,538,0,277,815
832,459,0,38,497
833,446,0,273,719
834,897,0,93,990
835,782,0,39,821
836,309,0,770,1079
837,238,0,49,287
838,824,0,15,839
839,25,0,470,495
840,789,0,935,1724
841,40,0,363,403
842,779,0,585,1364
843,288,0,423,711
844,24,0,553,577
845,176,0,763,939
846,337,0,775,1112
847,29,0,516,545
848,746,0,557,1303
849,908,0,636,1544
850,316,0,68,384
851,457,0,375,832
852,171,0,194,365
853,908,0,341,1249
854,21,0,864,885
855,134,0,59,193
856,573,0,500,1073
857,28,0,507,535
858,800,0,358,1158
859,60,0,786,846
860,957,0,17,974
861,819,0,603,1422
862,459,0,841,1300
863,636,0,114,750
864,963,0,742,1705
865,432,0,943,1375
866,106,0,982,1088
867,396,0,125,521
868,665,0,88,753
869,617,0,726,1343
870,480,0,794,1274
871,435,0,194,629
872,854,0,826,1680
873,930,0,799,1729
874,143,0,863,1006
875,627,0,215,842
876,143,0,419,562
877,602,0,490,1092
878,990,0,738,1728
879,659,0,532,1191
880,787,0,180,967
881,936,0,573,1509
882,662,0,537,1199
883,928,0,30,958
884,437,0,93,530
885,399,0,886,1285
886,684,0,119,803
887,557,0,97,654
888,732,0,159,891
889,170,0,469,639
890,266,0,501,767
891,420,0,722,1142
892,781,0,681,1462
893,324,0,402,726
894,138,0,717,855
895,927,0,339,1266
896,662,0,319,981
897,778,0,484,1262
898,776,0,713,1489
899,927,0,992,1919
900,701,0,509,1210
901,813,0,7,820
902,998,0,364,1362
903,441,0,66,507
904,835,0,38,873
905,485,0,30,515
906,369,0,93,462
907,94,0,501,595
908,307,0,713,1020
909,615,0,491,1106
910,428,0,862,1290
911,937,0,556,1493
912,414,0,227,641
913,47,0,61,108
914,200,0,826,1026
915,333,0,135,468
916,91,0,597,688
917,849,0,653,1502
918,167,0,842,1009
919,873,0,973,1846
920,856,0,572,1428
921,798,0,904,1702
922,831,0,734,1565
923,478,0,402,880
924,88,0,371,459
925,906,0,146,1052
926,372,0,759,1131
927,854,0,922,1776
928,563,0,643,1206
929,847,0,535,1382
930,635,0,350,985
931,233,0,335,568
932,195,0,829,1024
933,884,0,136,1020
934,772,0,422,1194
935,153,0,502,655
936,82,0,301,383
937,652,0,581,1233
938,250,0,911,1161
939,541,0,142,683
940,884,0,188,1072
941,532,0,507,1039
942,77,0,119,196
943,330,0,509,839
944,839,0,113,952
945,563,0,35,598
946,79,0,509,588
947,941,0,888,1829
948,269,0,617,886
949,361,0,123,484
950,500,0,252,752
951,77,0,656,733
952,440,0,767,1207
953,575,0,89,664
954,385,0,857,1242
955,219,0,26,245
956,626,0,369,995
957,8,0,399,407
958,227,0,457,684
959,903,0,144,1047
960,910,0,777,1687
961,426,0,47,473
962,745,0,432,1177
963,925,0,600,1525
964,978,0,918,1896
965,855,0,79,934
966,889,0,392,1281
967,580,0,896,1476
968,900,0,426,1326
969,361,0,619,980
970,157,0,813,970
971,388,0,331,719
972,472,0,345,817
973,896,0,659,1555
974,899,0,938,1837
975,842,0,401,1243
976,947,0,593,1540
977,263,0,812,1075
978,785,0,541,1326
979,623,0,134,757
980,770,0,848,1618
981,209,0,924,1133
982,920,0,610,1530
983,328,0,758,1086
984,83,0,977,1060
985,125,0,345,470
986,513,0,14,527
987,24,0,674,698
988,139,0,527,666
989,495,0,729,1224
990,278,0,572,850
991,208,0,984,1192
992,391,0,772,1163
993,454,0,232,686
994,646,0,498,1144
995,942,0,125,1067
996,454,0,877,1331
997,656,0,268,924
998,364,0,769,1133
999,154,0,661,815
1000,596,0,317,913
1001,360,0,712,1072
1002,13,0,680,693
1003,199,0,869,1068
1004,527,0,978,1505
1005,254,0,338,592
1006,68,0,993,1061
1007,115,0,524,639
1008,177,0,865,1042
1009,78,0,253,331
1010,53,0,373,426
1011,414,0,593,1007
1012,721,0,903,1624
1013,912,0,788,1700
1014,532,0,88,620
1015,657,0,37,694
1016,816,0,742,1558
1017,681,0,88,769
1018,606,0,546,1152
1019,564,0,268,832
1020,928,0,180,1108
1021,506,0,249,755
1022,486,0,357,843
1023,149,0,259,408
1024,233,0,664,897
1025,339,0,245,584
1026,625,0,20,645
1027,484,0,605,1089
1028,599,0,60,659
1029,746,0,245,991
1030,39,0,495,534
1031,235,0,476,711
1032,497,0,876,1373
1033,336,0,709,1045
1034,304,0,383,687
1035,408,0,93,501
1036,633,0,958,1591
1037,566,0,669,1235
1038,930,0,662,1592
1039,826,0,302,1128
1040,522,0,143,665
1041,11,0,89,100
1042,428,0,146,574
1043,605,0,647,1252
1044,273,0,509,782
1045,73,0,103,176
1046,753,0,126,879
1047,204,0,49,253
1048,191,0,738,929
1049,544,0,429,973
1050,869,0,804,1673
1051,484,0,648,1132
1052,694,0,79,773
1053,516,0,483,999
1054,616,0,386,1002
1055,551,0,448,999
1056,444,0,298,742
1057,876,0,773,1649
1058,135,0,693,828
1059,20,0,407,427
1060,404,0,599,1003
1061,609,0,744,1353
1062,572,0,40,612
1063,535,0,402,937
1064,623,0,646,1269
1065,301,0,58,359
1066,363,0,632,995
1067,316,0,0,316
1068,432,0,701,1133
1069,465,0,601,1066
1070,137,0,846,983
1071,105,0,963,1068
1072,718,0,756,1474
1073,432,0,622,1054
1074,429,0,997,1426
1075,803,0,126,929
1076,829,0,297,1126
1077,210,0,203,413
1078,940,0,626,1566
1079,162,0,918,1080
1080,956,0,864,1820
1081,800,0,426,1226
1082,848,0,28,876
1083,77,0,648,725
1084,459,0,355,814
1085,545,0,591,1136
1086,197,0,397,594
1087,701,0,686,1387
1088,652,0,348,1000
1089,65,0,546,611
1090,265,0,229,494
1091,759,0,881,1640
1092,696,0,959,1655
1093,891,0,63,954
1094,224,0,821,1045
1095,334,0,160,494
1096,268,0,92,360
1097,573,0,28,601
1098,573,0,252,825
1099,797,0,930,1727
1100,313,0,66,379
1101,667,0,231,898
1102,131,0,808,939
1103,718,0,795,1513
1104,991,0,933,1924
1105,684,0,866,1550
1106,77,0,191,268
1107,818,0,736,1554
1108,17,0,834,851
1109,936,0,304,1240
1110,795,0,185,980
1111,757,0,22,779
1112,730,0,799,1529
1113,177,0,300,477
1114,701,0,899,1600
1115,930,0,101,1031
1116,231,0,911,1142
1117,484,0,223,707
1118,219,0,654,873
1119,566,0,857,1423
1120,92,0,444,536
1121,297,0,377,674
1122,42,0,102,144
1123,829,0,719,1548
1124,239,0,979,1218
1125,209,0,123,332
1126,839,0,633,1472
1127,962,0,95,1057
1128,882,0,690,1572
1129,937,0,851,1788
1130,743,0,922,1665
1131,803,0,314,1117
1132,153,0,342,495
1133,509,0,147,656
1134,494,0,87,581
1135,236,0,988,1224
1136,596,0,436,1032
1137,266,0,742,1008
1138,479,0,575,1054
1139,848,0,207,1055
1140,960,0,455,1415
1141,241,0,281,522
1142,569,0,942,1511
1143,681,0,154,835
1144,698,0,254,952
1145,914,0,523,1437
1146,201,0,370,571
1147,292,0,892,1184
1148,446,0,688,1134
1149,727,0,803,1530
1150,280,0,338,618
1151,286,0,104,390
1152,756,0,76,832
1153,902,0,159,1061
1154,952,0,700,1652
1155,866,0,822,1688
1156,397,0,161,558
1157,381,0,561,942
1158,965,0,955,1920
1159,494,0,334,828
1160,338,0,755,1093
1161,851,0,956,1807
1162,285,0,837,1122
1163,886,0,454,1340
1164,329,0,659,988
1165,842,0,554,1396
1166,462,0,86,548
1167,360,0,208,568
1168,799,0,963,1762
1169,552,0,351,903
1170,918,0,314,1232
1171,727,0,923,1650
1172,810,0,853,1663
1173,397,0,309,706
1174,63,0,61,124
1175,162,0,156,318
1176,843,0,0,843
1177,761,0,261,1022
1178,450,0,884,1334
1179,514,0,107,621
1180,871,0,929,1800
1181,503,0,881,1384
1182,968,0,982,1950
1183,430,0,685,1115
1184,461,0,54,515
1185,176,0,649,825
1186,307,0,746,1053
1187,311,0,876,1187
1188,117,0,521,638
1189,465,0,775,1240
1190,985,0,999,1984
1191,291,0,82,373
1192,972,0,838,1810
1193,62,0,80,142
1194,24,0,544,568
1195,385,0,594,979
1196,580,0,423,1003
1197,387,0,585,972
1198,188,0,95,283
1199,776,0,247,1023
1200,306,0,309,615
1201,269,0,418,687
1202,774,0,153,927
1203,203,0,116,319
1204,47,0,615,662
1205,485,0,747,1232
1206,694,0,768,1462
1207,422,0,917,1339
1208,205,0,892,1097
1209,868,0,107,975
1210,102,0,641,743
1211,239,0,923,1162
1212,70,0,975,1045
1213,337,0,714,1051
1214,840,0,905,1745
1215,19,0,913,932
1216,167,0,931,1098
1217,462,0,278,740
1218,2,0,12,14
1219,363,0,701,1064
1220,96,0,261,357
1221,326,0,327,653
1222,161,0,654,815
1223,39,0,104,143
1224,581,0,303,884
1225,410,0,423,833
1226,622,0,458,1080
1227,773,0,97,870
1228,565,0,812,1377
1229,349,0,44,393
1230,220,0,18,238
1231,41,0,576,617
1232,504,0,347,851
1233,896,0,729,1625
1234,757,0,797,1554
1235,395,0,485,880
1236,517,0,996,1513
1237,365,0,184,549
1238,601,0,201,802
1239,911,0,813,1724
1240,426,0,156,582
1241,651,0,768,1419
1242,560,0,563,1123
1243,417,0,122,539
1244,231,0,914,1145
1245,51,0,784,835
1246,682,0,803,1485
1247,520,0,774,1294
1248,676,0,520,1196
1249,514,0,407,921
1250,137,0,777,914
1251,561,0,519,1080
1252,842,0,491,1333
1253,65,0,504,569
1254,612,0,493,1105
1255,343,0,58,401
1256,591,0,238,829
1257,502,0,351,853
1258,907,0,879,1786
1259,18,0,978,996
1260,616,0,692,1308
1261,343,0,937,1280
1262,861,0,598,1459
1263,772,0,809,1581
1264,773,0,892,1665
1265,367,0,581,948
1266,869,0,200,1069
1267,668,0,104,772
1268,342,0,579,921
1269,828,0,926,1754
1270,94,0,395,489
1271,981,0,406,1387
1272,718,0,517,1235
1273,885,0,280,1165
1274,794,0,186,980
1275,493,0,390,883
1276,527,0,16,543
1277,45,0,237,282
1278,349,0,945,1294
1279,742,0,37,779
1280,693,0,471,1164
1281,716,0,520,1236
1282,426,0,701,1127
1283,130,0,263,393
1284,986,0,98,1084
1285,246,0,366,612
1286,37,0,528,565
1287,904,0,748,1652
1288,531,0,635,1166
1289,850,0,369,1219
1290,744,0,928,1672
1291,201,0,433,634
1292,288,0,150,438
1293,545,0,960,1505
1294,783,0,467,1250
1295,816,0,636,1452
1296,182,0,371,553
1297,418,0,409,827
1298,262,0,337,599
1299,63,0,974,1037
1300,217,0,526,743
1301,688,0,746,1434
1302,163,0,662,825
1303,295,0,996,1291
1304,64,0,987,1051
1305,233,0,961,1194
1306,36,0,842,878
1307,112,0,997,1109
1308,519,0,564,1083
1309,870,0,62,932
1310,984,0,306,1290
1311,861,0,866,1727
1312,201,0,504,705
1313,638,0,123,761
1314,505,0,768,1273
1315,653,0,22,675
1316,24,0,1,25
1317,731,0,222,953
1318,199,0,629,828
1319,216,0,531,747
1320,523,0,226,749
1321,982,0,635,1617
1322,107,0,721,828
1323,680,0,132,812
1324,112,0,413,525
1325,32,0,823,855
1326,691,0,502,1193
1327,903,0,209,1112
1328,267,0,718,985
1329,606,0,31,637
1330,173,0,117,290
1331,595,0,571,1166
1332,137,0,13,150
1333,731,0,162,893
1334,893,0,548,1441
1335,838,0,592,1430
1336,591,0,127,718
1337,180,0,186,366
1338,569,0,176,745
1339,213,0,172,385
1340,585,0,908,1493
1341,335,0,329,664
1342,143,0,218,361
1343,995,0,696,1691
1344,137,0,121,258
1345,278,0,559,837
1346,160,0,172,332
1347,3,0,247,250
1348,805,0,929,1734
1349,575,0,647,1222
1350,454,0,695,1149
1351,382,0,731,1113
1352,493,0,589,1082
1353,348,0,642,990
1354,403,0,576,979
1355,733,0,274,1007
1356,144,0,281,425
1357,1,0,710,711
1358,96,0,778,874
1359,981,0,1000,1981
1360,615,0,373,988
1361,391,0,616,1007
1362,390,0,847,1237
1363,109,0,605,714
1364,82,0,49,131
1365,354,0,215,569
1366,759,0,726,1485
1367,613,0,643,1256
1368,138,0,443,581
1369,226,0,861,1087
1370,531,0,764,1295
1371,427,0,806,1233
1372,256,0,789,1045
1373,690,0,558,1248
1374,523,0,520,1043
1375,107,0,608,715
1376,721,0,44,765
1377,632,0,676,1308
1378,304,0,504,808
1379,223,0,364,587
1380,126,0,78,204
1381,552,0,513,1065
1382,96,0,454,550
1383,743,0,678,1421
1384,838,0,906,1744
1385,999,0,803,1802
1386,746,0,736,1482
1387,880,0,569,1449
1388,720,0,519,1239
1389,720,0,734,1454
1390,838,0,134,972
1391,629,0,326,955
1392,312,0,21,333
1393,795,0,797,1592
1394,961,0,527,1488
1395,72,0,3,75
1396,697,0,573,1270
1397,413,0,831,1244
1398,216,0,29,245
1399,660,0,711,1371
1400,548,0,588,1136
1401,254,0,974,1228
1402,958,0,448,1406
1403,573,0,713,1286
1404,282,0,850,1132
1405,226,0,532,758
1406,476,0,715,1191
1407,302,0,255,557
1408,530,0,593,1123
1409,418,0,390,808
1410,673,0,379,1052
1411,314,0,140,454
1412,779,0,273,1052
1413,461,0,143,604
1414,553,0,488,1041
1415,624,0,908,1532
1416,195,0,573,768
1417,450,0,167,617
1418,75,0,742,817
1419,136,0,208,344
1420,526,0,0,526
1421,849,0,27,876
1422,367,0,110,477
1423,251,0,682,933
1424,800,0,213,1013
1425,202,0,970,1172
1426,256,0,426,682
1427,745,0,226,971
1428,410,0,424,834
1429,95,0,13,108
1430,978,0,668,1646
1431,837,0,78,915
1432,428,0,948,1376
1433,307,0,526,833
1434,951,0,379,1330
1435,947,0,264,1211
1436,609,0,354,963
1437,655,0,771,1426
1438,877,0,400,1277
1439,458,0,126,584
1440,149,0,163,312
1441,363,0,553,916
1442,74,0,620,694
1443,669,0,423,1092
1444,600,0,705,1305
1445,901,0,451,1352
1446,461,0,836,1297
1447,862,0,609,1471
1448,969,0,663,1632
1449,771,0,993,1764
1450,227,0,208,435
1451,253,0,308,561
1452,28,0,983,1011
1453,548,0,662,1210
1454,749,0,710,1459
1455,236,0,407,643
1456,437,0,260,697
1457,109,0,193,302
1458,274,0,285,559
1459,898,0,579,1477
1460,811,0,222,1033
1461,414,0,687,1101
1462,278,0,951,1229
1463,38,0,141,179
1464,646,0,301,947
1465,339,0,249,588
1466,784,0,798,1582
1467,146,0,458,604
1468,690,0,391,1081
1469,697,0,796,1493
1470,104,0,942,1046
1471,39,0,247,286
1472,104,0,800,904
1473,405,0,264,669
1474,865,0,649,1514
1475,799,0,273,1072
1476,317,0,647,964
1477,827,0,839,1666
1478,394,0,510,904
1479,599,0,772,1371
1480,2,0,797,799
1481,542,0,733,1275
1482,813,0,370,1183
1483,220,0,847,1067
1484,434,0,495,929
1485,89,0,647,736
1486,37,0,866,903
1487,605,0,509,1114
1488,398,0,101,499
1489,217,0,479,696
1490,614,0,553,1167
1491,318,0,730,1048
1492,821,0,143,964
1493,451,0,525,976
1494,297,0,810,1107
1495,896,0,634,1530
1496,346,0,773,1119
1497,694,0,509,1203
1498,259,0,910,1169
1499,92,0,29,121
1500,90,0,399,489
1501,474,0,233,707
1502,526,0,919,1445
1503,803,0,163,966
1504,594,0,280,874
1505,337,0,405,742
1506,202,0,620,822
1507,680,0,658,1338
1508,183,0,804,987
1509,330,0,664,994
1510,768,0,398,1166
1511,529,0,440,969
1512,257,0,949,1206
1513,598,0,600,1198
1514,711,0,37,748
1515,637,0,677,1314
1516,665,0,375,1040
1517,548,0,869,1417
1518,439,0,332,771
1519,904,0,108,1012
1520,685,0,631,1316
1521,669,0,745,1414
1522,379,0,23,402
1523,112,0,88,200
1524,946,0,208,1154
1525,840,0,528,1368
1526,335,0,426,761
1527,269,0,724,993
1528,919,0,718,1637
1529,114,0,591,705
1530,125,0,679,804
1531,824,0,638,1462
1532,7,0,103,110
1533,361,0,223,584
1534,592,0,32,624
1535,519,0,863,1382
1536,263,0,79,342
1537,994,0,974,1968
1538,547,0,436,983
1539,487,0,444,931
1540,332,0,921,1253
1541,402,0,951,1353
1542,218,0,497,715
1543,587,0,884,1471
1544,849,0,403,1252
1545,277,0,967,1244
1546,574,0,670,1244
1547,330,0,961,1291
1548,533,0,330,863
1549,735,0,582,1317
1550,787,0,297,1084
1551,669,0,444,1113
1552,429,0,280,709
1553,201,0,433,634
1554,107,0,961,1068
1555,130,0,149,279
1556,70,0,233,303
1557,809,0,177,986
1558,72,0,98,170
1559,311,0,640,951
1560,955,0,727,1682
1561,10,0,935,945
1562,263,0,64,327
1563,7,0,969,976
1564,262,0,958,1220
1565,846,0,20,866
1566,68,0,525,593
1567,381,0,431,812
1568,744,0,463,1207
1569,38,0,579,617
1570,398,0,74,472
1571,117,0,894,1011
1572,446,0,23,469
1573,37,0,451,488
1574,933,0,748,1681
1575,638,0,613,1251
1576,176,0,784,960
1577,565,0,131,696
1578,177,0,649,826
1579,114,0,378,492
1580,253,0,34,287
1581,123,0,946,1069
1582,438,0,494,932
1583,119,0,405,524
1584,71,0,528,599
1585,918,0,788,1706
1586,484,0,677,1161
1587,622,0,387,1009
1588,738,0,545,1283
1589,99,0,833,932
1590,553,0,282,835
1591,762,0,417,1179
1592,493,0,74,567
1593,910,0,71,981
1594,430,0,918,1348
1595,365,0,116,481
1596,325,0,540,865
1597,677,0,822,1499
1598,708,0,239,947
1599,773,0,80,853
1600,384,0,17,401
1601,760,0,609,1369
1602,363,0,138,501
1603,983,0,922,1905
1604,453,0,143,596
1605,360,0,811,1171
1606,279,0,677,956
1607,269,0,238,507
1608,656,0,327,983
1609,702,0,748,1450
1610,81,0,841,922
1611,637,0,595,1232
1612,439,0,24,463
1613,551,0,711,1262
1614,277,0,416,693
1615,870,0,854,1724
1616,680,0,185,865
1617,59,0,835,894
1618,543,0,50,593
1619,255,0,700,955
1620,224,0,296,520
1621,520,0,464,984
1622,323,0,72,395
1623,970,0,789,1759
1624,895,0,606,1501
1625,668,0,868,1536
1626,428,0,847,1275
1627,616,0,767,1383
1628,496,0,17,513
1629,717,0,147,864
1630,963,0,541,1504
1631,563,0,513,1076
1632,777,0,522,1299
1633,290,0,575,865
1634,918,0,135,1053
1635,921,0,507,1428
1636,733,0,889,1622
1637,489,0,543,1032
1638,765,0,399,1164
1639,586,0,371,957
1640,10,0,253,263
1641,101,0,688,789
1642,55,0,8,63
1643,248,0,151,399
1644,705,0,566,1271
1645,417,0,898,1315
1646,964,0,21,985
1647,223,0,206,429
1648,338,0,218,556
1649,264,0,257,521
1650,202,0,526,728
1651,183,0,97,280
1652,520,0,631,1151
1653,245,0,758,1003
1654,160,0,134,294
1655,637,0,267,904
1656,728,0,104,832
1657,435,0,629,1064
1658,984,0,982,1966
1659,100,0,305,405
1660,762,0,273,1035
1661,941,0,121,1062
1662,911,0,857,1768
1663,299,0,20,319
1664,833,0,807,1640
1665,231,0,775,1006
1666,331,0,826,1157
1667,613,0,703,1316
1668,661,0,213,874
1669,368,0,931,1299
1670,857,0,722,1579
1671,390,0,732,1122
1672,238,0,704,942
1673,830,0,206,1036
1674,367,0,518,885
1675,981,0,727,1708
1676,135,0,346,481
1677,793,0,30,823
1678,279,0,564,843
1679,477,0,503,980
1680,687,0,22,709
1681,157,0,184,341
1682,109,0,160,269
1683,816,0,873,1689
1684,458,0,945,1403
1685,347,0,310,657
1686,106,0,364,470
1687,594,0,691,1285
1688,532,0,800,1332
1689,8,0,239,247
1690,861,0,365,1226
1691,864,0,326,1190
1692,467,0,302,769
1693,496,0,980,1476
1694,955,0,261,1216
1695,730,0,168,898
1696,325,0,652,977
1697,538,0,348,886
1698,323,0,753,1076
1699,14,0,168,182
1700,621,0,997,1618
1701,929,0,253,1182
1702,939,0,192,1131
1703,623,0,679,1302
1704,485,0,921,1406
1705,639,0,76,715
1706,28,0,698,726
1707,188,0,552,740
1708,316,0,959,1275
1709,662,0,847,1509
1710,310,0,766,1076
1711,403,0,610,1013
1712,273,0,135,408
1713,503,0,585,1088
1714,13,0,28,41
1715,512,0,836,1348
1716,458,0,844,1302
1717,716,0,225,941
1718,244,0,120,364
1719,162,0,376,538
1720,389,0,670,1059
1721,90,0,182,272
1722,533,0,127,660
1723,785,0,519,1304
1724,616,0,805,1421
1725,394,0,921,1315
1726,818,0,373,1191
1727,314,0,673,987
1728,581,0,736,1317
1729,433,0,784,1217
1730,385,0,150,535
1731,703,0,115,818
1732,936,0,313,1249
1733,770,0,399,1169
1734,268,0,943,1211
1735,326,0,350,676
1736,210,0,659,869
1737,801,0,100,901
1738,88,0,369,457
1739,19,0,380,399
1740,323,0,133,456
1741,186,0,553,739
1742,437,0,825,1262
1743,30,0,831,861
1744,222,0,28,250
1745,416,0,965,1381
1746,128,0,364,492
1747,508,0,328,836
1748,836,0,273,1109
1749,875,0,904,1779
1750,709,0,282,991
1751,143,0,641,784
1752,485,0,316,801
1753,882,0,86,968
1754,476,0,89,565
1755,447,0,759,1206
1756,851,0,711,1562
1757,396,0,416,812
1758,244,0,430,674
1759,670,0,50,720
1760,341,0,56,397
1761,615,0,37,652
1762,681,0,948,1629
1763,224,0,663,887
1764,651,0,487,1138
1765,552,0,862,1414
1766,42,0,603,645
1767,885,0,91,976
1768,117,0,488,605
1769,327,0,483,810
1770,228,0,948,1176
1771,52,0,717,769
1772,432,0,760,1192
1773,758,0,52,810
1774,255,0,754,1009
1775,200,0,703,903
1776,195,0,928,1123
1777,158,0,104,262
1778,86,0,732,818
1779,371,0,516,887
1780,847,0,379,1226
1781,725,0,871,1596
1782,8,0,100,108
1783,525,0,797,1322
1784,285,0,117,402
1785,127,0,245,372
1786,537,0,435,972
1787,605,0,854,1459
1788,119,0,319,438
1789,486,0,363,849
1790,307,0,771,1078
1791,437,0,119,556
1792,774,0,851,1625
1793,845,0,541,1386
1794,415,0,945,1360
1795,615,0,140,755
1796,863,0,357,1220
1797,938,0,872,1810
1798,714,0,978,1692
1799,847,0,737,1584
1800,393,0,580,973
1801,592,0,821,1413
1802,335,0,921,1256
1803,601,0,85,686
1804,737,0,929,1666
1805,304,0,270,574
1806,981,0,371,1352
1807,259,0,205,464
1808,244,0,951,1195
1809,292,0,48,340
1810,950,0,912,1862
1811,249,0,443,692
1812,740,0,483,1223
1813,18,0,888,906
1814,768,0,395,1163
1815,407,0,418,825
1816,910,0,492,1402
1817,634,0,171,805
1818,135,0,996,1131
1819,189,0,268,457
1820,956,0,19,975
1821,721,0,807,1528
1822,8,0,715,723
1823,437,0,521,958
1824,692,0,737,1429
1825,478,0,33,511
1826,889,0,821,1710
1827,247,0,856,1103
1828,677,0,26,703
1829,755,0,963,1718
1830,959,0,551,1510
1831,933,0,759,1692
1832,682,0,784,1466
1833,847,0,301,1148
1834,45,0,479,524
1835,974,0,692,1666
1836,533,0,240,773
1837,93,0,20,113
1838,561,0,291,852
1839,437,0,929,1366
1840,939,0,906,1845
1841,951,0,970,1921
1842,160,0,855,1015
1843,708,0,61,769
1844,21,0,776,797
1845,827,0,739,1566
1846,114,0,476,590
1847,763,0,341,1104
1848,423,0,258,681
1849,650,0,261,911
1850,227,0,666,893
1851,58,0,520,578
1852,115,0,404,519
1853,211,0,654,865
1854,283,0,490,773
1855,139,0,954,1093
1856,416,0,418,834
1857,538,0,823,1361
1858,908,0,80,988
1859,571,0,619,1190
1860,601,0,319,920
1861,605,0,962,1567
1862,599,0,419,1018
1863,488,0,687,1175
1864,687,0,809,1496
1865,22,0,390,412
1866,874,0,184,1058
1867,83,0,542,625
1868,300,0,205,505
1869,288,0,968,1256
1870,579,0,652,1231
1871,91,0,315,406
1872,235,0,16,251
1873,691,0,267,958
1874,252,0,80,332
1875,897,0,467,1364
1876,866,0,235,1101
1877,936,0,99,1035
1878,235,0,281,516
1879,106,0,482,588
1880,921,0,712,1633
1881,617,0,187,804
1882,318,0,589,907
1883,56,0,520,576
1884,548,0,282,830
1885,210,0,705,915
1886,716,0,846,1562
1887,233,0,63,296
1888,638,0,885,1523
1889,491,0,674,1165
1890,705,0,104,809
1891,985,0,235,1220
1892,992,0,378,1370
1893,982,0,552,1534
1894,821,0,779,1600
1895,679,0,369,1048
1896,495,0,130,625
1897,444,0,148,592
1898,435,0,940,1375
1899,624,0,763,1387
1900,689,0,293,982
1901,425,0,986,1411
1902,141,0,370,511
1903,847,0,228,1075
1904,517,0,998,1515
1905,988,0,668,1656
1906,611,0,34,645
1907,98,0,967,1065
1908,87,0,663,750
1909,288,0,868,1156
1910,64,0,8,72
1911,220,0,86,306
1912,189,0,366,555
1913,353,0,808,1161
1914,75,0,311,386
1915,973,0,538,1511
1916,645,0,445,1090
1917,742,0,917,1659
1918,796,0,652,1448
1919,592,0,987,1579
1920,725,0,755,1480
1921,657,0,720,1377
1922,100,0,894,994
1923,314,0,786,1100
1924,383,0,681,1064
1925,206,0,262,468
1926,998,0,207,1205
1927,777,0,791,1568
1928,373,0,982,1355
1929,709,0,278,987
1930,642,0,17,659
1931,348,0,505,853
1932,272,0,95,367
1933,158,0,835,993
1934,13,0,434,447
1935,470,0,629,1099
1936,98,0,435,533
1937,943,0,449,1392
1938,371,0,936,1307
1939,305,0,122,427
1940,693,0,510,1203
1941,584,0,415,999
1942,129,0,131,260
1943,783,0,547,1330
1944,406,0,647,1053
1945,676,0,389,1065
1946,410,0,665,1075
1947,627,0,947,1574
1948,69,0,964,1033
1949,366,0,24,390
1950,188,0,85,273
1951,896,0,705,1601
1952,755,0,333,1088
1953,305,0,126,431
1954,487,0,692,1179
1955,411,0,572,983
1956,873,0,553,1426
1957,527,0,389,916
1958,179,0,73,252
1959,680,0,262,942
1960,57,0,30,87
1961,857,0,512,1369
1962,721,0,570,1291
1963,712,0,582,1294
1964,110,0,540,650
1965,91,0,362,453
1966,741,0,901,1642
1967,754,0,660,1414
1968,384,0,727,1111
1969,229,0,341,570
1970,136,0,589,725
1971,317,0,353,670
1972,104,0,180,284
1973,913,0,871,1784
1974,226,0,73,299
1975,831,0,969,1800
1976,799,0,417,1216
1977,264,0,815,1079
1978,244,0,829,1073
1979,194,0,550,744
1980,166,0,251,417
1981,8,0,773,781
1982,114,0,507,621
1983,41,0,533,574
1984,293,0,80,373
1985,845,0,754,1599
1986,978,0,317,1295
1987,445,0,573,1018
1988,917,0,851,1768
1989,953,0,205,1158
1990,272,0,445,717
1991,400,0,161,561
1992,444,0,892,1336
1993,637,0,210,847
1994,511,0,631,1142
1995,434,0,898,1332
1996,744,0,217,961
1997,845,0,520,1365
1998,578,0,597,1175
1999,664,0,957,1621
2000,993,0,653,1646
2001,178,0,2,180
2002,149,0,355,504
2003,960,0,117,1077
2004,735,0,29,764
2005,323,0,646,969
2006,346,0,945,1291
2007,209,0,73,282
2008,565,0,860,1425
2009,325,0,353,678
2010,102,0,912,1014
2011,129,0,190,319
2012,582,0,752,1334
2013,741,0,803,1544
2014,570,0,279,849
2015,422,0,993,1415
2016,812,0,111,923
2017,700,0,137,837
2018,477,0,475,952
2019,298,0,905,1203
2020,330,0,336,666
2021,685,0,707,1392
2022,650,0,919,1569
2023,211,0,355,566
2024,674,0,720,1394
2025,413,0,403,816
2026,952,0,504,1456
2027,567,0,85,652
2028,608,0,664,1272
2029,645,0,220,865
2030,484,0,796,1280
2031,412,0,338,750
2032,636,0,229,865
2033,929,0,647,1576
2034,980,0,472,1452
2035,159,0,46,205
2036,93,0,863,956
2037,940,0,973,1913
2038,19,0,330,349
2039,941,0,594,1535
2040,748,0,391,1139
2041,385,0,930,1315
2042,994,0,300,1294
2043,762,0,541,1303
2044,530,0,748,1278
2045,151,0,975,1126
2046,563,0,307,870
2047,178,0,228,406
2048,426,0,186,612
2049,573,0,766,1339
2050,311,0,873,1184
2051,411,0,502,913
2052,623,0,597,1220
2053,61,0,618,679
2054,694,0,513,1207
2055,199,0,790,989
2056,780,0,631,1411
2057,212,0,219,431
2058,816,0,566,1382
2059,868,0,648,1516
2060,794,0,633,1427
2061,455,0,355,810
2062,632,0,357,989
2063,408,0,195,603
2064,284,0,608,892
2065,449,0,71,520
2066,746,0,102,848
2067,642,0,817,1459
2068,252,0,657,909
2069,491,0,369,860
2070,30,0,153,183
2071,643,0,998,1641
2072,18,0,682,700
2073,338,0,510,848
2074,249,0,371,620
2075,404,0,949,1353
2076,782,0,616,1398
2077,940,0,771,1711
2078,242,0,296,538
2079,64,0,618,682
2080,407,0,510,917
2081,930,0,795,1725
2082,173,0,766,939
2083,849,0,845,1694
2084,884,0,837,1721
2085,299,0,171,470
2086,739,0,522,1261
2087,33,0,767,800
2088,56,0,132,188
2089,958,0,967,1925
2090,468,0,162,630
2091,471,0,826,1297
2092,963,0,967,1930
2093,241,0,465,706
2094,573,0,569,1142
2095,733,0,238,971
2096,54,0,147,201
2097,84,0,144,228
2098,49,0,972,1021
2099,119,0,714,833
2100,265,0,988,1253
2101,392,0,575,967
2102,392,0,148,540
2103,639,0,704,1343
2104,798,0,312,1110
2105,812,0,639,1451
2106,390,0,152,542
2107,698,0,747,1445
2108,904,0,685,1589
2109,329,0,8,337
2110,630,0,703,1333
2111,422,0,843,1265
2112,319,0,888,1207
2113,548,0,58,606
2114,765,0,538,1303
2115,816,0,740,1556
2116,570,0,364,934
2117,171,0,590,761
2118,109,0,236,345
2119,882,0,838,1720
2120,7,0,427,434
2121,54,0,800,854
2122,721,0,539,1260
2123,113,0,876,989
2124,983,0,104,1087
2125,955,0,913,1868
2126,862,0,505,1367
2127,646,0,43,689
2128,303,0,267,570
2129,470,0,674,1144
2130,539,0,796,1335
2131,483,0,429,912
2132,70,0,104,174
2133,871,0,28,899
2134,6,0,755,761
2135,524,0,836,1360
2136,151,0,824,975
2137,746,0,185,931
2138,451,0,206,657
2139,54,0,842,896
2140,527,0,328,855
2141,76,0,399,475
2142,873,0,578,1451
2143,147,0,318,465
2144,454,0,680,1134
2145,986,0,641,1627
2146,765,0,778,1543
2147,370,0,863,1233
2148,736,0,707,1443
2149,914,0,220,1134
2150,350,0,183,533
2151,67,0,929,996
2152,747,0,413,1160
2153,919,0,655,1574
2154,331,0,150,481
2155,675,0,784,1459
2156,577,0,234,811
2157,293,0,537,830
2158,588,0,397,985
2159,886,0,254,1140
2160,877,0,591,1468
2161,157,0,410,567
2162,322,0,971,1293
2163,437,0,864,1301
2164,578,0,728,1306
2165,364,0,27,391
2166,772,0,704,1476
2167,190,0,841,1031
2168,364,0,51,415
2169,667,0,286,953
2170,26,0,405,431
2171,828,0,710,1538
2172,488,0,164,652
2173,94,0,85,179
2174,820,0,616,1436
2175,591,0,499,1090
2176,30,0,806,836
2177,197,0,356,553
2178,11,0,38,49
2179,201,0,614,815
2180,814,0,60,874
2181,1000,0,161,1161
2182,887,0,323,1210
2183,157,0,883,1040
2184,504,0,576,1080
2185,943,0,965,1908
2186,558,0,696,1254
2187,13,0,224,237
2188,737,0,152,889
2189,777,0,183,960
2190,356,0,506,862
2191,724,0,958,1682
2192,890,0,870,1760
2193,60,0,872,932
2194,943,0,237,1180
2195,53,0,773,826
2196,719,0,171,890
2197,974,0,115,1089
2198,479,0,292,771
2199,717,0,105,822
2200,918,0,608,1526
2201,341,0,834,1175
2202,928,0,906,1834
2203,521,0,852,1373
2204,112,0,487,599
2205,341,0,978,1319
2206,995,0,294,1289
2207,838,0,630,1468
2208,646,0,698,1344
2209,343,0,969,1312
2210,53,0,111,164
2211,59,0,822,881
2212,83,0,595,678
2213,798,0,381,1179
2214,855,0,901,1756
2215,455,0,857,1312
2216,677,0,913,1590
2217,519,0,507,1026
2218,847,0,677,1524
2219,830,0,537,1367
2220,588,0,65,653
2221,59,0,531,590
2222,486,0,853,1339
2223,114,0,318,432
2224,921,0,202,1123
2225,661,0,485,1146
2226,22,0,903,925
2227,631,0,697,1328
2228,712,0,465,1177
2229,378,0,221,599
2230,62,0,15,77
2231,568,0,620,1188
2232,244,0,369,613
2233,165,0,608,773
2234,535,0,532,1067
2235,542,0,699,1241
2236,60,0,376,436
2237,247,0,642,889
2238,314,0,61,375
2239,932,0,144,1076
2240,86,0,934,1020
2241,173,0,314,487
2242,724,0,805,1529
2243,861,0,216,1077
2244,812,0,837,1649
2245,274,0,49,323
2246,397,0,974,1371
2247,938,0,66,1004
2248,59,0,899,958
2249,103,0,829,932
2250,3,0,122,125
2251,412,0,232,644
2252,48,0,245,293
2253,900,0,200,1100
2254,0,0,831,831
2255,138,0,173,311
2256,689,0,748,1437
2257,315,0,307,622
2258,145,0,458,603
2259,694,0,792,1486
2260,208,0,952,1160
2261,697,0,336,1033
2262,13,0,364,377
2263,577,0,43,620
2264,51,0,229,280
2265,880,0,585,1465
2266,81,0,527,608
2267,779,0,383,1162
2268,294,0,707,1001
2269,230,0,814,1044
2270,494,0,194,688
2271,127,0,984,1111
2272,622,0,960,1582
2273,560,0,650,1210
2274,283,0,839,1122
2275,61,0,594,655
2276,408,0,578,986
2277,138,0,857,995
2278,560,0,854,1414
2279,700,0,266,966
2280,374,0,37,411
2281,337,0,648,985
2282,867,0,531,1398
2283,236,0,161,397
2284,228,0,904,1132
2285,58,0,970,1028
2286,229,0,548,777
2287,599,0,30,629
2288,187,0,106,293
2289,723,0,125,848
2290,996,0,579,1575
2291,756,0,12,768
2292,520,0,111,631
2293,532,0,591,1123
2294,893,0,906,1799
2295,451,0,238,689
2296,514,0,719,1233
2297,977,0,775,1752
2298,609,0,74,683
2299,587,0,823,1410
2300,169,0,226,395
2301,421,0,654,1075
2302,893,0,426,1319
2303,982,0,200,1182
2304,738,0,947,1685
2305,987,0,308,1295
2306,139,0,84,223
2307,995,0,420,1415
2308,459,0,602,1061
2309,947,0,663,1610
2310,798,0,384,1182
2311,749,0,706,1455
2312,179,0,610,789
2313,387,0,414,801
2314,599,0,291,890
2315,845,0,159,1004
2316,184,0,739,923
2317,972,0,1000,1972
2318,334,0,790,1124
2319,347,0,547,894
2320,374,0,370,744
2321,260,0,748,1008
2322,687,0,976,1663
2323,405,0,665,1070
2324,293,0,25,318
2325,865,0,769,1634
2326,966,0,63,1029
2327,809,0,181,990
2328,200,0,248,448
2329,565,0,375,940
2330,979,0,135,1114
2331,208,0,203,411
2332,449,0,823,1272
2333,723,0,553,1276
2334,831,0,337,1168
2335,570,0,344,914
2336,390,0,232,622
2337,137,0,146,283
2338,903,0,381,1284
2339,786,0,635,1421
2340,275,0,381,656
2341,852,0,139,991
2342,75,0,941,1016
2343,722,0,6,728
2344,171,0,528,699
2345,692,0,974,1666
2346,620,0,551,1171
2347,257,0,358,615
2348,270,0,559,829
2349,645,0,474,1119
2350,388,0,857,1245
2351,51,0,586,637
2352,879,0,36,915
2353,920,0,257,1177
2354,742,0,947,1689
2355,961,0,639,1600
2356,680,0,476,1156
2357,89,0,77,166
2358,967,0,60,1027
2359,33,0,987,1020
2360,100,0,62,162
2361,485,0,258,743
2362,985,0,9,994
2363,667,0,224,891
2364,116,0,105,221
2365,227,0,541,768
2366,515,0,357,872
2367,757,0,210,967
2368,620,0,124,744
2369,822,0,316,1138
2370,297,0,69,366
2371,723,0,257,980
2372,228,0,482,710
2373,892,0,38,930
2374,200,0,512,712
2375,725,0,804,1529
2376,935,0,84,1019
2377,588,0,940,1528
2378,776,0,79,855
2379,990,0,994,1984
2380,410,0,35,445
2381,935,0,718,1653
2382,127,0,48,175
2383,416,0,399,815
2384,617,0,241,858
2385,625,0,750,1375
2386,726,0,33,759
2387,883,0,3,886
2388,323,0,679,1002
2389,909,0,733,1642
2390,280,0,185,465
2391,460,0,791,1251
2392,646,0,133,779
2393,420,0,143,563
2394,67,0,165,232
2395,243,0,164,407
2396,232,0,943,1175
2397,986,0,633,1619
2398,309,0,326,635
2399,232,0,16,248
2400,805,0,534,1339
2401,268,0,307,575
2402,792,0,459,1251
2403,281,0,508,789
2404,974,0,561,1535
2405,233,0,920,1153
2406,644,0,359,1003
2407,503,0,980,1483
2408,905,0,308,1213
2409,595,0,454,1049
2410,398,0,639,1037
2411,661,0,563,1224
2412,590,0,275,865
2413,166,0,57,223
2414,730,0,866,1596
2415,995,0,646,1641
2416,443,0,391,834
2417,555,0,423,978
2418,407,0,46,453
2419,927,0,333,1260
2420,962,0,69,1031
2421,942,0,87,1029
2422,380,0,76,456
2423,287,0,934,1221
2424,260,0,870,1130
2425,699,0,326,1025
2426,482,0,983,1465
2427,20,0,679,699
2428,229,0,775,1004
2429,578,0,958,1536
2430,14,0,261,275
2431,43,0,974,1017
2432,975,0,815,1790
2433,329,0,684,1013
2434,881,0,408,1289
2435,681,0,837,1518
2436,305,0,402,707
2437,906,0,125,1031
2438,587,0,217,804
2439,528,0,735,1263
2440,287,0,328,615
2441,45,0,594,639
2442,9,0,157,166
2443,483,0,130,613
2444,740,0,561,1301
2445,947,0,247,1194
2446,611,0,82,693
2447,439,0,744,1183
2448,408,0,661,1069
2449,334,0,281,615
2450,779,0,158,937
2451,512,0,138,650
2452,446,0,798,1244
2453,3,0,320,323
2454,398,0,127,525
2455,849,0,876,1725
2456,737,0,67,804
2457,140,0,906,1046
2458,134,0,329,463
2459,727,0,279,1006
2460,378,0,592,970
2461,248,0,797,1045
2462,76,0,800,876
2463,817,0,446,1263
2464,849,0,986,1835
2465,536,0,190,726
2466,530,0,189,719
2467,391,0,71,462
2468,756,0,241,997
2469,375,0,59,434
2470,687,0,808,1495
2471,618,0,586,1204
2472,141,0,245,386
2473,377,0,47,424
2474,536,0,292,828
2475,848,0,381,1229
2476,525,0,903,1428
2477,144,0,609,753
2478,598,0,47,645
2479,726,0,824,1550
2480,988,0,810,1798
2481,359,0,685,1044
2482,721,0,186,907
2483,330,0,819,1149
2484,272,0,248,520
2485,446,0,285,731
2486,767,0,202,969
2487,238,0,500,738
2488,98,0,919,1017
2489,487,0,924,1411
2490,739,0,905,1644
2491,198,0,213,411
2492,752,0,996,1748
2493,761,0,238,999
2494,199,0,848,1047
2495,89,0,125,214
2496,624,0,35,659
2497,885,0,364,1249
2498,487,0,894,1381
2499,418,0,506,924
2500,636,0,611,1247
2501,932,0,418,1350
2502,93,0,462,555
2503,643,0,321,964
2504,312,0,436,748
2505,941,0,866,1807
2506,945,0,147,1092
2507,594,0,975,1569
2508,370,0,559,929
2509,77,0,807,884
2510,68,0,324,392
2511,393,0,571,964
2512,638,0,315,953
2513,73,0,400,473
2514,339,0,969,1308
2515,134,0,641,775
2516,299,0,624,923
2517,716,0,681,1397
2518,160,0,931,1091
2519,754,0,233,987
2520,570,0,735,1305
2521,553,0,574,1127
2522,500,0,318,818
2523,646,0,793,1439
2524,226,0,170,396
2525,891,0,127,1018
2526,17,0,8,25
2527,83,0,379,462
2528,829,0,52,881
2529,292,0,149,441
2530,421,0,129,550
2531,887,0,182,1069
2532,828,0,824,1652
2533,556,0,17,573
2534,504,0,20,524
2535,859,0,285,1144
2536,341,0,63,404
2537,997,0,991,1988
2538,219,0,246,465
2539,272,0,360,632
2540,492,0,694,1186
2541,630,0,155,785
2542,47,0,323,370
2543,706,0,47,753
2544,968,0,425,1393
2545,595,0,508,1103
2546,330,0,29,359
2547,157,0,811,968
2548,929,0,964,1893
2549,847,0,19,866
2550,884,0,123,1007
2551,53,0,995,1048
2552,94,0,127,221
2553,86,0,956,1042
2554,354,0,615,969
2555,616,0,827,1443
2556,451,0,732,1183
2557,181,0,414,595
2558,651,0,860,1511
2559,921,0,151,1072
2560,815,0,538,1353
2561,702,0,303,1005
2562,881,0,284,1165
2563,245,0,662,907
2564,898,0,894,1792
2565,169,0,514,683
2566,185,0,541,726
2567,552,0,567,1119
2568,865,0,660,1525
2569,210,0,590,800
2570,331,0,416,747
2571,521,0,52,573
2572,507,0,166,673
2573,115,0,381,496
2574,806,0,632,1438
2575,986,0,400,1386
2576,795,0,656,1451
2577,682,0,462,1144
2578,481,0,490,971
2579,640,0,91,731
2580,989,0,637,1626
2581,446,0,449,895
2582,256,0,272,528
2583,722,0,240,962
2584,760,0,834,1594
2585,901,0,45,946
2586,263,0,450,713
2587,231,0,184,415
2588,365,0,243,608
2589,249,0,124,373
2590,495,0,400,895
2591,383,0,349,732
2592,628,0,835,1463
2593,917,0,737,1654
2594,350,0,356,706
2595,153,0,213,366
2596,836,0,301,1137
2597,826,0,592,1418
2598,413,0,728,1141
2599,462,0,482,944
2600,516,0,145,661
2601,710,0,865,1575
2602,508,0,445,953
2603,593,0,71,664
2604,420,0,151,571
2605,114,0,530,644
2606,957,0,309,1266
2607,446,0,815,1261
2608,166,0,483,649
2609,666,0,200,866
2610,670,0,485,1155
2611,465,0,146,611
2612,935,0,955,1890
2613,823,0,434,1257
2614,549,0,578,1127
2615,707,0,931,1638
2616,107,0,930,1037
2617,241,0,466,707
2618,625,0,264,889
2619,105,0,513,618
2620,79,0,87,166
2621,802,0,104,906
2622,722,0,781,1503
2623,564,0,920,1484
2624,465,0,909,1374
2625,329,0,793,1122
2626,433,0,957,1390
2627,521,0,152,673
2628,958,0,293,1251
2629,191,0,642,833
2630,237,0,610,847
2631,196,0,659,855
2632,555,0,704,1259
2633,673,0,104,777
2634,585,0,912,1497
2635,582,0,396,978
2636,848,0,296,1144
2637,159,0,34,193
2638,645,0,888,1533
2639,394,0,824,1218
2640,236,0,996,1232
2641,696,0,238,934
2642,840,0,284,1124
2643,537,0,815,1352
2644,608,0,137,745
2645,419,0,636,1055
2646,738,0,531,1269
2647,850,0,36,886
2648,457,0,661,1118
2649,845,0,582,1427
2650,310,0,468,778
2651,684,0,75,759
2652,905,0,992,1897
2653,698,0,319,1017
2654,574,0,339,913
2655,353,0,457,810
2656,737,0,16,753
2657,447,0,519,966
2658,325,0,747,1072
2659,433,0,55,488
2660,827,0,115,942
2661,276,0,773,1049
2662,576,0,943,1519
2663,86,0,708,794
2664,592,0,672,1264
2665,688,0,866,1554
2666,183,0,705,888
2667,985,0,41,1026
2668,86,0,419,505
2669,270,0,74,344
2670,96,0,603,699
2671,150,0,697,847
2672,80,0,339,419
2673,790,0,570,1360
2674,643,0,340,983
2675,298,0,258,556
2676,17,0,349,366
2677,451,0,186,637
2678,64,0,54,118
2679,696,0,151,847
2680,754,0,983,1737
2681,289,0,479,768
2682,406,0,425,831
2683,6,0,594,600
2684,25,0,134,159
2685,72,0,136,208
2686,77,0,918,995
2687,298,0,322,620
2688,909,0,873,1782
2689,209,0,132,341
2690,531,0,37,568
2691,440,0,35,475
2692,927,0,581,1508
2693,168,0,798,966
2694,514,0,414,928
2695,196,0,838,1034
2696,593,0,678,1271
2697,762,0,774,1536
2698,563,0,621,1184
2699,453,0,553,1006
2700,76,0,589,665
2701,32,0,544,576
2702,489,0,372,861
2703,514,0,261,775
2704,841,0,118,959
2705,79,0,355,434
2706,667,0,175,842
2707,782,0,531,1313
2708,334,0,202,536
2709,265,0,9,274
2710,123,0,793,916
2711,571,0,522,1093
2712,893,0,49,942
2713,662,0,763,1425
2714,10,0,158,168
2715,877,0,332,1209
2716,234,0,557,791
2717,367,0,244,611
2718,679,0,341,1020
2719,305,0,373,678
2720,91,0,921,1012
2721,226,0,534,760
2722,588,0,810,1398
2723,690,0,769,1459
2724,106,0,42,148
2725,714,0,912,1626
2726,857,0,690,1547
2727,597,0,419,1016
2728,348,0,809,1157
2729,618,0,137,755
2730,846,0,949,1795
2731,308,0,226,534
2732,557,0,867,1424
2733,906,0,28,934
2734,419,0,670,1089
2735,848,0,459,1307
2736,21,0,462,483
2737,618,0,341,959
2738,597,0,585,1182
2739,608,0,126,734
2740,68,0,680,748
2741,607,0,667,1274
2742,119,0,471,590
2743,943,0,163,1106
2744,427,0,212,639
2745,787,0,384,1171
2746,773,0,111,884
2747,379,0,596,975
2748,143,0,512,655
2749,696,0,639,1335
2750,946,0,448,1394
2751,858,0,414,1272
2752,818,0,907,1725
2753,759,0,532,1291
2754,334,0,836,1170
2755,183,0,876,1059
2756,154,0,609,763
2757,751,0,541,1292
2758,806,0,435,1241
2759,625,0,603,1228
2760,380,0,268,648
2761,700,0,953,1653
2762,552,0,220,772
2763,613,0,223,836
2764,784,0,221,1005
2765,248,0,486,734
2766,255,0,291,546
2767,400,0,852,1252
2768,820,0,181,1001
2769,848,0,314,1162
2770,762,0,708,1470
2771,28,0,662,690
2772,431,0,372,803
2773,616,0,334,950
2774,380,0,104,484
2775,223,0,860,1083
2776,155,0,407,562
2777,41,0,553,594
2778,608,0,356,964
2779,441,0,431,872
2780,419,0,375,794
2781,771,0,637,1408
2782,490,0,130,620
2783,771,0,70,841
2784,242,0,464,706
2785,728,0,833,1561
2786,606,0,774,1380
2787,919,0,832,1751
2788,744,0,580,1324
2789,877,0,843,1720
2790,957,0,307,1264
2791,389,0,999,1388
2792,233,0,532,765
2793,483,0,440,923
2794,325,0,490,815
2795,399,0,169,568
2796,978,0,379,1357
2797,139,0,191,330
2798,195,0,213,408
2799,700,0,4,704
2800,743,0,15,758
2801,553,0,454,1007
2802,465,0,805,1270
2803,965,0,928,1893
2804,370,0,461,831
2805,44,0,96,140
2806,249,0,298,547
2807,871,0,730,1601
2808,940,0,101,1041
2809,575,0,572,1147
2810,626,0,352,978
2811,578,0,736,1314
2812,405,0,682,1087
2813,749,0,21,770
2814,535,0,204,739
2815,865,0,552,1417
2816,403,0,468,871
2817,561,0,54,615
2818,298,0,732,1030
2819,665,0,542,1207
2820,917,0,116,1033
2821,812,0,986,1798
2822,334,0,679,1013
2823,746,0,753,1499
2824,71,0,966,1037
2825,673,0,738,1411
2826,749,0,604,1353
2827,119,0,859,978
2828,104,0,249,353
2829,462,0,598,1060
2830,586,0,473,1059
2831,653,0,338,991
2832,193,0,41,234
2833,168,0,913,1081
2834,193,0,949,1142
2835,299,0,218,517
2836,673,0,503,1176
2837,773,0,149,922
2838,170,0,167,337
2839,354,0,268,622
2840,30,0,223,253
2841,566,0,322,888
2842,233,0,432,665
2843,686,0,215,901
2844,821,0,871,1692
2845,860,0,733,1593
2846,197,0,123,320
2847,221,0,61,282
2848,260,0,154,414
2849,412,0,958,1370
2850,259,0,264,523
2851,677,0,407,1084
2852,971,0,621,1592
2853,828,0,998,1826
2854,518,0,637,1155
2855,226,0,302,528
2856,367,0,387,754
2857,880,0,584,1464
2858,269,0,844,1113
2859,741,0,971,1712
2860,102,0,388,490
2861,759,0,664,1423
2862,568,0,236,804
2863,910,0,401,1311
2864,39,0,913,952
2865,688,0,228,916
2866,222,0,192,414
2867,796,0,348,1144
2868,516,0,875,1391
2869,659,0,804,1463
2870,175,0,117,292
2871,857,0,52,909
2872,762,0,469,1231
2873,75,0,434,509
2874,102,0,470,572
2875,310,0,195,505
2876,374,0,766,1140
2877,284,0,655,939
2878,691,0,642,1333
2879,199,0,800,999
2880,129,0,433,562
2881,200,0,145,345
2882,540,0,737,1277
2883,30,0,332,362
2884,751,0,674,1425
2885,384,0,89,473
2886,66,0,451,517
2887,844,0,688,1532
2888,484,0,610,1094
2889,533,0,332,865
2890,883,0,653,1536
2891,126,0,985,1111
2892,151,0,19,170
2893,55,0,562,617
2894,809,0,904,1713
2895,345,0,290,635
2896,928,0,551,1479
2897,37,0,10,47
2898,678,0,687,1365
2899,891,0,593,1484
2900,457,0,35,492
2901,218,0,635,853
2902,367,0,401,768
2903,517,0,858,1375
2904,252,0,166,418
2905,741,0,727,1468
2906,822,0,15,837
2907,35,0,588,623
2908,968,0,761,1729
2909,142,0,156,298
2910,687,0,869,1556
2911,854,0,932,1786
2912,853,0,567,1420
2913,882,0,174,1056
2914,547,0,455,1002
2915,581,0,715,1296
2916,729,0,55,784
2917,837,0,141,978
2918,979,0,452,1431
2919,764,0,164,928
2920,260,0,104,364
2921,276,0,855,1131
2922,418,0,357,775
2923,339,0,61,400
2924,743,0,410,1153
2925,577,0,790,1367
2926,172,0,13,185
2927,233,0,706,939
2928,776,0,996,1772
2929,926,0,868,1794
2930,983,0,640,1623
2931,841,0,517,1358
2932,935,0,578,1513
2933,230,0,261,491
2934,515,0,829,1344
2935,974,0,79,1053
2936,3,0,133,136
2937,800,0,980,1780
2938,73,0,245,318
2939,73,0,468,541
2940,423,0,609,1032
2941,491,0,211,702
2942,206,0,518,724
2943,581,0,560,1141
2944,713,0,29,742
2945,729,0,749,1478
2946,968,0,557,1525
2947,33,0,56,89
2948,522,0,695,1217
2949,631,0,237,868
2950,163,0,887,1050
2951,513,0,464,977
2952,44,0,909,953
2953,992,0,922,1914
2954,643,0,617,1260
2955,754,0,506,1260
2956,293,0,280,573
2957,899,0,631,1530
2958,508,0,801,1309
2959,905,0,110,1015
2960,50,0,352,402
2961,849,0,802,1651
2962,649,0,439,1088
2963,466,0,402,868
2964,774,0,848,1622
2965,816,0,511,1327
2966,991,0,312,1303
2967,977,0,925,1902
2968,47,0,424,471
2969,897,0,501,1398
2970,993,0,492,1485
2971,678,0,269,947
2972,479,0,254,733
2973,344,0,874,1218
2974,415,0,748,1163
2975,422,0,273,695
2976,27,0,771,798
2977,612,0,859,1471
2978,943,0,966,1909
2979,156,0,649,805
2980,100,0,363,463
2981,60,0,508,568
2982,576,0,738,1314
2983,29,0,298,327
2984,991,0,353,1344
2985,822,0,865,1687
2986,766,0,824,1590
2987,325,0,270,595
2988,964,0,128,1092
2989,284,0,675,959
2990,957,0,857,1814
2991,962,0,760,1722
2992,650,0,971,1621
2993,984,0,199,1183
2994,842,0,191,1033
2995,249,0,991,1240
2996,927,0,254,1181
2997,674,0,731,1405
2998,916,0,882,1798
2999,147,0,377,524
3000,246,0,558,804
3001,161,0,736,897
3002,579,0,850,1429
3003,961,0,172,1133
3004,793,0,636,1429
3005,670,0,725,1395
3006,985,0,133,1118
3007,557,0,735,1292
3008,342,0,430,772
3009,348,0,145,493
3010,147,0,76,223
3011,201,0,599,800
3012,260,0,901,1161
3013,161,0,17,178
3014,596,0,410,1006
3015,160,0,58,218
3016,304,0,186,490
3017,931,0,756,1687
3018,371,0,944,1315
3019,485,0,8,493
3020,683,0,546,1229
3021,758,0,226,984
3022,120,0,656,776
3023,448,0,253,701
3024,197,0,780,977
3025,371,0,161,532
3026,169,0,192,361
3027,503,0,796,1299
3028,677,0,908,1585
3029,596,0,460,1056
3030,719,0,325,1044
3031,532,0,67,599
3032,583,0,945,1528
3033,53,0,709,762
3034,187,0,399,586
3035,72,0,839,911
3036,66,0,123,189
3037,337,0,138,475
3038,39,0,906,945
3039,900,0,389,1289
3040,593,0,180,773
3041,134,0,975,1109
3042,140,0,985,1125
3043,741,0,624,1365
3044,513,0,963,1476
3045,489,0,107,596
3046,571,0,118,689
3047,720,0,554,1274
3048,443,0,678,1121
3049,176,0,378,554
3050,290,0,624,914
3051,86,0,711,797
3052,237,0,232,469
3053,797,0,904,1701
3054,248,0,540,788
3055,252,0,239,491
3056,194,0,122,316
3057,894,0,265,1159
3058,766,0,706,1472
3059,657,0,355,1012
3060,483,0,379,862
3061,467,0,453,920
3062,569,0,947,1516
3063,310,0,212,522
3064,32,0,982,1014
3065,465,0,991,1456
3066,549,0,963,1512
3067,406,0,337,743
3068,458,0,245,703
3069,978,0,748,1726
3070,703,0,292,995
3071,456,0,560,1016
3072,244,0,542,786
3073,921,0,634,1555
3074,505,0,376,881
3075,162,0,275,437
3076,912,0,257,1169
3077,295,0,585,880
3078,458,0,904,1362
3079,921,0,141,1062
3080,921,0,434,1355
3081,144,0,846,990
3082,688,0,857,1545
3083,394,0,303,697
3084,647,0,789,1436
3085,118,0,770,888
3086,28,0,605,633
3087,377,0,963,1340
3088,185,0,131,316
3089,955,0,844,1799
3090,338,0,430,768
3091,129,0,820,949
3092,7,0,765,772
3093,735,0,144,879
3094,253,0,141,394
3095,930,0,271,1201
3096,338,0,358,696
3097,257,0,77,334
3098,837,0,686,1523
3099,4,0,980,984
3100,371,0,332,703
3101,931,0,994,1925
3102,713,0,556,1269
3103,827,0,887,1714
3104,451,0,31,482
3105,999,0,441,1440
3106,829,0,959,1788
3107,302,0,714,1016
3108,694,0,833,1527
3109,415,0,203,618
3110,749,0,756,1505
3111,396,0,545,941
3112,405,0,488,893
3113,143,0,179,322
3114,809,0,244,1053
3115,662,0,246,908
3116,471,0,595,1066
3117,662,0,282,944
3118,32,0,938,970
3119,338,0,694,1032
3120,424,0,459,883
3121,934,0,592,1526
3122,261,0,358,619
3123,198,0,40,238
3124,558,0,376,934
3125,246,0,398,644
3126,478,0,347,825
3127,137,0,721,858
3128,599,0,586,1185
3129,830,0,219,1049
3130,94,0,155,249
3131,690,0,215,905
3132,513,0,397,910
3133,666,0,799,1465
3134,532,0,170,702
3135,51,0,534,585
3136,278,0,90,368
3137,367,0,32,399
3138,241,0,554,795
3139,700,0,697,1397
3140,150,0,614,764
3141,189,0,62,251
3142,664,0,73,737
3143,153,0,609,762
3144,110,0,98,208
3145,189,0,697,886
3146,166,0,701,867
3147,892,0,384,1276
3148,130,0,74,204
3149,82,0,868,950
3150,844,0,791,1635
3151,763,0,594,1357
3152,131,0,421,552
3153,952,0,591,1543
3154,583,0,99,682
3155,850,0,642,1492
3156,512,0,245,757
3157,672,0,694,1366
3158,685,0,649,1334
3159,578,0,947,1525
3160,235,0,496,731
3161,302,0,628,930
3162,113,0,150,263
3163,450,0,144,594
3164,683,0,848,1531
3165,154,0,420,574
3166,45,0,728,773
3167,33,0,666,699
3168,815,0,871,1686
3169,390,0,629,1019
3170,774,0,573,1347
3171,93,0,907,1000
3172,156,0,504,660
3173,586,0,239,825
3174,801,0,27,828
3175,404,0,195,599
3176,456,0,226,682
3177,246,0,471,717
3178,577,0,50,627
3179,374,0,222,596
3180,939,0,750,1689
3181,608,0,807,1415
3182,557,0,233,790
3183,257,0,267,524
3184,456,0,868,1324
3185,778,0,340,1118
3186,147,0,250,397
3187,702,0,332,1034
3188,471,0,23,494
3189,663,0,376,1039
3190,356,0,948,1304
3191,11,0,957,968
3192,949,0,732,1681
3193,458,0,907,1365
3194,715,0,612,1327
3195,979,0,739,1718
3196,886,0,628,1514
3197,70,0,816,886
3198,636,0,661,1297
3199,619,0,945,1564
3200,424,0,589,1013
3201,213,0,761,974
3202,97,0,856,953
3203,800,0,977,1777
3204,166,0,409,575
3205,403,0,406,809
3206,279,0,451,730
3207,64,0,949,1013
3208,363,0,566,929
3209,702,0,905,1607
3210,882,0,413,1295
3211,76,0,836,912
3212,206,0,668,874
3213,184,0,680,864
3214,194,0,895,1089
3215,189,0,439,628
3216,37,0,214,251
3217,647,0,862,1509
3218,580,0,569,1149
3219,24,0,495,519
3220,593,0,649,1242
3221,67,0,217,284
3222,760,0,480,1240
3223,256,0,889,1145
3224,393,0,676,1069
3225,338,0,585,923
3226,47,0,896,943
3227,619,0,496,1115
3228,427,0,251,678
3229,853,0,79,932
3230,501,0,403,904
3231,132,0,793,925
3232,149,0,949,1098
3233,518,0,589,1107
3234,822,0,141,963
3235,852,0,63,915
3236,5,0,113,118
3237,154,0,644,798
3238,322,0,434,756
3239,726,0,183,909
3240,345,0,216,561
3241,450,0,959,1409
3242,57,0,553,610
3243,288,0,330,618
3244,45,0,772,817
3245,420,0,658,1078
3246,602,0,710,1312
3247,214,0,972,1186
3248,30,0,301,331
3249,403,0,671,1074
3250,918,0,74,992
3251,394,0,712,1106
3252,931,0,593,1524
3253,835,0,267,1102
3254,475,0,359,834
3255,369,0,592,961
3256,390,0,85,475
3257,968,0,108,1076
3258,445,0,958,1403
3259,595,0,250,845
3260,164,0,290,454
3261,754,0,193,947
3262,657,0,207,864
3263,192,0,847,1039
3264,572,0,625,1197
3265,234,0,943,1177
3266,978,0,833,1811
3267,798,0,806,1604
3268,207,0,613,820
3269,739,0,36,775
3270,701,0,269,970
3271,704,0,150,854
3272,261,0,185,446
3273,859,0,256,1115
3274,374,0,799,1173
3275,865,0,306,1171
3276,863,0,223,1086
3277,724,0,926,1650
3278,244,0,24,268
3279,541,0,703,1244
3280,261,0,568,829
3281,640,0,708,1348
3282,842,0,112,954
3283,604,0,962,1566
3284,380,0,645,1025
3285,661,0,154,815
3286,135,0,901,1036
3287,921,0,273,1194
3288,413,0,624,1037
3289,868,0,477,1345
3290,578,0,262,840
3291,835,0,409,1244
3292,106,0,413,519
3293,167,0,284,451
3294,475,0,851,1326
3295,648,0,171,819
3296,323,0,35,358
3297,569,0,169,738
3298,258,0,653,911
3299,85,0,675,760
3300,731,0,694,1425
3301,490,0,406,896
3302,136,0,943,1079
3303,772,0,768,1540
3304,500,0,90,590
3305,206,0,21,227
3306,166,0,630,796
3307,32,0,757,789
3308,824,0,5,829
3309,634,0,703,1337
3310,742,0,378,1120
3311,340,0,762,1102
3312,45,0,222,267
3313,952,0,899,1851
3314,769,0,182,951
3315,420,0,94,514
3316,792,0,973,1765
3317,794,0,336,1130
3318,585,0,664,1249
3319,66,0,605,671
3320,251,0,501,752
3321,362,0,922,1284
3322,408,0,928,1336
3323,225,0,793,1018
3324,105,0,398,503
3325,214,0,625,839
3326,539,0,886,1425
3327,847,0,958,1805
3328,366,0,683,1049
3329,583,0,515,1098
3330,751,0,102,853
3331,765,0,618,1383
3332,281,0,704,985
3333,707,0,721,1428
3334,58,0,686,744
3335,790,0,312,1102
3336,420,0,209,629
3337,729,0,503,1232
3338,344,0,55,399
3339,377,0,910,1287
3340,838,0,212,1050
3341,497,0,129,626
3342,457,0,548,1005
3343,452,0,346,798
3344,660,0,599,1259
3345,724,0,42,766
3346,969,0,111,1080
3347,49,0,83,132
3348,887,0,1000,1887
3349,467,0,94,561
3350,84,0,94,178
3351,322,0,57,379
3352,714,0,187,901
3353,303,0,768,1071
3354,189,0,100,289
3355,589,0,274,863
3356,176,0,781,957
3357,902,0,660,1562
3358,141,0,172,313
3359,554,0,582,1136
3360,982,0,207,1189
3361,3,0,658,661
3362,618,0,961,1579
3363,876,0,111,987
3364,230,0,984,1214
3365,755,0,831,1586
3366,147,0,441,588
3367,940,0,456,1396
3368,816,0,541,1357
3369,619,0,567,1186
3370,625,0,352,977
3371,939,0,584,1523
3372,218,0,615,833
3373,681,0,764,1445
3374,95,0,107,202
3375,768,0,184,952
3376,925,0,363,1288
3377,346,0,985,1331
3378,783,0,744,1527
3379,918,0,871,1789
3380,535,0,778,1313
3381,876,0,622,1498
3382,891,0,994,1885
3383,396,0,321,717
3384,908,0,471,1379
3385,835,0,976,1811
3386,221,0,317,538
3387,195,0,643,838
3388,637,0,494,1131
3389,647,0,732,1379
3390,195,0,518,713
3391,69,0,933,1002
3392,420,0,209,629
3393,935,0,689,1624
3394,897,0,582,1479
3395,286,0,159,445
3396,557,0,492,1049
3397,209,0,625,834
3398,717,0,136,853
3399,197,0,595,792
3400,85,0,182,267
3401,303,0,389,692
3402,11,0,916,927
3403,906,0,263,1169
3404,125,0,790,915
3405,597,0,322,919
3406,108,0,784,892
3407,508,0,780,1288
3408,732,0,923,1655
3409,592,0,128,720
3410,519,0,233,752
3411,8,0,857,865
3412,60,0,725,785
3413,35,0,621,656
3414,939,0,801,1740
3415,628,0,203,831
3416,747,0,665,1412
3417,172,0,781,953
3418,447,0,222,669
3419,656,0,295,951
3420,352,0,860,1212
3421,185,0,833,1018
3422,311,0,469,780
3423,428,0,525,953
3424,888,0,563,1451
3425,539,0,142,681
3426,448,0,623,1071
3427,149,0,313,462
3428,328,0,773,1101
3429,972,0,990,1962
3430,97,0,750,847
3431,43,0,581,624
3432,779,0,64,843
3433,548,0,898,1446
3434,409,0,194,603
3435,366,0,436,802
3436,40,0,744,784
3437,438,0,791,1229
3438,365,0,309,674
3439,861,0,915,1776
3440,593,0,513,1106
3441,283,0,430,713
3442,922,0,723,1645
3443,484,0,576,1060
3444,966,0,498,1464
3445,77,0,585,662
3446,883,0,598,1481
3447,300,0,910,1210
3448,790,0,460,1250
3449,627,0,364,991
3450,782,0,818,1600
3451,819,0,222,1041
3452,933,0,295,1228
3453,621,0,502,1123
3454,398,0,715,1113
3455,902,0,428,1330
3456,72,0,192,264
3457,842,0,31,873
3458,612,0,836,1448
3459,891,0,542,1433
3460,96,0,310,406
3461,630,0,973,1603
3462,870,0,948,1818
3463,391,0,209,600
3464,297,0,415,712
3465,606,0,955,1561
3466,693,0,487,1180
3467,403,0,454,857
3468,592,0,590,1182
3469,670,0,583,1253
3470,151,0,22,173
3471,665,0,785,1450
3472,295,0,890,1185
3473,8,0,131,139
3474,608,0,836,1444
3475,944,0,877,1821
3476,903,0,221,1124
3477,803,0,705,1508
3478,733,0,134,867
3479,262,0,441,703
3480,308,0,360,668
3481,342,0,197,539
3482,899,0,730,1629
3483,648,0,423,1071
3484,574,0,108,682
3485,76,0,144,220
3486,131,0,698,829
3487,773,0,940,1713
3488,390,0,7,397
3489,431,0,499,930
3490,122,0,116,238
3491,516,0,581,1097
3492,538,0,528,1066
3493,939,0,536,1475
3494,94,0,624,718
3495,183,0,317,500
3496,793,0,854,1647
3497,849,0,252,1101
3498,41,0,454,495
3499,220,0,863,1083
3500,498,0,430,928
3501,783,0,963,1746
3502,482,0,155,637
3503,564,0,976,1540
3504,781,0,907,1688
3505,262,0,690,952
3506,159,0,772,931
3507,898,0,196,1094
3508,910,0,632,1542
3509,181,0,79,260
3510,993,0,977,1970
3511,709,0,471,1180
3512,554,0,77,631
3513,55,0,957,1012
3514,122,0,238,360
3515,464,0,95,559
3516,412,0,829,1241
3517,362,0,753,1115
3518,627,0,198,825
3519,590,0,706,1296
3520,617,0,826,1443
3521,91,0,479,570
3522,435,0,407,842
3523,698,0,533,1231
3524,399,0,248,647
3525,728,0,16,744
3526,904,0,645,1549
3527,793,0,472,1265
3528,149,0,709,858
3529,866,0,946,1812
3530,857,0,687,1544
3531,228,0,860,1088
3532,960,0,987,1947
3533,609,0,14,623
3534,413,0,840,1253
3535,780,0,355,1135
3536,409,0,265,674
3537,59,0,364,423
3538,869,0,293,1162
3539,237,0,266,503
3540,279,0,872,1151
3541,150,0,174,324
3542,84,0,919,1003
3543,881,0,300,1181
3544,275,0,644,919
3545,563,0,274,837
3546,826,0,879,1705
3547,392,0,381,773
3548,450,0,424,874
3549,945,0,381,1326
3550,146,0,295,441
3551,916,0,718,1634
3552,586,0,349,935
3553,282,0,917,1199
3554,563,0,463,1026
3555,600,0,462,1062
3556,629,0,127,756
3557,205,0,715,920
3558,382,0,857,1239
3559,544,0,613,1157
3560,327,0,836,1163
3561,973,0,89,1062
3562,335,0,30,365
3563,621,0,922,1543
3564,755,0,966,1721
3565,565,0,798,1363
3566,512,0,316,828
3567,573,0,372,945
3568,932,0,446,1378
3569,518,0,695,1213
3570,305,0,91,396
3571,710,0,402,1112
3572,684,0,971,1655
3573,514,0,32,546
3574,421,0,865,1286
3575,730,0,105,835
3576,6,0,464,470
3577,336,0,924,1260
3578,472,0,944,1416
3579,498,0,132,630
3580,440,0,21,461
3581,457,0,586,1043
3582,849,0,303,1152
3583,72,0,606,678
3584,834,0,137,971
3585,573,0,616,1189
3586,928,0,824,1752
3587,79,0,743,822
3588,946,0,323,1269
3589,470,0,128,598
3590,64,0,704,768
3591,48,0,178,226
3592,587,0,446,1033
3593,763,0,137,900
3594,484,0,351,835
3595,293,0,937,1230
3596,247,0,784,1031
3597,304,0,354,658
3598,554,0,362,916
3599,801,0,292,1093
3600,670,0,611,1281
3601,184,0,300,484
3602,436,0,969,1405
3603,559,0,87,646
3604,722,0,20,742
3605,612,0,595,1207
3606,57,0,523,580
3607,697,0,985,1682
3608,927,0,273,1200
3609,110,0,922,1032
3610,204,0,30,234
3611,72,0,573,645
3612,166,0,805,971
3613,558,0,601,1159
3614,716,0,489,1205
3615,359,0,597,956
3616,225,0,769,994
3617,980,0,608,1588
3618,878,0,337,1215
3619,915,0,713,1628
3620,51,0,809,860
3621,112,0,921,1033
3622,746,0,722,1468
3623,870,0,637,1507
3624,479,0,798,1277
3625,254,0,210,464
3626,870,0,470,1340
3627,177,0,544,721
3628,662,0,855,1517
3629,579,0,139,718
3630,593,0,182,775
3631,139,0,217,356
3632,316,0,913,1229
3633,194,0,618,812
3634,632,0,584,1216
3635,978,0,15,993
3636,922,0,456,1378
3637,140,0,877,1017
3638,99,0,269,368
3639,219,0,901,1120
3640,704,0,280,984
3641,421,0,10,431
3642,981,0,809,1790
3643,323,0,353,676
3644,577,0,159,736
3645,874,0,326,1200
3646,50,0,346,396
3647,501,0,99,600
3648,441,0,538,979
3649,795,0,889,1684
3650,156,0,319,475
3651,887,0,401,1288
3652,834,0,411,1245
3653,956,0,144,1100
3654,886,0,885,1771
3655,198,0,96,294
3656,324,0,487,811
3657,665,0,154,819
3658,914,0,632,1546
3659,617,0,703,1320
3660,798,0,706,1504
3661,659,0,190,849
3662,868,0,787,1655
3663,448,0,963,1411
3664,51,0,503,554
3665,837,0,652,1489
3666,50,0,535,585
3667,227,0,882,1109
3668,603,0,262,865
3669,712,0,386,1098
3670,16,0,231,247
3671,501,0,372,873
3672,295,0,247,542
3673,374,0,925,1299
3674,497,0,47,544
3675,654,0,675,1329
3676,852,0,303,1155
3677,29,0,333,362
3678,702,0,524,1226
3679,318,0,776,1094
3680,567,0,49,616
3681,770,0,796,1566
3682,904,0,722,1626
3683,332,0,989,1321
3684,610,0,613,1223
3685,657,0,84,741
3686,471,0,35,506
3687,739,0,380,1119
3688,148,0,565,713
3689,309,0,903,1212
3690,406,0,568,974
3691,911,0,2,913
3692,181,0,479,660
3693,705,0,475,1180
3694,291,0,942,1233
3695,471,0,454,925
3696,316,0,765,1081
3697,589,0,524,1113
3698,189,0,384,573
3699,656,0,570,1226
3700,171,0,53,224
3701,651,0,400,1051
3702,534,0,337,871
3703,841,0,374,1215
3704,740,0,968,1708
3705,85,0,428,513
3706,156,0,854,1010
3707,817,0,521,1338
3708,450,0,272,722
3709,533,0,499,1032
3710,656,0,703,1359
3711,403,0,881,1284
3712,400,0,220,620
3713,313,0,79,392
3714,984,0,796,1780
3715,392,0,448,840
3716,200,0,515,715
3717,858,0,464,1322
3718,751,0,637,1388
3719,54,0,278,332
3720,576,0,708,1284
3721,420,0,922,1342
3722,476,0,23,499
3723,110,0,87,197
3724,50,0,283,333
3725,409,0,290,699
3726,518,0,147,665
3727,496,0,726,1222
3728,808,0,461,1269
3729,348,0,251,599
3730,548,0,855,1403
3731,833,0,515,1348
3732,245,0,593,838
3733,74,0,959,1033
3734,373,0,46,419
3735,478,0,506,984
3736,617,0,801,1418
3737,997,0,942,1939
3738,216,0,115,331
3739,204,0,543,747
3740,846,0,696,1542
3741,284,0,859,1143
3742,486,0,944,1430
3743,956,0,403,1359
3744,878,0,132,1010
3745,366,0,648,1014
3746,169,0,611,780
3747,42,0,436,478
3748,272,0,997,1269
3749,476,0,145,621
3750,352,0,474,826
3751,854,0,607,1461
3752,810,0,383,1193
3753,171,0,11,182
3754,796,0,232,1028
3755,137,0,968,1105
3756,475,0,660,1135
3757,58,0,699,757
3758,4,0,664,668
3759,22,0,173,195
3760,760,0,12,772
3761,865,0,803,1668
3762,816,0,486,1302
3763,629,0,412,1041
3764,627,0,533,1160
3765,197,0,760,957
3766,827,0,175,1002
3767,68,0,903,971
3768,536,0,468,1004
3769,580,0,254,834
3770,642,0,919,1561
3771,517,0,553,1070
3772,545,0,160,705
3773,126,0,408,534
3774,567,0,218,785
3775,955,0,142,1097
3776,478,0,109,587
3777,359,0,662,1021
3778,779,0,148,927
3779,720,0,429,1149
3780,292,0,123,415
3781,328,0,117,445
3782,564,0,451,1015
3783,652,0,158,810
3784,448,0,688,1136
3785,326,0,935,1261
3786,342,0,453,795
3787,711,0,624,1335
3788,778,0,595,1373
3789,875,0,972,1847
3790,602,0,378,980
3791,798,0,926,1724
3792,610,0,629,1239
3793,409,0,909,1318
3794,34,0,549,583
3795,95,0,402,497
3796,254,0,192,446
3797,692,0,31,723
3798,252,0,724,976
3799,44,0,282,326
3800,124,0,887,1011
3801,120,0,498,618
3802,110,0,759,869
3803,135,0,967,1102
3804,673,0,46,719
3805,742,0,933,1675
3806,992,0,870,1862
3807,671,0,444,1115
3808,155,0,943,1098
3809,525,0,889,1414
3810,381,0,802,1183
3811,3,0,917,920
3812,149,0,656,805
3813,885,0,251,1136
3814,644,0,349,993
3815,516,0,489,1005
3816,888,0,139,1027
3817,916,0,80,996
3818,447,0,162,609
3819,494,0,456,950
3820,943,0,442,1385
3821,188,0,765,953
3822,542,0,660,1202
3823,200,0,431,631
3824,270,0,149,419
3825,875,0,249,1124
3826,683,0,343,1026
3827,214,0,56,270
3828,886,0,276,1162
3829,718,0,500,1218
3830,605,0,928,1533
3831,382,0,614,996
3832,904,0,605,1509
3833,876,0,705,1581
3834,525,0,181,706
3835,357,0,854,1211
3836,798,0,299,1097
3837,360,0,494,854
3838,189,0,898,1087
3839,0,0,862,862
3840,254,0,42,296
3841,692,0,971,1663
3842,253,0,360,613
3843,478,0,233,711
3844,643,0,345,988
3845,772,0,308,1080
3846,82,0,655,737
3847,721,0,153,874
3848,216,0,794,1010
3849,693,0,994,1687
3850,387,0,317,704
3851,193,0,33,226
3852,878,0,640,1518
3853,305,0,706,1011
3854,117,0,555,672
3855,155,0,317,472
3856,754,0,35,789
3857,743,0,122,865
3858,151,0,843,994
3859,483,0,907,1390
3860,716,0,2,718
3861,282,0,378,660
3862,744,0,364,1108
3863,804,0,142,946
3864,264,0,803,1067
3865,286,0,686,972
3866,219,0,175,394
3867,993,0,829,1822
3868,820,0,298,1118
3869,25,0,691,716
3870,875,0,500,1375
3871,834,0,458,1292
3872,41,0,23,64
3873,30,0,556,586
3874,341,0,136,477
3875,744,0,336,1080
3876,335,0,310,645
3877,954,0,837,1791
3878,836,0,296,1132
3879,959,0,162,1121
3880,494,0,733,1227
3881,737,0,824,1561
3882,685,0,68,753
3883,117,0,663,780
3884,313,0,713,1026
3885,220,0,403,623
3886,456,0,419,875
3887,396,0,811,1207
3888,546,0,349,895
3889,125,0,629,754
3890,30,0,197,227
3891,998,0,47,1045
3892,348,0,842,1190
3893,160,0,409,569
3894,34,0,148,182
3895,456,0,779,1235
3896,7,0,97,104
3897,159,0,653,812
3898,788,0,909,1697
3899,53,0,826,879
3900,197,0,247,444
3901,439,0,13,452
3902,429,0,932,1361
3903,69,0,589,658
3904,912,0,789,1701
3905,942,0,176,1118
3906,482,0,294,776
3907,260,0,733,993
3908,533,0,177,710
3909,957,0,563,1520
3910,550,0,471,1021
3911,976,0,123,1099
3912,599,0,80,679
3913,841,0,591,1432
3914,997,0,709,1706
3915,757,0,598,1355
3916,825,0,854,1679
3917,947,0,80,1027
3918,110,0,544,654
3919,195,0,350,545
3920,425,0,373,798
3921,653,0,267,920
3922,334,0,661,995
3923,17,0,513,530
3924,817,0,435,1252
3925,472,0,422,894
3926,737,0,211,948
3927,417,0,457,874
3928,769,0,204,973
3929,70,0,364,434
3930,445,0,16,461
3931,628,0,19,647
3932,636,0,597,1233
3933,316,0,22,338
3934,823,0,447,1270
3935,821,0,962,1783
3936,846,0,543,1389
3937,398,0,287,685
3938,358,0,586,944
3939,600,0,977,1577
3940,948,0,82,1030
3941,369,0,589,958
3942,160,0,919,1079
3943,668,0,247,915
3944,555,0,323,878
3945,810,0,609,1419
3946,214,0,666,880
3947,711,0,676,1387
3948,458,0,268,726
3949,251,0,850,1101
3950,301,0,2,303
3951,51,0,241,292
3952,290,0,615,905
3953,619,0,392,1011
3954,19,0,648,667
3955,171,0,120,291
3956,408,0,569,977
3957,371,0,233,604
3958,720,0,525,1245
3959,877,0,776,1653
3960,538,0,394,932
3961,172,0,158,330
3962,701,0,534,1235
3963,667,0,593,1260
3964,404,0,896,1300
3965,419,0,829,1248
3966,625,0,470,1095
3967,458,0,697,1155
3968,140,0,402,542
3969,545,0,68,613
3970,302,0,291,593
3971,743,0,6,749
3972,452,0,655,1107
3973,46,0,540,586
3974,67,0,261,328
3975,915,0,394,1309
3976,211,0,247,458
3977,175,0,258,433
3978,608,0,37,645
3979,314,0,532,846
3980,774,0,797,1571
3981,830,0,307,1137
3982,907,0,448,1355
3983,915,0,471,1386
3984,239,0,298,537
3985,855,0,345,1200
3986,672,0,36,708
3987,136,0,149,285
3988,315,0,386,701
3989,622,0,209,831
3990,259,0,180,439
3991,200,0,325,525
3992,125,0,100,225
3993,466,0,557,1023
3994,806,0,969,1775
3995,492,0,864,1356
3996,481,0,805,1286
3997,857,0,170,1027
3998,724,0,798,1522
3999,730,0,696,1426
4000,645,0,971,1616
4001,694,0,482,1176
4002,207,0,141,348
4003,309,0,556,865
4004,132,0,37,169
4005,665,0,754,1419
4006,574,0,804,1378
4007,740,0,192,932
4008,40,0,549,589
4009,239,0,860,1099
4010,845,0,889,1734
4011,902,0,652,1554
4012,770,0,803,1573
4013,759,0,430,1189
4014,273,0,811,1084
4015,79,0,549,628
4016,978,0,196,1174
4017,481,0,136,617
4018,227,0,897,1124
4019,257,0,923,1180
4020,906,0,177,1083
4021,124,0,603,727
4022,333,0,699,1032
4023,254,0,937,1191
4024,953,0,72,1025
4025,531,0,685,1216
4026,79,0,989,1068
4027,197,0,768,965
4028,623,0,585,1208
4029,829,0,198,1027
4030,521,0,560,1081
4031,36,0,194,230
4032,236,0,507,743
4033,1000,0,345,1345
4034,804,0,611,1415
4035,612,0,429,1041
4036,698,0,35,733
4037,213,0,200,413
4038,108,0,812,920
4039,154,0,336,490
4040,119,0,338,457
4041,959,0,509,1468
4042,372,0,555,927
4043,524,0,321,845
4044,155,0,588,743
4045,858,0,227,1085
4046,569,0,983,1552
4047,937,0,450,1387
4048,930,0,131,1061
4049,656,0,266,922
4050,658,0,456,1114
4051,71,0,467,538
4052,917,0,492,1409
4053,119,0,737,856
4054,810,0,554,1364
4055,423,0,138,561
4056,202,0,240,442
4057,830,0,992,1822
4058,337,0,778,1115
4059,448,0,47,495
4060,0,0,129,129
4061,343,0,812,1155
4062,670,0,183,853
4063,297,0,216,513
4064,784,0,245,1029
4065,10,0,576,586
4066,493,0,321,814
4067,536,0,647,1183
4068,870,0,466,1336
4069,743,0,466,1209
4070,3,0,213,216
4071,940,0,499,1439
4072,632,0,110,742
4073,904,0,78,982
4074,473,0,445,918
4075,926,0,321,1247
4076,522,0,918,1440
4077,539,0,569,1108
4078,409,0,382,791
4079,172,0,73,245
4080,668,0,825,1493
4081,150,0,993,1143
4082,893,0,678,1571
4083,562,0,726,1288
4084,261,0,833,1094
4085,860,0,338,1198
4086,112,0,774,886
4087,517,0,515,1032
4088,3,0,545,548
4089,352,0,26,378
4090,122,0,261,383
4091,264,0,55,319
4092,582,0,152,734
4093,144,0,143,287
4094,541,0,657,1198
4095,519,0,719,1238
4096,553,0,665,1218
4097,348,0,463,811
4098,781,0,920,1701
4099,137,0,745,882
4100,717,0,606,1323
4101,4,0,973,977
4102,841,0,73,914
4103,750,0,932,1682
4104,381,0,660,1041
4105,841,0,567,1408
4106,684,0,241,925
4107,515,0,677,1192
4108,103,0,75,178
4109,726,0,334,1060
4110,776,0,341,1117
4111,74,0,971,1045
4112,463,0,654,1117
4113,181,0,280,461
4114,775,0,654,1429
4115,1,0,301,302
4116,375,0,29,404
4117,576,0,886,1462
4118,786,0,598,1384
4119,426,0,35,461
4120,727,0,802,1529
4121,125,0,500,625
4122,918,0,965,1883
4123,236,0,780,1016
4124,51,0,74,125
4125,152,0,673,825
4126,132,0,511,643
4127,836,0,446,1282
4128,316,0,893,1209
4129,965,0,349,1314
4130,347,0,289,636
4131,404,0,70,474
4132,32,0,542,574
4133,809,0,454,1263
4134,121,0,389,510
4135,40,0,861,901
4136,397,0,465,862
4137,949,0,624,1573
4138,104,0,100,204
4139,578,0,336,914
4140,84,0,762,846
4141,342,0,838,1180
4142,205,0,265,470
4143,216,0,280,496
4144,858,0,557,1415
4145,570,0,411,981
4146,645,0,58,703
4147,187,0,874,1061
4148,62,0,471,533
4149,266,0,23,289
4150,24,0,101,125
4151,467,0,547,1014
4152,777,0,518,1295
4153,644,0,726,1370
4154,645,0,537,1182
4155,816,0,55,871
4156,125,0,63,188
4157,466,0,956,1422
4158,885,0,590,1475
4159,130,0,781,911
4160,589,0,778,1367
4161,609,0,937,1546
4162,729,0,287,1016
4163,367,0,203,570
4164,182,0,539,721
4165,583,0,208,791
4166,408,0,627,1035
4167,21,0,28,49
4168,196,0,34,230
4169,500,0,862,1362
4170,309,0,734,1043
4171,371,0,567,938
4172,116,0,52,168
4173,53,0,184,237
4174,452,0,404,856
4175,875,0,634,1509
4176,284,0,258,542
4177,116,0,901,1017
4178,90,0,469,559
4179,862,0,790,1652
4180,789,0,598,1387
4181,637,0,251,888
4182,411,0,460,871
4183,576,0,310,886
4184,356,0,236,592
4185,203,0,401,604
4186,119,0,23,142
4187,133,0,231,364
4188,645,0,500,1145
4189,77,0,5,82
4190,914,0,853,1767
4191,728,0,911,1639
4192,899,0,859,1758
4193,493,0,237,730
4194,301,0,895,1196
4195,237,0,34,271
4196,292,0,2,294
4197,149,0,130,279
4198,561,0,442,1003
4199,8,0,287,295
4200,584,0,589,1173
4201,946,0,299,1245
4202,467,0,463,930
4203,293,0,659,952
4204,299,0,218,517
4205,833,0,528,1361
4206,789,0,818,1607
4207,201,0,123,324
4208,92,0,235,327
4209,182,0,944,1126
4210,105,0,766,871
4211,508,0,341,849
4212,163,0,13,176
4213,133,0,669,802
4214,172,0,17,189
4215,48,0,447,495
4216,867,0,212,1079
4217,244,0,156,400
4218,65,0,499,564
4219,939,0,643,1582
4220,438,0,134,572
4221,25,0,927,952
4222,413,0,553,966
4223,626,0,414,1040
4224,326,0,300,626
4225,645,0,12,657
4226,976,0,966,1942
4227,902,0,813,1715
4228,921,0,264,1185
4229,901,0,322,1223
4230,303,0,893,1196
4231,163,0,788,951
4232,893,0,712,1605
4233,848,0,556,1404
4234,215,0,825,1040
4235,439,0,393,832
4236,341,0,66,407
4237,678,0,274,952
4238,975,0,253,1228
4239,801,0,442,1243
4240,549,0,796,1345
4241,982,0,846,1828
4242,549,0,588,1137
4243,11,0,658,669
4244,374,0,569,943
4245,495,0,82,577
4246,299,0,873,1172
4247,218,0,453,671
4248,592,0,14,606
4249,224,0,267,491
4250,249,0,935,1184
4251,981,0,312,1293
4252,390,0,950,1340
4253,399,0,876,1275
4254,341,0,677,1018
4255,137,0,200,337
4256,375,0,511,886
4257,92,0,945,1037
4258,160,0,546,706
4259,708,0,598,1306
4260,132,0,761,893
4261,223,0,855,1078
4262,387,0,535,922
4263,112,0,968,1080
4264,697,0,577,1274
4265,529,0,225,754
4266,477,0,195,672
4267,885,0,870,1755
4268,383,0,683,1066
4269,631,0,817,1448
4270,279,0,260,539
4271,549,0,122,671
4272,972,0,696,1668
4273,121,0,677,798
4274,179,0,831,1010
4275,229,0,738,967
4276,480,0,137,617
4277,824,0,624,1448
4278,655,0,406,1061
4279,665,0,764,1429
4280,181,0,606,787
4281,786,0,394,1180
4282,348,0,944,1292
4283,128,0,802,930
4284,917,0,752,1669
4285,231,0,848,1079
4286,647,0,831,1478
4287,689,0,912,1601
4288,939,0,255,1194
4289,556,0,541,1097
4290,903,0,229,1132
4291,339,0,23,362
4292,359,0,163,522
4293,218,0,750,968
4294,322,0,337,659
4295,905,0,331,1236
4296,728,0,467,1195
4297,345,0,239,584
4298,161,0,789,950
4299,227,0,959,1186
4300,779,0,55,834
4301,701,0,879,1580
4302,801,0,394,1195
4303,239,0,399,638
4304,733,0,758,1491
4305,97,0,204,301
4306,928,0,468,1396
4307,625,0,181,806
4308,567,0,416,983
4309,684,0,158,842
4310,685,0,948,1633
4311,2,0,198,200
4312,240,0,446,686
4313,260,0,116,376
4314,310,0,545,855
4315,122,0,259,381
4316,768,0,824,1592
4317,467,0,619,1086
4318,496,0,532,1028
4319,660,0,718,1378
4320,207,0,147,354
4321,13,0,316,329
4322,175,0,737,912
4323,307,0,756,1063
4324,827,0,744,1571
4325,646,0,6,652
4326,195,0,890,1085
4327,14,0,851,865
4328,542,0,734,1276
4329,136,0,488,624
4330,975,0,539,1514
4331,42,0,320,362
4332,429,0,890,1319
4333,856,0,660,1516
4334,986,0,120,1106
4335,822,0,617,1439
4336,339,0,264,603
4337,874,0,927,1801
4338,802,0,742,1544
4339,1000,0,998,1998
4340,485,0,229,714
4341,689,0,783,1472
4342,976,0,458,1434
4343,699,0,996,1695
4344,89,0,844,933
4345,388,0,329,717
4346,192,0,500,692
4347,978,0,302,1280
4348,972,0,709,1681
4349,519,0,384,903
4350,864,0,564,1428
4351,673,0,521,1194
4352,18,0,172,190
4353,993,0,769,1762
4354,729,0,502,1231
4355,614,0,51,665
4356,808,0,773,1581
4357,237,0,932,1169
4358,311,0,491,802
4359,582,0,661,1243
4360,190,0,103,293
4361,436,0,91,527
4362,124,0,74,198
4363,554,0,149,703
4364,167,0,656,823
4365,780,0,660,1440
4366,350,0,246,596
4367,141,0,491,632
4368,863,0,588,1451
4369,180,0,64,244
4370,306,0,401,707
4371,887,0,902,1789
4372,288,0,407,695
4373,364,0,755,1119
4374,699,0,470,1169
4375,115,0,825,940
4376,664,0,234,898
4377,166,0,995,1161
4378,260,0,163,423
4379,858,0,132,990
4380,752,0,170,922
4381,305,0,737,1042
4382,984,0,261,1245
4383,755,0,561,1316
4384,512,0,279,791
4385,382,0,40,422
4386,491,0,106,597
4387,113,0,754,867
4388,170,0,931,1101
4389,317,0,366,683
4390,98,0,906,1004
4391,567,0,570,1137
4392,946,0,620,1566
4393,208,0,497,705
4394,607,0,690,1297
4395,68,0,614,682
4396,445,0,970,1415
4397,882,0,627,1509
4398,235,0,342,577
4399,349,0,804,1153
4400,174,0,747,921
4401,785,0,891,1676
4402,324,0,39,363
4403,188,0,966,1154
4404,16,0,759,775
4405,33,0,942,975
4406,713,0,461,1174
4407,977,0,529,1506
4408,54,0,966,1020
4409,795,0,92,887
4410,942,0,24,966
4411,575,0,867,1442
4412,783,0,180,963
4413,993,0,444,1437
4414,244,0,821,1065
4415,307,0,528,835
4416,914,0,131,1045
4417,665,0,537,1202
4418,468,0,459,927
4419,801,0,218,1019
4420,34,0,809,843
4421,300,0,12,312
4422,196,0,280,476
4423,890,0,104,994
4424,125,0,341,466
4425,996,0,800,1796
4426,249,0,828,1077
4427,813,0,544,1357
4428,562,0,350,912
4429,752,0,330,1082
4430,982,0,453,1435
4431,517,0,671,1188
4432,905,0,697,1602
4433,936,0,550,1486
4434,194,0,365,559
4435,841,0,33,874
4436,185,0,636,821
4437,291,0,917,1208
4438,802,0,187,989
4439,455,0,404,859
4440,230,0,781,1011
4441,737,0,310,1047
4442,66,0,899,965
4443,535,0,994,1529
4444,625,0,270,895
4445,803,0,555,1358
4446,113,0,999,1112
4447,713,0,252,965
4448,907,0,452,1359
4449,974,0,270,1244
4450,458,0,20,478
4451,23,0,224,247
4452,451,0,567,1018
4453,609,0,962,1571
4454,186,0,640,826
4455,122,0,362,484
4456,538,0,227,765
4457,924,0,741,1665
4458,566,0,803,1369
4459,15,0,439,454
4460,359,0,736,1095
4461,703,0,912,1615
4462,80,0,134,214
4463,713,0,722,1435
4464,451,0,566,1017
4465,180,0,187,367
4466,796,0,501,1297
4467,884,0,410,1294
4468,801,0,222,1023
4469,953,0,538,1491
4470,262,0,282,544
4471,840,0,394,1234
4472,883,0,730,1613
4473,427,0,628,1055
4474,796,0,818,1614
4475,736,0,473,1209
4476,423,0,298,721
4477,427,0,704,1131
4478,532,0,590,1122
4479,381,0,126,507
4480,909,0,398,1307
4481,660,0,443,1103
4482,405,0,496,901
4483,820,0,921,1741
4484,16,0,254,270
4485,591,0,858,1449
4486,498,0,942,1440
4487,450,0,917,1367
4488,953,0,509,1462
4489,123,0,857,980
4490,672,0,566,1238
4491,72,0,442,514
4492,531,0,631,1162
4493,378,0,305,683
4494,483,0,866,1349
4495,728,0,874,1602
4496,774,0,655,1429
4497,954,0,492,1446
4498,231,0,693,924
4499,724,0,602,1326
4500,74,0,715,789
4501,92,0,916,1008
4502,621,0,188,809
4503,559,0,473,1032
4504,55,0,350,405
4505,397,0,70,467
4506,787,0,222,1009
4507,328,0,705,1033
4508,379,0,693,1072
4509,39,0,194,233
4510,721,0,280,1001
4511,332,0,664,996
4512,82,0,426,508
4513,276,0,862,1138
4514,314,0,758,1072
4515,548,0,975,1523
4516,420,0,97,517
4517,758,0,88,846
4518,971,0,628,1599
4519,254,0,832,1086
4520,14,0,804,818
4521,703,0,877,1580
4522,380,0,75,455
4523,343,0,54,397
4524,58,0,574,632
4525,1000,0,627,1627
4526,293,0,602,895
4527,225,0,674,899
4528,555,0,187,742
4529,515,0,977,1492
4530,998,0,256,1254
4531,294,0,663,957
4532,566,0,267,833
4533,661,0,936,1597
4534,440,0,868,1308
4535,646,0,601,1247
4536,501,0,927,1428
4537,159,0,87,246
4538,576,0,627,1203
4539,527,0,588,1115
4540,793,0,437,1230
4541,187,0,273,460
4542,347,0,790,1137
4543,620,0,186,806
4544,597,0,320,917
4545,504,0,273,777
4546,830,0,232,1062
4547,90,0,425,515
4548,477,0,354,831
4549,723,0,125,848
4550,192,0,582,774
4551,498,0,570,1068
4552,747,0,774,1521
4553,259,0,544,803
4554,392,0,38,430
4555,776,0,969,1745
4556,557,0,811,1368
4557,400,0,100,500
4558,872,0,262,1134
4559,50,0,772,822
4560,767,0,200,967
4561,765,0,2,767
4562,956,0,720,1676
4563,859,0,906,1765
4564,114,0,896,1010
4565,800,0,912,1712
4566,656,0,370,1026
4567,276,0,774,1050
4568,334,0,612,946
4569,16,0,26,42
4570,874,0,889,1763
4571,466,0,892,1358
4572,873,0,619,1492
4573,940,0,16,956
4574,498,0,807,1305
4575,918,0,614,1532
4576,934,0,678,1612
4577,1,0,956,957
4578,8,0,932,940
4579,978,0,685,1663
4580,695,0,443,1138
4581,955,0,702,1657
4582,756,0,67,823
4583,332,0,156,488
4584,774,0,487,1261
4585,730,0,35,765
4586,873,0,492,1365
4587,872,0,55,927
4588,232,0,388,620
4589,740,0,973,1713
4590,733,0,77,810
4591,388,0,259,647
4592,556,0,488,1044
4593,805,0,650,1455
4594,264,0,676,940
4595,732,0,804,1536
4596,953,0,448,1401
4597,129,0,880,1009
4598,681,0,774,1455
4599,170,0,35,205
4600,282,0,663,945
4601,876,0,287,1163
4602,9,0,684,693
4603,807,0,72,879
4604,189,0,356,545
4605,146,0,750,896
4606,513,0,192,705
4607,150,0,471,621
4608,16,0,596,612
4609,172,0,268,440
4610,54,0,891,945
4611,620,0,121,741
4612,301,0,163,464
4613,103,0,370,473
4614,165,0,307,472
4615,954,0,798,1752
4616,894,0,678,1572
4617,332,0,959,1291
4618,912,0,742,1654
4619,369,0,218,587
4620,151,0,348,499
4621,491,0,632,1123
4622,243,0,876,1119
4623,322,0,2,324
4624,645,0,99,744
4625,473,0,579,1052
4626,488,0,199,687
4627,361,0,772,1133
4628,220,0,477,697
4629,927,0,52,979
4630,172,0,894,1066
4631,877,0,592,1469
4632,595,0,890,1485
4633,545,0,416,961
4634,269,0,493,762
4635,90,0,722,812
4636,493,0,812,1305
4637,869,0,115,984
4638,883,0,951,1834
4639,150,0,95,245
4640,975,0,855,1830
4641,651,0,962,1613
4642,516,0,662,1178
4643,562,0,954,1516
4644,720,0,295,1015
4645,314,0,350,664
4646,146,0,719,865
4647,810,0,470,1280
4648,271,0,235,506
4649,977,0,291,1268
4650,280,0,894,1174
4651,623,0,813,1436
4652,755,0,828,1583
4653,335,0,511,846
4654,78,0,316,394
4655,767,0,962,1729
4656,645,0,175,820
4657,640,0,231,871
4658,432,0,995,1427
4659,610,0,681,1291
4660,328,0,99,427
4661,111,0,987,1098
4662,65,0,531,596
4663,925,0,157,1082
4664,563,0,669,1232
4665,848,0,219,1067
4666,790,0,901,1691
4667,734,0,556,1290
4668,308,0,901,1209
4669,524,0,432,956
4670,625,0,16,641
4671,550,0,334,884
4672,488,0,987,1475
4673,360,0,411,771
4674,863,0,554,1417
4675,639,0,143,782
4676,59,0,1,60
4677,314,0,605,919
4678,261,0,718,979
4679,481,0,745,1226
4680,875,0,622,1497
4681,754,0,874,1628
4682,297,0,838,1135
4683,800,0,637,1437
4684,522,0,558,1080
4685,965,0,829,1794
4686,202,0,943,1145
4687,21,0,688,709
4688,183,0,250,433
4689,979,0,792,1771
4690,386,0,585,971
4691,240,0,788,1028
4692,309,0,565,874
4693,722,0,181,903
4694,190,0,647,837
4695,202,0,952,1154
4696,64,0,26,90
4697,912,0,301,1213
4698,986,0,344,1330
4699,381,0,988,1369
4700,359,0,315,674
4701,870,0,50,920
4702,753,0,658,1411
4703,334,0,173,507
4704,196,0,603,799
4705,22,0,502,524
4706,86,0,168,254
4707,432,0,778,1210
4708,195,0,150,345
4709,942,0,757,1699
4710,541,0,357,898
4711,93,0,870,963
4712,8,0,794,802
4713,557,0,861,1418
4714,466,0,88,554
4715,155,0,169,324
4716,823,0,846,1669
4717,36,0,554,590
4718,193,0,912,1105
4719,860,0,386,1246
4720,568,0,924,1492
4721,27,0,569,596
4722,292,0,328,620
4723,584,0,136,720
4724,42,0,992,1034
4725,772,0,420,1192
4726,603,0,538,1141
4727,157,0,38,195
4728,762,0,946,1708
4729,325,0,837,1162
4730,342,0,745,1087
4731,693,0,953,1646
4732,664,0,289,953
4733,457,0,190,647
4734,378,0,225,603
4735,610,0,11,621
4736,209,0,993,1202
4737,440,0,272,712
4738,883,0,392,1275
4739,861,0,546,1407
4740,13,0,728,741
4741,119,0,534,653
4742,778,0,285,1063
4743,192,0,197,389
4744,131,0,354,485
4745,731,0,260,991
4746,769,0,507,1276
4747,652,0,510,1162
4748,709,0,455,1164
4749,325,0,14,339
4750,328,0,127,455
4751,607,0,325,932
4752,348,0,638,986
4753,224,0,26,250
4754,568,0,317,885
4755,175,0,675,850
4756,70,0,204,274
4757,762,0,277,1039
4758,545,0,729,1274
4759,45,0,980,1025
4760,410,0,574,984
4761,395,0,759,1154
4762,232,0,389,621
4763,121,0,224,345
4764,406,0,891,1297
4765,728,0,80,808
4766,977,0,994,1971
4767,103,0,901,1004
4768,848,0,754,1602
4769,399,0,823,1222
4770,328,0,838,1166
4771,419,0,143,562
4772,78,0,376,454
4773,713,0,752,1465
4774,814,0,242,1056
4775,164,0,120,284
4776,455,0,23,478
4777,812,0,289,1101
4778,280,0,574,854
4779,607,0,374,981
4780,527,0,411,938
4781,850,0,32,882
4782,221,0,573,794
4783,137,0,267,404
4784,507,0,354,861
4785,975,0,242,1217
4786,431,0,269,700
4787,79,0,91,170
4788,497,0,271,768
4789,386,0,185,571
4790,547,0,647,1194
4791,788,0,730,1518
4792,574,0,916,1490
4793,410,0,336,746
4794,961,0,668,1629
4795,7,0,165,172
4796,22,0,225,247
4797,690,0,674,1364
4798,692,0,220,912
4799,987,0,56,1043
4800,560,0,461,1021
4801,650,0,573,1223
4802,957,0,730,1687
4803,806,0,290,1096
4804,912,0,694,1606
4805,837,0,640,1477
4806,568,0,589,1157
4807,448,0,372,820
4808,579,0,70,649
4809,687,0,862,1549
4810,314,0,719,1033
4811,681,0,666,1347
4812,143,0,737,880
4813,965,0,389,1354
4814,133,0,932,1065
4815,711,0,765,1476
4816,898,0,349,1247
4817,435,0,27,462
4818,466,0,9,475
4819,249,0,979,1228
4820,133,0,976,1109
4821,980,0,979,1959
4822,504,0,611,1115
4823,626,0,53,679
4824,318,0,834,1152
4825,260,0,873,1133
4826,744,0,256,1000
4827,116,0,679,795
4828,799,0,220,1019
4829,758,0,731,1489
4830,759,0,604,1363
4831,500,0,684,1184
4832,293,0,511,804
4833,181,0,6,187
4834,306,0,166,472
4835,874,0,814,1688
4836,826,0,970,1796
4837,895,0,290,1185
4838,143,0,641,784
4839,924,0,109,1033
4840,182,0,799,981
4841,157,0,372,529
4842,638,0,90,728
4843,660,0,421,1081
4844,682,0,334,1016
4845,192,0,490,682
4846,271,0,769,1040
4847,432,0,538,970
4848,160,0,761,921
4849,689,0,229,918
4850,57,0,333,390
4851,964,0,191,1155
4852,483,0,58,541
4853,347,0,880,1227
4854,25,0,469,494
4855,496,0,41,537
4856,471,0,335,806
4857,817,0,45,862
4858,631,0,498,1129
4859,927,0,861,1788
4860,174,0,991,1165
4861,470,0,485,955
4862,143,0,542,685
4863,958,0,70,1028
4864,959,0,184,1143
4865,340,0,827,1167
4866,482,0,665,1147
4867,855,0,525,1380
4868,855,0,71,926
4869,273,0,861,1134
4870,393,0,645,1038
4871,406,0,281,687
4872,175,0,865,1040
4873,203,0,288,491
4874,153,0,278,431
4875,805,0,948,1753
4876,704,0,772,1476
4877,502,0,843,1345
4878,671,0,645,1316
4879,54,0,758,812
4880,634,0,431,1065
4881,978,0,736,1714
4882,848,0,834,1682
4883,211,0,420,631
4884,56,0,192,248
4885,938,0,447,1385
4886,636,0,640,1276
4887,397,0,387,784
4888,536,0,568,1104
4889,543,0,441,984
4890,223,0,894,1117
4891,465,0,7,472
4892,371,0,204,575
4893,11,0,603,614
4894,378,0,564,942
4895,607,0,460,1067
4896,345,0,486,831
4897,829,0,668,1497
4898,666,0,824,1490
4899,332,0,460,792
4900,187,0,229,416
4901,941,0,178,1119
4902,720,0,65,785
4903,837,0,236,1073
4904,193,0,257,450
4905,375,0,605,980
4906,741,0,351,1092
4907,704,0,708,1412
4908,363,0,991,1354
4909,856,0,307,1163
4910,458,0,258,716
4911,274,0,207,481
4912,396,0,633,1029
4913,366,0,448,814
4914,258,0,575,833
4915,119,0,31,150
4916,227,0,760,987
4917,690,0,758,1448
4918,765,0,640,1405
4919,188,0,788,976
4920,166,0,138,304
4921,26,0,616,642
4922,612,0,486,1098
4923,263,0,288,551
4924,778,0,559,1337
4925,464,0,417,881
4926,871,0,216,1087
4927,636,0,599,1235
4928,758,0,101,859
4929,391,0,118,509
4930,243,0,661,904
4931,921,0,1000,1921
4932,993,0,565,1558
4933,459,0,719,1178
4934,987,0,95,1082
4935,76,0,801,877
4936,353,0,772,1125
4937,440,0,247,687
4938,156,0,105,261
4939,893,0,386,1279
4940,685,0,414,1099
4941,527,0,578,1105
4942,125,0,769,894
4943,901,0,500,1401
4944,250,0,520,770
4945,325,0,30,355
4946,270,0,246,516
4947,524,0,47,571
4948,62,0,221,283
4949,101,0,622,723
4950,110,0,44,154
4951,111,0,930,1041
4952,678,0,565,1243
4953,550,0,542,1092
4954,639,0,664,1303
4955,589,0,143,732
4956,65,0,528,593
4957,27,0,334,361
4958,277,0,43,320
4959,594,0,997,1591
4960,620,0,430,1050
4961,723,0,375,1098
4962,551,0,125,676
4963,624,0,111,735
4964,898,0,13,911
4965,859,0,32,891
4966,158,0,702,860
4967,141,0,838,979
4968,474,0,586,1060
4969,3,0,795,798
4970,916,0,320,1236
4971,191,0,403,594
4972,461,0,590,1051
4973,378,0,722,1100
4974,720,0,466,1186
4975,346,0,1,347
4976,122,0,483,605
4977,718,0,823,1541
4978,874,0,613,1487
4979,618,0,316,934
4980,491,0,910,1401
4981,103,0,538,641
4982,215,0,557,772
4983,264,0,183,447
4984,662,0,213,875
4985,233,0,458,691
4986,578,0,95,673
4987,628,0,221,849
4988,131,0,884,1015
4989,845,0,502,1347
4990,200,0,834,1034
4991,556,0,173,729
4992,284,0,148,432
4993,990,0,233,1223
4994,258,0,165,423
4995,367,0,933,1300
4996,843,0,580,1423
4997,325,0,668,993
4998,216,0,232,448
4999,15,0,843,858
5000,864,0,394,1258
5001,702,0,43,745
5002,971,0,128,1099
5003,672,0,367,1039
5004,626,0,211,837
5005,568,0,964,1532
5006,581,0,695,1276
5007,728,0,868,1596
5008,312,0,292,604
5009,254,0,523,777
5010,578,0,23,601
5011,345,0,25,370
5012,30,0,463,493
5013,396,0,621,1017
5014,919,0,400,1319
5015,399,0,917,1316
5016,646,0,852,1498
5017,903,0,207,1110
5018,985,0,979,1964
5019,451,0,965,1416
5020,317,0,714,1031
5021,346,0,128,474
5022,381,0,211,592
5023,806,0,523,1329
5024,320,0,535,855
5025,261,0,945,1206
5026,539,0,430,969
5027,715,0,928,1643
5028,401,0,961,1362
5029,409,0,722,1131
5030,477,0,685,1162
5031,381,0,331,712
5032,402,0,273,675
5033,392,0,972,1364
5034,109,0,463,572
5035,603,0,506,1109
5036,720,0,222,942
5037,546,0,356,902
5038,945,0,724,1669
5039,334,0,693,1027
5040,389,0,946,1335
5041,402,0,181,583
5042,874,0,485,1359
5043,953,0,560,1513
5044,311,0,103,414
5045,861,0,226,1087
5046,823,0,657,1480
5047,932,0,750,1682
5048,427,0,342,769
5049,627,0,163,790
5050,772,0,346,1118
5051,15,0,827,842
5052,90,0,921,1011
5053,117,0,403,520
5054,380,0,632,1012
5055,707,0,813,1520
5056,306,0,650,956
5057,64,0,362,426
5058,306,0,166,472
5059,611,0,670,1281
5060,825,0,895,1720
5061,143,0,487,630
5062,657,0,29,686
5063,300,0,396,696
5064,638,0,907,1545
5065,357,0,838,1195
5066,819,0,836,1655
5067,11,0,415,426
5068,57,0,509,566
5069,387,0,395,782
5070,296,0,859,1155
5071,937,0,985,1922
5072,725,0,467,1192
5073,325,0,538,863
5074,799,0,229,1028
5075,27,0,155,182
5076,719,0,455,1174
5077,611,0,393,1004
5078,744,0,800,1544
5079,100,0,987,1087
5080,779,0,616,1395
5081,293,0,147,440
5082,819,0,131,950
5083,142,0,931,1073
5084,788,0,83,871
5085,425,0,188,613
5086,151,0,752,903
5087,298,0,22,320
5088,556,0,919,1475
5089,547,0,451,998
5090,713,0,532,1245
5091,34,0,297,331
5092,404,0,64,468
5093,241,0,815,1056
5094,734,0,494,1228
5095,720,0,99,819
5096,658,0,655,1313
5097,548,0,203,751
5098,864,0,199,1063
5099,443,0,25,468
5100,39,0,683,722
5101,949,0,857,1806
5102,828,0,247,1075
5103,366,0,247,613
5104,861,0,92,953
5105,78,0,800,878
5106,673,0,184,857
5107,236,0,331,567
5108,480,0,158,638
5109,969,0,906,1875
5110,689,0,265,954
5111,963,0,940,1903
5112,587,0,214,801
5113,442,0,662,1104
5114,980,0,972,1952
5115,581,0,947,1528
5116,532,0,50,582
5117,915,0,606,1521
5118,201,0,363,564
5119,81,0,800,881
5120,944,0,294,1238
5121,814,0,169,983
5122,39,0,955,994
5123,297,0,682,979
5124,170,0,9,179
5125,682,0,918,1600
5126,939,0,912,1851
5127,91,0,48,139
5128,634,0,966,1600
5129,628,0,779,1407
5130,893,0,890,1783
5131,554,0,12,566
5132,117,0,145,262
5133,11,0,895,906
5134,183,0,952,1135
5135,917,0,32,949
5136,37,0,874,911
5137,807,0,474,1281
5138,394,0,364,758
5139,626,0,733,1359
5140,341,0,14,355
5141,890,0,677,1567
5142,323,0,661,984
5143,998,0,815,1813
5144,557,0,937,1494
5145,183,0,400,583
5146,463,0,335,798
5147,870,0,635,1505
5148,787,0,443,1230
5149,365,0,646,1011
5150,360,0,589,949
5151,157,0,240,397
5152,580,0,167,747
5153,428,0,36,464
5154,657,0,113,770
5155,566,0,574,1140
5156,820,0,659,1479
5157,764,0,231,995
5158,459,0,365,824
5159,316,0,843,1159
5160,923,0,908,1831
5161,165,0,621,786
5162,511,0,362,873
5163,911,0,382,1293
5164,609,0,94,703
5165,948,0,427,1375
5166,679,0,412,1091
5167,453,0,619,1072
5168,441,0,718,1159
5169,274,0,657,931
5170,289,0,310,599
5171,181,0,149,330
5172,515,0,580,1095
5173,818,0,186,1004
5174,716,0,626,1342
5175,738,0,626,1364
5176,521,0,17,538
5177,239,0,696,935
5178,159,0,327,486
5179,567,0,340,907
5180,722,0,400,1122
5181,688,0,90,778
5182,502,0,468,970
5183,559,0,919,1478
5184,178,0,240,418
5185,317,0,201,518
5186,522,0,176,698
5187,837,0,936,1773
5188,219,0,237,456
5189,332,0,39,371
5190,155,0,227,382
5191,623,0,535,1158
5192,822,0,931,1753
5193,733,0,784,1517
5194,376,0,203,579
5195,226,0,133,359
5196,872,0,934,1806
5197,877,0,955,1832
5198,151,0,873,1024
5199,786,0,773,1559
5200,410,0,39,449
5201,565,0,960,1525
5202,681,0,682,1363
5203,308,0,602,910
5204,963,0,68,1031
5205,593,0,896,1489
5206,347,0,946,1293
5207,441,0,331,772
5208,464,0,360,824
5209,541,0,270,811
5210,133,0,222,355
5211,341,0,788,1129
5212,716,0,736,1452
5213,450,0,549,999
5214,881,0,742,1623
5215,472,0,765,1237
5216,407,0,561,968
5217,633,0,217,850
5218,811,0,424,1235
5219,975,0,715,1690
5220,766,0,435,1201
5221,317,0,642,959
5222,658,0,82,740
5223,59,0,98,157
5224,660,0,883,1543
5225,921,0,26,947
5226,282,0,23,305
5227,471,0,79,550
5228,83,0,316,399
5229,431,0,266,697
5230,564,0,16,580
5231,968,0,729,1697
5232,820,0,474,1294
5233,689,0,626,1315
5234,715,0,940,1655
5235,140,0,118,258
5236,128,0,608,736
5237,300,0,188,488
5238,24,0,930,954
5239,6,0,324,330
5240,690,0,628,1318
5241,565,0,696,1261
5242,147,0,484,631
5243,160,0,782,942
5244,958,0,445,1403
5245,827,0,439,1266
5246,771,0,514,1285
5247,317,0,650,967
5248,269,0,635,904
5249,659,0,446,1105
5250,682,0,536,1218
5251,965,0,27,992
5252,623,0,747,1370
5253,798,0,759,1557
5254,369,0,745,1114
5255,56,0,518,574
5256,460,0,916,1376
5257,530,0,603,1133
5258,255,0,581,836
5259,583,0,805,1388
5260,8,0,138,146
5261,561,0,406,967
5262,373,0,291,664
5263,838,0,996,1834
5264,178,0,452,630
5265,344,0,360,704
5266,553,0,916,1469
5267,978,0,605,1583
5268,273,0,915,1188
5269,403,0,517,920
5270,251,0,411,662
5271,810,0,627,1437
5272,245,0,126,371
5273,491,0,277,768
5274,3,0,868,871
5275,255,0,98,353
5276,123,0,659,782
5277,795,0,257,1052
5278,718,0,703,1421
5279,930,0,979,1909
5280,446,0,641,1087
5281,118,0,85,203
5282,842,0,961,1803
5283,64,0,440,504
5284,740,0,532,1272
5285,60,0,391,451
5286,49,0,239,288
5287,41,0,863,904
5288,399,0,218,617
5289,548,0,221,769
5290,702,0,709,1411
5291,730,0,670,1400
5292,514,0,257,771
5293,49,0,622,671
5294,987,0,310,1297
5295,187,0,342,529
5296,512,0,126,638
5297,739,0,828,1567
5298,963,0,86,1049
5299,587,0,575,1162
5300,353,0,19,372
5301,952,0,50,1002
5302,47,0,872,919
5303,864,0,644,1508
5304,977,0,738,1715
5305,216,0,639,855
5306,53,0,223,276
5307,628,0,420,1048
5308,820,0,472,1292
5309,850,0,72,922
5310,265,0,266,531
5311,787,0,678,1465
5312,773,0,586,1359
5313,980,0,799,1779
5314,844,0,317,1161
5315,397,0,304,701
5316,241,0,647,888
5317,56,0,174,230
5318,221,0,7,228
5319,447,0,336,783
5320,792,0,24,816
5321,462,0,467,929
5322,275,0,395,670
5323,277,0,83,360
5324,615,0,893,1508
5325,773,0,326,1099
5326,949,0,913,1862
5327,662,0,447,1109
5328,780,0,904,1684
5329,871,0,765,1636
5330,938,0,286,1224
5331,916,0,256,1172
5332,808,0,436,1244
5333,18,0,737,755
5334,550,0,685,1235
5335,269,0,131,400
5336,465,0,953,1418
5337,98,0,84,182
5338,791,0,322,1113
5339,316,0,153,469
5340,296,0,36,332
5341,115,0,448,563
5342,722,0,322,1044
5343,64,0,212,276
5344,226,0,99,325
5345,105,0,935,1040
5346,902,0,853,1755
5347,312,0,228,540
5348,631,0,501,1132
5349,391,0,279,670
5350,382,0,695,1077
5351,586,0,515,1101
5352,430,0,106,536
5353,399,0,836,1235
5354,31,0,559,590
5355,975,0,542,1517
5356,255,0,382,637
5357,134,0,229,363
5358,552,0,889,1441
5359,144,0,816,960
5360,580,0,542,1122
5361,569,0,607,1176
5362,728,0,942,1670
5363,302,0,683,985
5364,505,0,212,717
5365,815,0,133,948
5366,571,0,615,1186
5367,718,0,14,732
5368,631,0,578,1209
5369,163,0,908,1071
5370,434,0,773,1207
5371,600,0,470,1070
5372,661,0,820,1481
5373,292,0,752,1044
5374,683,0,313,996
5375,199,0,606,805
5376,580,0,620,1200
5377,511,0,766,1277
5378,707,0,199,906
5379,199,0,242,441
5380,143,0,78,221
5381,748,0,123,871
5382,935,0,136,1071
5383,867,0,492,1359
5384,424,0,617,1041
5385,283,0,306,589
5386,426,0,255,681
5387,722,0,632,1354
5388,457,0,442,899
5389,929,0,826,1755
5390,476,0,12,488
5391,320,0,372,692
5392,662,0,355,1017
5393,217,0,207,424
5394,473,0,100,573
5395,474,0,181,655
5396,685,0,710,1395
5397,487,0,232,719
5398,877,0,700,1577
5399,188,0,440,628
5400,340,0,608,948
5401,145,0,847,992
5402,755,0,816,1571
5403,701,0,413,1114
5404,740,0,730,1470
5405,186,0,508,694
5406,614,0,311,925
5407,69,0,533,602
5408,42,0,66,108
5409,503,0,819,1322
5410,43,0,227,270
5411,33,0,912,945
5412,9,0,454,463
5413,687,0,571,1258
5414,479,0,408,887
5415,78,0,491,569
5416,899,0,275,1174
5417,104,0,773,877
5418,113,0,624,737
5419,986,0,593,1579
5420,527,0,417,944
5421,962,0,586,1548
5422,718,0,120,838
5423,711,0,276,987
5424,681,0,361,1042
5425,874,0,645,1519
5426,206,0,46,252
5427,180,0,987,1167
5428,500,0,55,555
5429,806,0,872,1678
5430,329,0,347,676
5431,542,0,601,1143
5432,414,0,505,919
5433,785,0,127,912
5434,43,0,713,756
5435,669,0,789,1458
5436,356,0,516,872
5437,973,0,621,1594
5438,869,0,687,1556
5439,388,0,711,1099
5440,977,0,727,1704
5441,4,0,113,117
5442,804,0,659,1463
5443,431,0,440,871
5444,178,0,847,1025
5445,756,0,634,1390
5446,385,0,585,970
5447,635,0,703,1338
5448,387,0,90,477
5449,99,0,678,777
5450,915,0,512,1427
5451,263,0,909,1172
5452,420,0,827,1247
5453,925,0,557,1482
5454,303,0,634,937
5455,749,0,391,1140
5456,234,0,669,903
5457,370,0,36,406
5458,10,0,708,718
5459,295,0,542,837
5460,235,0,253,488
5461,211,0,435,646
5462,229,0,736,965
5463,772,0,30,802
5464,395,0,555,950
5465,116,0,742,858
5466,614,0,787,1401
5467,458,0,975,1433
5468,30,0,338,368
5469,53,0,929,982
5470,804,0,136,940
5471,570,0,440,1010
5472,162,0,628,790
5473,419,0,372,791
5474,732,0,905,1637
5475,197,0,203,400
5476,156,0,851,1007
5477,501,0,681,1182
5478,919,0,393,1312
5479,112,0,163,275
5480,596,0,393,989
5481,3,0,512,515
5482,661,0,467,1128
5483,641,0,185,826
5484,531,0,195,726
5485,845,0,507,1352
5486,409,0,656,1065
5487,147,0,281,428
5488,109,0,863,972
5489,519,0,286,805
5490,101,0,765,866
5491,806,0,468,1274
5492,54,0,366,420
5493,501,0,99,600
5494,901,0,702,1603
5495,1,0,346,347
5496,5,0,167,172
5497,846,0,935,1781
5498,24,0,743,767
5499,912,0,963,1875
5500,311,0,788,1099
5501,328,0,512,840
5502,643,0,691,1334
5503,995,0,575,1570
5504,651,0,592,1243
5505,513,0,112,625
5506,22,0,995,1017
5507,629,0,467,1096
5508,128,0,239,367
5509,169,0,410,579
5510,279,0,815,1094
5511,500,0,282,782
5512,198,0,738,936
5513,459,0,858,1317
5514,931,0,502,1433
5515,964,0,561,1525
5516,816,0,754,1570
5517,852,0,753,1605
5518,840,0,232,1072
5519,607,0,376,983
5520,647,0,653,1300
5521,574,0,536,1110
5522,51,0,53,104
5523,510,0,3,513
5524,314,0,7,321
5525,47,0,409,456
5526,214,0,123,337
5527,149,0,487,636
5528,297,0,317,614
5529,255,0,315,570
5530,463,0,896,1359
5531,685,0,401,1086
5532,373,0,572,945
5533,138,0,499,637
5534,772,0,483,1255
5535,892,0,57,949
5536,605,0,386,991
5537,185,0,156,341
5538,616,0,987,1603
5539,90,0,37,127
5540,41,0,227,268
5541,845,0,854,1699
5542,385,0,380,765
5543,812,0,737,1549
5544,260,0,331,591
5545,246,0,171,417
5546,88,0,924,1012
5547,518,0,977,1495
5548,99,0,908,1007
5549,44,0,456,500
5550,59,0,477,536
5551,442,0,661,1103
5552,572,0,263,835
5553,569,0,262,831
5554,492,0,421,913
5555,883,0,38,921
5556,275,0,505,780
5557,262,0,46,308
5558,30,0,732,762
5559,134,0,11,145
5560,817,0,759,1576
5561,502,0,253,755
5562,934,0,169,1103
5563,268,0,312,580
5564,77,0,450,527
5565,211,0,606,817
5566,51,0,896,947
5567,505,0,436,941
5568,676,0,182,858
5569,431,0,686,1117
5570,621,0,412,1033
5571,508,0,232,740
5572,323,0,270,593
5573,122,0,834,956
5574,895,0,867,1762
5575,383,0,113,496
5576,961,0,75,1036
5577,305,0,311,616
5578,869,0,927,1796
5579,618,0,117,735
5580,604,0,155,759
5581,672,0,411,1083
5582,828,0,750,1578
5583,964,0,718,1682
5584,695,0,80,775
5585,435,0,29,464
5586,183,0,580,763
5587,983,0,139,1122
5588,253,0,502,755
5589,262,0,170,432
5590,208,0,385,593
5591,234,0,743,977
5592,845,0,446,1291
5593,177,0,144,321
5594,91,0,968,1059
5595,316,0,292,608
5596,403,0,17,420
5597,567,0,976,1543
5598,0,0,366,366
5599,450,0,48,498
5600,789,0,172,961
5601,138,0,506,644
5602,733,0,541,1274
5603,2,0,860,862
5604,414,0,823,1237
5605,816,0,382,1198
5606,298,0,246,544
5607,735,0,584,1319
5608,791,0,918,1709
5609,606,0,170,776
5610,127,0,506,633
5611,997,0,422,1419
5612,754,0,120,874
5613,562,0,227,789
5614,450,0,402,852
5615,901,0,468,1369
5616,19,0,920,939
5617,57,0,131,188
5618,415,0,458,873
5619,80,0,631,711
5620,356,0,995,1351
5621,517,0,25,542
5622,625,0,532,1157
5623,897,0,649,1546
5624,559,0,178,737
5625,521,0,575,1096
5626,936,0,411,1347
5627,882,0,908,1790
5628,397,0,308,705
5629,934,0,849,1783
5630,306,0,460,766
5631,349,0,351,700
5632,153,0,133,286
5633,855,0,285,1140
5634,2,0,937,939
5635,455,0,143,598
5636,746,0,216,962
5637,110,0,525,635
5638,854,0,420,1274
5639,202,0,881,1083
5640,873,0,415,1288
5641,319,0,553,872
5642,888,0,36,924
5643,131,0,461,592
5644,502,0,917,1419
5645,68,0,444,512
5646,283,0,872,1155
5647,313,0,115,428
5648,869,0,53,922
5649,177,0,563,740
5650,355,0,158,513
5651,802,0,129,931
5652,500,0,637,1137
5653,944,0,239,1183
5654,183,0,103,286
5655,148,0,810,958
5656,559,0,169,728
5657,228,0,647,875
5658,629,0,812,1441
5659,433,0,725,1158
5660,186,0,143,329
5661,579,0,521,1100
5662,47,0,845,892
5663,461,0,591,1052
5664,816,0,614,1430
5665,554,0,777,1331
5666,181,0,787,968
5667,837,0,779,1616
5668,600,0,470,1070
5669,48,0,64,112
5670,502,0,434,936
5671,64,0,137,201
5672,923,0,221,1144
5673,37,0,411,448
5674,180,0,53,233
5675,120,0,626,746
5676,471,0,334,805
5677,867,0,537,1404
5678,200,0,656,856
5679,235,0,260,495
5680,271,0,640,911
5681,796,0,353,1149
5682,142,0,402,544
5683,890,0,796,1686
5684,320,0,745,1065
5685,136,0,466,602
5686,252,0,164,416
5687,298,0,298,596
5688,93,0,52,145
5689,475,0,55,530
5690,628,0,45,673
5691,384,0,211,595
5692,206,0,186,392
5693,352,0,981,1333
5694,428,0,465,893
5695,559,0,306,865
5696,261,0,540,801
5697,556,0,948,1504
5698,297,0,476,773
5699,545,0,822,1367
5700,453,0,785,1238
5701,779,0,188,967
5702,376,0,576,952
5703,763,0,911,1674
5704,142,0,559,701
5705,328,0,672,1000
5706,740,0,317,1057
5707,619,0,900,1519
5708,922,0,527,1449
5709,757,0,331,1088
5710,873,0,929,1802
5711,936,0,147,1083
5712,593,0,894,1487
5713,340,0,118,458
5714,953,0,330,1283
5715,42,0,888,930
5716,972,0,489,1461
5717,157,0,541,698
5718,164,0,45,209
5719,10,0,663,673
5720,531,0,359,890
5721,616,0,452,1068
5722,230,0,922,1152
5723,890,0,187,1077
5724,905,0,893,1798
5725,47,0,688,735
5726,507,0,967,1474
5727,418,0,530,948
5728,347,0,864,1211
5729,557,0,520,1077
5730,683,0,147,830
5731,997,0,12,1009
5732,248,0,934,1182
5733,890,0,776,1666
5734,760,0,135,895
5735,427,0,331,758
5736,153,0,208,361
5737,339,0,714,1053
5738,332,0,440,772
5739,126,0,972,1098
5740,797,0,433,1230
5741,979,0,341,1320
5742,536,0,1,537
5743,14,0,244,258
5744,74,0,500,574
5745,363,0,930,1293
5746,317,0,438,755
5747,19,0,708,727
5748,354,0,549,903
5749,490,0,148,638
5750,523,0,429,952
5751,417,0,793,1210
5752,878,0,566,1444
5753,979,0,261,1240
5754,38,0,293,331
5755,227,0,726,953
5756,8,0,644,652
5757,736,0,117,853
5758,635,0,376,1011
5759,504,0,937,1441
5760,881,0,80,961
5761,230,0,916,1146
5762,582,0,476,1058
5763,710,0,428,1138
5764,70,0,539,609
5765,448,0,648,1096
5766,839,0,289,1128
5767,528,0,441,969
5768,352,0,708,1060
5769,914,0,144,1058
5770,550,0,721,1271
5771,64,0,837,901
5772,939,0,772,1711
5773,565,0,562,1127
5774,821,0,277,1098
5775,316,0,196,512
5776,497,0,210,707
5777,216,0,826,1042
5778,553,0,921,1474
5779,745,0,922,1667
5780,566,0,19,585
5781,739,0,11,750
5782,389,0,154,543
5783,31,0,1,32
5784,769,0,712,1481
5785,119,0,212,331
5786,561,0,942,1503
5787,910,0,149,1059
5788,444,0,408,852
5789,499,0,815,1314
5790,684,0,0,684
5791,710,0,874,1584
5792,172,0,567,739
5793,9,0,199,208
5794,712,0,410,1122
5795,124,0,757,881
5796,237,0,898,1135
5797,842,0,87,929
5798,24,0,30,54
5799,256,0,328,584
5800,12,0,893,905
5801,758,0,774,1532
5802,891,0,323,1214
5803,580,0,879,1459
5804,982,0,22,1004
5805,641,0,675,1316
5806,542,0,747,1289
5807,429,0,34,463
5808,967,0,807,1774
5809,614,0,631,1245
5810,880,0,223,1103
5811,155,0,587,742
5812,736,0,1,737
5813,453,0,637,1090
5814,939,0,559,1498
5815,615,0,130,745
5816,29,0,400,429
5817,695,0,765,1460
5818,905,0,610,1515
5819,251,0,242,493
5820,864,0,634,1498
5821,143,0,400,543
5822,86,0,345,431
5823,807,0,713,1520
5824,233,0,99,332
5825,583,0,81,664
5826,190,0,432,622
5827,99,0,38,137
5828,481,0,863,1344
5829,233,0,149,382
5830,585,0,432,1017
5831,886,0,59,945
5832,715,0,344,1059
5833,730,0,758,1488
5834,797,0,759,1556
5835,781,0,253,1034
5836,360,0,697,1057
5837,103,0,174,277
5838,736,0,877,1613
5839,234,0,797,1031
5840,603,0,360,963
5841,582,0,984,1566
5842,295,0,940,1235
5843,839,0,56,895
5844,76,0,694,770
5845,884,0,845,1729
5846,178,0,402,580
5847,284,0,772,1056
5848,611,0,994,1605
5849,987,0,394,1381
5850,545,0,734,1279
5851,238,0,871,1109
5852,991,0,899,1890
5853,123,0,108,231
5854,98,0,662,760
5855,455,0,597,1052
5856,547,0,686,1233
5857,995,0,318,1313
5858,51,0,719,770
5859,997,0,580,1577
5860,822,0,282,1104
5861,692,0,437,1129
5862,31,0,836,867
5863,82,0,767,849
5864,304,0,727,1031
5865,749,0,566,1315
5866,680,0,831,1511
5867,562,0,222,784
5868,560,0,122,682
5869,950,0,701,1651
5870,788,0,409,1197
5871,357,0,961,1318
5872,909,0,789,1698
5873,577,0,713,1290
5874,731,0,186,917
5875,945,0,649,1594
5876,706,0,974,1680
5877,370,0,603,973
5878,959,0,340,1299
5879,679,0,118,797
5880,778,0,233,1011
5881,120,0,236,356
5882,525,0,82,607
5883,252,0,625,877
5884,946,0,314,1260
5885,71,0,36,107
5886,235,0,410,645
5887,648,0,515,1163
5888,322,0,413,735
5889,340,0,211,551
5890,531,0,191,722
5891,679,0,675,1354
5892,103,0,768,871
5893,275,0,320,595
5894,849,0,631,1480
5895,139,0,126,265
5896,607,0,308,915
5897,961,0,102,1063
5898,776,0,622,1398
5899,478,0,48,526
5900,375,0,284,659
5901,688,0,285,973
5902,201,0,854,1055
5903,683,0,49,732
5904,642,0,927,1569
5905,977,0,977,1954
5906,165,0,517,682
5907,457,0,501,958
5908,302,0,530,832
5909,847,0,499,1346
5910,766,0,248,1014
5911,55,0,913,968
5912,942,0,838,1780
5913,996,0,455,1451
5914,764,0,614,1378
5915,140,0,443,583
5916,621,0,317,938
5917,133,0,90,223
5918,824,0,751,1575
5919,144,0,679,823
5920,755,0,949,1704
5921,26,0,508,534
5922,152,0,146,298
5923,533,0,203,736
5924,486,0,726,1212
5925,144,0,152,296
5926,458,0,367,825
5927,358,0,719,1077
5928,350,0,599,949
5929,139,0,757,896
5930,479,0,678,1157
5931,832,0,949,1781
5932,249,0,4,253
5933,686,0,702,1388
5934,246,0,708,954
5935,701,0,405,1106
5936,570,0,755,1325
5937,175,0,408,583
5938,40,0,212,252
5939,681,0,995,1676
5940,522,0,629,1151
5941,304,0,151,455
5942,739,0,406,1145
5943,260,0,590,850
5944,539,0,822,1361
5945,761,0,176,937
5946,748,0,57,805
5947,683,0,492,1175
5948,931,0,945,1876
5949,846,0,644,1490
5950,198,0,965,1163
5951,423,0,610,1033
5952,437,0,400,837
5953,728,0,123,851
5954,804,0,495,1299
5955,474,0,643,1117
5956,900,0,895,1795
5957,767,0,298,1065
5958,441,0,524,965
5959,884,0,47,931
5960,269,0,749,1018
5961,512,0,624,1136
5962,129,0,753,882
5963,144,0,542,686
5964,446,0,66,512
5965,965,0,943,1908
5966,837,0,365,1202
5967,345,0,152,497
5968,214,0,248,462
5969,986,0,501,1487
5970,563,0,586,1149
5971,447,0,534,981
5972,853,0,984,1837
5973,564,0,49,613
5974,510,0,592,1102
5975,506,0,323,829
5976,302,0,379,681
5977,926,0,125,1051
5978,579,0,229,808
5979,621,0,98,719
5980,26,0,295,321
5981,995,0,392,1387
5982,423,0,861,1284
5983,988,0,955,1943
5984,491,0,898,1389
5985,644,0,512,1156
5986,30,0,673,703
5987,752,0,704,1456
5988,276,0,713,989
5989,231,0,302,533
5990,996,0,545,1541
5991,456,0,589,1045
5992,865,0,101,966
5993,962,0,746,1708
5994,482,0,915,1397
5995,38,0,771,809
5996,838,0,320,1158
5997,28,0,304,332
5998,245,0,985,1230
5999,394,0,675,1069
6000,153,0,999,1152
6001,507,0,520,1027
6002,471,0,752,1223
6003,625,0,400,1025
6004,853,0,671,1524
6005,11,0,355,366
6006,957,0,270,1227
6007,418,0,40,458
6008,265,0,327,592
6009,530,0,438,968
6010,598,0,95,693
6011,282,0,930,1212
6012,37,0,861,898
6013,922,0,511,1433
6014,193,0,230,423
6015,112,0,2,114
6016,596,0,53,649
6017,233,0,669,902
6018,798,0,681,1479
6019,311,0,238,549
6020,855,0,737,1592
6021,591,0,888,1479
6022,234,0,390,624
6023,423,0,204,627
6024,284,0,944,1228
6025,644,0,719,1363
6026,107,0,786,893
6027,437,0,698,1135
6028,532,0,209,741
6029,645,0,628,1273
6030,814,0,264,1078
6031,339,0,333,672
6032,473,0,870,1343
6033,268,0,199,467
6034,50,0,836,886
6035,84,0,656,740
6036,11,0,253,264
6037,981,0,331,1312
6038,981,0,972,1953
6039,878,0,834,1712
6040,715,0,635,1350
6041,896,0,351,1247
6042,128,0,137,265
6043,239,0,966,1205
6044,911,0,891,1802
6045,351,0,270,621
6046,601,0,772,1373
6047,909,0,500,1409
6048,453,0,883,1336
6049,806,0,952,1758
6050,474,0,93,567
6051,89,0,875,964
6052,997,0,836,1833
6053,818,0,740,1558
6054,549,0,775,1324
6055,334,0,463,797
6056,309,0,258,567
6057,695,0,881,1576
6058,314,0,743,1057
6059,651,0,891,1542
6060,402,0,646,1048
6061,508,0,50,558
6062,750,0,750,1500
6063,600,0,826,1426
6064,409,0,769,1178
6065,440,0,560,1000
6066,738,0,856,1594
6067,271,0,4,275
6068,410,0,505,915
6069,34,0,509,543
6070,550,0,386,936
6071,678,0,398,1076
6072,27,0,705,732
6073,734,0,556,1290
6074,103,0,168,271
6075,894,0,911,1805
6076,427,0,885,1312
6077,906,0,418,1324
6078,333,0,902,1235
6079,247,0,188,435
6080,128,0,288,416
6081,776,0,614,1390
6082,971,0,472,1443
6083,464,0,76,540
6084,489,0,252,741
6085,439,0,962,1401
6086,945,0,805,1750
6087,126,0,388,514
6088,6,0,851,857
6089,856,0,827,1683
6090,941,0,732,1673
6091,561,0,552,1113
6092,332,0,532,864
6093,434,0,437,871
6094,897,0,998,1895
6095,918,0,601,1519
6096,11,0,528,539
6097,612,0,940,1552
6098,7,0,865,872
6099,957,0,196,1153
6100,156,0,997,1153
6101,990,0,838,1828
6102,349,0,282,631
6103,951,0,216,1167
6104,298,0,764,1062
6105,236,0,72,308
6106,71,0,160,231
6107,67,0,224,291
6108,415,0,275,690
6109,700,0,332,1032
6110,144,0,486,630
6111,255,0,470,725
6112,408,0,874,1282
6113,149,0,314,463
6114,593,0,5,598
6115,418,0,946,1364
6116,687,0,14,701
6117,159,0,866,1025
6118,413,0,737,1150
6119,689,0,98,787
6120,365,0,278,643
6121,516,0,333,849
6122,910,0,177,1087
6123,900,0,180,1080
6124,898,0,220,1118
6125,145,0,571,716
6126,704,0,566,1270
6127,882,0,463,1345
6128,192,0,97,289
6129,717,0,330,1047
6130,324,0,872,1196
6131,943,0,209,1152
6132,543,0,981,1524
6133,622,0,893,1515
6134,204,0,13,217
6135,253,0,980,1233
6136,664,0,75,739
6137,128,0,875,1003
6138,961,0,350,1311
6139,710,0,635,1345
6140,323,0,31,354
6141,817,0,123,940
6142,300,0,19,319
6143,496,0,189,685
6144,205,0,376,581
6145,743,0,80,823
6146,224,0,98,322
6147,470,0,748,1218
6148,11,0,748,759
6149,251,0,300,551
6150,970,0,913,1883
6151,309,0,560,869
6152,135,0,325,460
6153,334,0,768,1102
6154,167,0,702,869
6155,942,0,264,1206
6156,730,0,805,1535
6157,841,0,874,1715
6158,964,0,563,1527
6159,329,0,90,419
6160,793,0,745,1538
6161,550,0,366,916
6162,637,0,527,1164
6163,931,0,626,1557
6164,446,0,672,1118
6165,225,0,527,752
6166,989,0,763,1752
6167,258,0,11,269
6168,618,0,734,1352
6169,385,0,133,518
6170,15,0,517,532
6171,580,0,174,754
6172,682,0,418,1100
6173,455,0,934,1389
6174,57,0,581,638
6175,242,0,824,1066
6176,770,0,329,1099
6177,427,0,833,1260
6178,26,0,345,371
6179,235,0,435,670
6180,836,0,955,1791
6181,40,0,289,329
6182,816,0,577,1393
6183,389,0,548,937
6184,104,0,397,501
6185,306,0,298,604
6186,34,0,274,308
6187,595,0,765,1360
6188,235,0,97,332
6189,905,0,836,1741
6190,793,0,189,982
6191,812,0,950,1762
6192,23,0,467,490
6193,338,0,625,963
6194,263,0,938,1201
6195,447,0,409,856
6196,496,0,444,940
6197,5,0,129,134
6198,591,0,36,627
6199,726,0,465,1191
6200,251,0,224,475
6201,530,0,995,1525
6202,556,0,967,1523
6203,859,0,234,1093
6204,963,0,156,1119
6205,939,0,642,1581
6206,734,0,799,1533
6207,148,0,877,1025
6208,628,0,381,1009
6209,858,0,913,1771
6210,735,0,63,798
6211,548,0,96,644
6212,647,0,335,982
6213,845,0,372,1217
6214,245,0,244,489
6215,31,0,461,492
6216,115,0,920,1035
6217,328,0,556,884
6218,439,0,457,896
6219,353,0,33,386
6220,590,0,405,995
6221,834,0,729,1563
6222,962,0,753,1715
6223,287,0,3,290
6224,610,0,660,1270
6225,614,0,56,670
6226,171,0,671,842
6227,138,0,262,400
6228,388,0,595,983
6229,780,0,922,1702
6230,590,0,143,733
6231,704,0,314,1018
6232,580,0,768,1348
6233,63,0,6,69
6234,391,0,660,1051
6235,829,0,644,1473
6236,589,0,924,1513
6237,197,0,462,659
6238,256,0,828,1084
6239,553,0,111,664
6240,740,0,71,811
6241,282,0,747,1029
6242,149,0,206,355
6243,511,0,557,1068
6244,209,0,345,554
6245,427,0,211,638
6246,471,0,340,811
6247,470,0,752,1222
6248,111,0,795,906
6249,947,0,83,1030
6250,184,0,159,343
6251,868,0,881,1749
6252,658,0,30,688
6253,793,0,659,1452
6254,406,0,198,604
6255,14,0,842,856
6256,753,0,237,990
6257,20,0,177,197
6258,587,0,804,1391
6259,606,0,576,1182
6260,235,0,279,514
6261,939,0,473,1412
6262,579,0,500,1079
6263,739,0,843,1582
6264,96,0,131,227
6265,185,0,956,1141
6266,303,0,869,1172
6267,764,0,7,771
6268,990,0,196,1186
6269,302,0,896,1198
6270,940,0,262,1202
6271,949,0,595,1544
6272,21,0,906,927
6273,272,0,658,930
6274,266,0,726,992
6275,403,0,708,1111
6276,370,0,859,1229
6277,504,0,563,1067
6278,376,0,98,474
6279,635,0,426,1061
6280,814,0,436,1250
6281,679,0,503,1182
6282,76,0,575,651
6283,759,0,307,1066
6284,503,0,54,557
6285,710,0,555,1265
6286,536,0,594,1130
6287,64,0,561,625
6288,338,0,67,405
6289,99,0,349,448
6290,508,0,550,1058
6291,89,0,760,849
6292,852,0,641,1493
6293,269,0,684,953
6294,624,0,796,1420
6295,316,0,984,1300
6296,444,0,38,482
6297,854,0,301,1155
6298,539,0,881,1420
6299,24,0,422,446
6300,601,0,119,720
6301,113,0,116,229
6302,837,0,130,967
6303,894,0,970,1864
6304,931,0,471,1402
6305,439,0,31,470
6306,411,0,347,758
6307,134,0,499,633
6308,46,0,678,724
6309,39,0,838,877
6310,808,0,431,1239
6311,5,0,901,906
6312,827,0,1,828
6313,872,0,425,1297
6314,791,0,869,1660
6315,731,0,745,1476
6316,502,0,42,544
6317,505,0,166,671
6318,152,0,360,512
6319,488,0,958,1446
6320,52,0,191,243
6321,242,0,849,1091
6322,974,0,761,1735
6323,741,0,683,1424
6324,615,0,574,1189
6325,23,0,558,581
6326,762,0,668,1430
6327,991,0,146,1137
6328,389,0,717,1106
6329,746,0,155,901
6330,92,0,893,985
6331,923,0,470,1393
6332,776,0,364,1140
6333,249,0,212,461
6334,817,0,544,1361
6335,128,0,438,566
6336,156,0,483,639
6337,572,0,535,1107
6338,966,0,85,1051
6339,897,0,921,1818
6340,343,0,116,459
6341,326,0,514,840
6342,191,0,242,433
6343,80,0,449,529
6344,644,0,737,1381
6345,707,0,32,739
6346,428,0,845,1273
6347,154,0,65,219
6348,391,0,468,859
6349,122,0,869,991
6350,330,0,989,1319
6351,171,0,345,516
6352,360,0,403,763
6353,158,0,295,453
6354,86,0,447,533
6355,168,0,796,964
6356,24,0,991,1015
6357,301,0,825,1126
6358,835,0,167,1002
6359,414,0,316,730
6360,932,0,962,1894
6361,938,0,398,1336
6362,503,0,698,1201
6363,904,0,494,1398
6364,722,0,247,969
6365,448,0,566,1014
6366,631,0,670,1301
6367,819,0,869,1688
6368,640,0,607,1247
6369,780,0,799,1579
6370,714,0,447,1161
6371,794,0,682,1476
6372,419,0,79,498
6373,509,0,251,760
6374,615,0,484,1099
6375,622,0,870,1492
6376,889,0,971,1860
6377,902,0,46,948
6378,139,0,554,693
6379,216,0,976,1192
6380,23,0,387,410
6381,305,0,83,388
6382,977,0,986,1963
6383,561,0,344,905
6384,409,0,398,807
6385,22,0,502,524
6386,59,0,929,988
6387,143,0,32,175
6388,598,0,810,1408
6389,882,0,265,1147
6390,362,0,686,1048
6391,940,0,329,1269
6392,716,0,950,1666
6393,118,0,630,748
6394,638,0,178,816
6395,233,0,482,715
6396,533,0,963,1496
6397,40,0,372,412
6398,275,0,691,966
6399,134,0,671,805
6400,966,0,450,1416
6401,950,0,186,1136
6402,191,0,447,638
6403,857,0,941,1798
6404,981,0,872,1853
6405,457,0,831,1288
6406,668,0,377,1045
6407,418,0,654,1072
6408,499,0,17,516
6409,727,0,73,800
6410,386,0,308,694
6411,961,0,780,1741
6412,905,0,518,1423
6413,242,0,572,814
6414,315,0,146,461
6415,722,0,807,1529
6416,634,0,811,1445
6417,888,0,666,1554
6418,544,0,814,1358
6419,770,0,108,878
6420,247,0,422,669
6421,780,0,208,988
6422,981,0,338,1319
6423,333,0,670,1003
6424,714,0,363,1077
6425,918,0,240,1158
6426,44,0,607,651
6427,71,0,500,571
6428,785,0,770,1555
6429,358,0,317,675
6430,487,0,852,1339
6431,157,0,220,377
6432,708,0,810,1518
6433,496,0,696,1192
6434,71,0,736,807
6435,109,0,31,140
6436,168,0,467,635
6437,860,0,717,1577
6438,320,0,458,778
6439,751,0,227,978
6440,80,0,770,850
6441,68,0,92,160
6442,842,0,192,1034
6443,930,0,807,1737
6444,350,0,738,1088
6445,139,0,312,451
6446,424,0,899,1323
6447,21,0,993,1014
6448,80,0,636,716
6449,82,0,73,155
6450,27,0,40,67
6451,630,0,733,1363
6452,962,0,126,1088
6453,173,0,851,1024
6454,753,0,722,1475
6455,955,0,423,1378
6456,644,0,534,1178
6457,974,0,711,1685
6458,268,0,151,419
6459,753,0,570,1323
6460,582,0,233,815
6461,995,0,545,1540
6462,638,0,75,713
6463,154,0,776,930
6464,110,0,265,375
6465,296,0,226,522
6466,440,0,131,571
6467,655,0,594,1249
6468,546,0,803,1349
6469,587,0,450,1037
6470,833,0,347,1180
6471,648,0,196,844
6472,552,0,812,1364
6473,287,0,381,668
6474,232,0,784,1016
6475,245,0,267,512
6476,318,0,790,1108
6477,844,0,312,1156
6478,417,0,625,1042
6479,570,0,115,685
6480,739,0,570,1309
6481,523,0,315,838
6482,507,0,585,1092
6483,884,0,343,1227
6484,631,0,413,1044
6485,34,0,409,443
6486,178,0,433,611
6487,460,0,298,758
6488,478,0,312,790
6489,829,0,868,1697
6490,899,0,958,1857
6491,867,0,743,1610
6492,295,0,56,351
6493,837,0,954,1791
6494,611,0,184,795
6495,223,0,226,449
6496,953,0,202,1155
6497,457,0,400,857
6498,79,0,337,416
6499,563,0,388,951
6500,662,0,183,845
6501,114,0,304,418
6502,462,0,270,732
6503,96,0,102,198
6504,955,0,376,1331
6505,47,0,993,1040
6506,133,0,994,1127
6507,77,0,837,914
6508,818,0,935,1753
6509,250,0,980,1230
6510,265,0,41,306
6511,732,0,254,986
6512,722,0,116,838
6513,65,0,158,223
6514,91,0,427,518
6515,606,0,85,691
6516,64,0,537,601
6517,877,0,523,1400
6518,603,0,129,732
6519,519,0,632,1151
6520,508,0,788,1296
6521,783,0,57,840
6522,633,0,452,1085
6523,1,0,130,131
6524,655,0,315,970
6525,287,0,920,1207
6526,808,0,832,1640
6527,455,0,413,868
6528,531,0,39,570
6529,83,0,476,559
6530,735,0,892,1627
6531,759,0,313,1072
6532,152,0,654,806
6533,497,0,564,1061
6534,608,0,402,1010
6535,247,0,756,1003
6536,816,0,909,1725
6537,7,0,956,963
6538,921,0,984,1905
6539,9,0,217,226
6540,460,0,360,820
6541,71,0,54,125
6542,407,0,209,616
6543,34,0,931,965
6544,977,0,49,1026
6545,405,0,461,866
6546,203,0,212,415
6547,749,0,633,1382
6548,615,0,182,797
6549,265,0,738,1003
6550,790,0,9,799
6551,924,0,499,1423
6552,914,0,468,1382
6553,252,0,152,404
6554,451,0,181,632
6555,693,0,729,1422
6556,415,0,447,862
6557,733,0,271,1004
6558,3,0,584,587
6559,461,0,742,1203
6560,44,0,727,771
6561,264,0,240,504
6562,116,0,55,171
6563,499,0,469,968
6564,955,0,934,1889
6565,280,0,203,483
6566,487,0,364,851
6567,350,0,123,473
6568,163,0,618,781
6569,915,0,159,1074
6570,882,0,42,924
6571,382,0,564,946
6572,794,0,988,1782
6573,567,0,73,640
6574,580,0,489,1069
6575,455,0,291,746
6576,732,0,948,1680
6577,260,0,558,818
6578,760,0,308,1068
6579,588,0,639,1227
6580,606,0,141,747
6581,20,0,155,175
6582,479,0,247,726
6583,224,0,857,1081
6584,396,0,71,467
6585,650,0,665,1315
6586,753,0,799,1552
6587,367,0,983,1350
6588,574,0,49,623
6589,233,0,0,233
6590,719,0,633,1352
6591,867,0,258,1125
6592,527,0,921,1448
6593,295,0,463,758
6594,777,0,215,992
6595,420,0,437,857
6596,12,0,206,218
6597,741,0,901,1642
6598,734,0,784,1518
6599,260,0,213,473
6600,92,0,798,890
6601,590,0,839,1429
6602,925,0,82,1007
6603,799,0,33,832
6604,362,0,269,631
6605,679,0,512,1191
6606,958,0,989,1947
6607,955,0,974,1929
6608,574,0,958,1532
6609,979,0,777,1756
6610,271,0,803,1074
6611,494,0,777,1271
6612,177,0,813,990
6613,13,0,969,982
6614,488,0,894,1382
6615,647,0,858,1505
6616,466,0,948,1414
6617,450,0,857,1307
6618,340,0,431,771
6619,704,0,764,1468
6620,347,0,791,1138
6621,770,0,572,1342
6622,906,0,959,1865
6623,79,0,979,1058
6624,808,0,899,1707
6625,536,0,313,849
6626,958,0,555,1513
6627,769,0,856,1625
6628,992,0,300,1292
6629,499,0,113,612
6630,571,0,642,1213
6631,750,0,778,1528
6632,581,0,484,1065
6633,607,0,360,967
6634,394,0,278,672
6635,986,0,844,1830
6636,938,0,539,1477
6637,456,0,797,1253
6638,193,0,393,586
6639,465,0,354,819
6640,923,0,764,1687
6641,120,0,526,646
6642,580,0,402,982
6643,571,0,925,1496
6644,866,0,982,1848
6645,633,0,497,1130
6646,416,0,751,1167
6647,234,0,395,629
6648,832,0,133,965
6649,883,0,963,1846
6650,472,0,167,639
6651,810,0,788,1598
6652,423,0,612,1035
6653,789,0,336,1125
6654,305,0,661,966
6655,481,0,403,884
6656,774,0,787,1561
6657,1000,0,584,1584
6658,101,0,776,877
6659,236,0,890,1126
6660,955,0,936,1891
6661,579,0,349,928
6662,352,0,103,455
6663,285,0,438,723
6664,833,0,669,1502
6665,679,0,769,1448
6666,723,0,370,1093
6667,154,0,966,1120
6668,839,0,158,997
6669,287,0,849,1136
6670,313,0,224,537
6671,219,0,390,609
6672,719,0,305,1024
6673,235,0,236,471
6674,44,0,517,561
6675,565,0,643,1208
6676,152,0,991,1143
6677,734,0,507,1241
6678,723,0,685,1408
6679,476,0,574,1050
6680,445,0,899,1344
6681,460,0,928,1388
6682,774,0,236,1010
6683,627,0,140,767
6684,577,0,485,1062
6685,41,0,484,525
6686,300,0,52,352
6687,115,0,551,666
6688,719,0,774,1493
6689,789,0,930,1719
6690,664,0,483,1147
6691,846,0,891,1737
6692,972,0,86,1058
6693,97,0,852,949
6694,853,0,226,1079
6695,820,0,464,1284
6696,750,0,968,1718
6697,680,0,306,986
6698,974,0,735,1709
6699,405,0,667,1072
6700,155,0,864,1019
6701,480,0,745,1225
6702,270,0,467,737
6703,294,0,701,995
6704,888,0,496,1384
6705,946,0,254,1200
6706,439,0,121,560
6707,712,0,420,1132
6708,113,0,763,876
6709,687,0,298,985
6710,236,0,590,826
6711,833,0,34,867
6712,873,0,670,1543
6713,254,0,236,490
6714,973,0,336,1309
6715,345,0,892,1237
6716,472,0,581,1053
6717,168,0,978,1146
6718,473,0,774,1247
6719,445,0,629,1074
6720,693,0,264,957
6721,723,0,542,1265
6722,970,0,47,1017
6723,789,0,952,1741
6724,298,0,631,929
6725,18,0,460,478
6726,552,0,270,822
6727,492,0,430,922
6728,536,0,560,1096
6729,799,0,650,1449
6730,42,0,418,460
6731,391,0,413,804
6732,105,0,412,517
6733,444,0,374,818
6734,794,0,20,814
6735,454,0,407,861
6736,932,0,641,1573
6737,471,0,801,1272
6738,17,0,128,145
6739,332,0,867,1199
6740,303,0,213,516
6741,65,0,556,621
6742,803,0,105,908
6743,229,0,208,437
6744,273,0,519,792
6745,237,0,727,964
6746,921,0,544,1465
6747,993,0,328,1321
6748,278,0,65,343
6749,160,0,420,580
6750,827,0,759,1586
6751,522,0,27,549
6752,590,0,441,1031
6753,438,0,116,554
6754,506,0,325,831
6755,129,0,675,804
6756,507,0,453,960
6757,611,0,183,794
6758,903,0,635,1538
6759,687,0,747,1434
6760,215,0,593,808
6761,895,0,984,1879
6762,261,0,146,407
6763,247,0,594,841
6764,881,0,20,901
6765,706,0,600,1306
6766,880,0,386,1266
6767,413,0,346,759
6768,960,0,476,1436
6769,532,0,323,855
6770,577,0,819,1396
6771,674,0,702,1376
6772,825,0,163,988
6773,796,0,972,1768
6774,9,0,257,266
6775,20,0,943,963
6776,83,0,133,216
6777,932,0,389,1321
6778,874,0,189,1063
6779,215,0,955,1170
6780,25,0,485,510
6781,112,0,746,858
6782,511,0,806,1317
6783,985,0,766,1751
6784,788,0,989,1777
6785,150,0,77,227
6786,474,0,156,630
6787,942,0,604,1546
6788,322,0,83,405
6789,460,0,663,1123
6790,31,0,649,680
6791,354,0,326,680
6792,125,0,664,789
6793,725,0,483,1208
6794,408,0,55,463
6795,156,0,383,539
6796,823,0,962,1785
6797,553,0,803,1356
6798,144,0,331,475
6799,560,0,217,777
6800,621,0,915,1536
6801,427,0,843,1270
6802,480,0,725,1205
6803,216,0,708,924
6804,189,0,945,1134
6805,83,0,206,289
6806,468,0,581,1049
6807,372,0,394,766
6808,95,0,138,233
6809,638,0,101,739
6810,851,0,769,1620
6811,602,0,991,1593
6812,280,0,418,698
6813,110,0,80,190
6814,647,0,79,726
6815,647,0,349,996
6816,398,0,878,1276
6817,688,0,759,1447
6818,876,0,164,1040
6819,26,0,882,908
6820,803,0,858,1661
6821,891,0,465,1356
6822,663,0,371,1034
6823,263,0,121,384
6824,877,0,534,1411
6825,486,0,119,605
6826,801,0,465,1266
6827,515,0,893,1408
6828,419,0,796,1215
6829,39,0,473,512
6830,201,0,346,547
6831,728,0,435,1163
6832,995,0,30,1025
6833,780,0,865,1645
6834,268,0,709,977
6835,286,0,924,1210
6836,942,0,652,1594
6837,427,0,297,724
6838,531,0,116,647
6839,828,0,229,1057
6840,616,0,522,1138
6841,371,0,645,1016
6842,480,0,772,1252
6843,560,0,419,979
6844,16,0,271,287
6845,936,0,340,1276
6846,656,0,145,801
6847,356,0,969,1325
6848,388,0,541,929
6849,222,0,456,678
6850,995,0,653,1648
6851,291,0,451,742
6852,76,0,679,755
6853,553,0,315,868
6854,946,0,310,1256
6855,17,0,36,53
6856,862,0,89,951
6857,859,0,790,1649
6858,69,0,705,774
6859,272,0,440,712
6860,751,0,88,839
6861,952,0,839,1791
6862,357,0,468,825
6863,347,0,727,1074
6864,232,0,581,813
6865,356,0,502,858
6866,985,0,693,1678
6867,71,0,159,230
6868,422,0,58,480
6869,389,0,460,849
6870,842,0,782,1624
6871,808,0,26,834
6872,48,0,135,183
6873,63,0,131,194
6874,603,0,476,1079
6875,977,0,647,1624
6876,719,0,830,1549
6877,806,0,411,1217
6878,16,0,165,181
6879,443,0,343,786
6880,664,0,334,998
6881,220,0,756,976
6882,300,0,717,1017
6883,675,0,245,920
6884,697,0,524,1221
6885,759,0,402,1161
6886,50,0,840,890
6887,669,0,467,1136
6888,548,0,361,909
6889,312,0,146,458
6890,429,0,153,582
6891,552,0,359,911
6892,180,0,407,587
6893,35,0,154,189
6894,507,0,106,613
6895,842,0,664,1506
6896,660,0,562,1222
6897,42,0,92,134
6898,203,0,438,641
6899,447,0,156,603
6900,730,0,474,1204
6901,280,0,269,549
6902,159,0,985,1144
6903,773,0,40,813
6904,916,0,593,1509
6905,851,0,88,939
6906,219,0,560,779
6907,317,0,295,612
6908,978,0,532,1510
6909,283,0,200,483
6910,739,0,541,1280
6911,742,0,876,1618
6912,768,0,749,1517
6913,159,0,142,301
6914,827,0,483,1310
6915,872,0,233,1105
6916,217,0,910,1127
6917,953,0,212,1165
6918,778,0,210,988
6919,752,0,995,1747
6920,80,0,526,606
6921,830,0,216,1046
6922,87,0,892,979
6923,782,0,626,1408
6924,22,0,907,929
6925,550,0,532,1082
6926,844,0,727,1571
6927,205,0,263,468
6928,343,0,267,610
6929,538,0,643,1181
6930,646,0,192,838
6931,582,0,743,1325
6932,20,0,149,169
6933,106,0,587,693
6934,971,0,477,1448
6935,578,0,103,681
6936,963,0,761,1724
6937,59,0,749,808
6938,610,0,844,1454
6939,937,0,762,1699
6940,166,0,891,1057
6941,560,0,719,1279
6942,401,0,77,478
6943,742,0,328,1070
6944,261,0,335,596
6945,973,0,271,1244
6946,782,0,164,946
6947,160,0,189,349
6948,934,0,892,1826
6949,864,0,183,1047
6950,90,0,683,773
6951,982,0,899,1881
6952,258,0,316,574
6953,303,0,336,639
6954,644,0,559,1203
6955,635,0,179,814
6956,167,0,126,293
6957,618,0,384,1002
6958,978,0,423,1401
6959,525,0,878,1403
6960,652,0,42,694
6961,831,0,843,1674
6962,35,0,617,652
6963,28,0,352,380
6964,494,0,292,786
6965,823,0,85,908
6966,529,0,964,1493
6967,727,0,823,1550
6968,726,0,525,1251
6969,777,0,210,987
6970,737,0,810,1547
6971,655,0,670,1325
6972,327,0,462,789
6973,545,0,155,700
6974,125,0,65,190
6975,974,0,292,1266
6976,919,0,717,1636
6977,66,0,3,69
6978,852,0,685,1537
6979,953,0,828,1781
6980,931,0,238,1169
6981,199,0,226,425
6982,108,0,957,1065
6983,2,0,813,815
6984,194,0,203,397
6985,968,0,258,1226
6986,34,0,247,281
6987,351,0,882,1233
6988,876,0,610,1486
6989,41,0,705,746
6990,274,0,728,1002
6991,624,0,642,1266
6992,944,0,43,987
6993,504,0,444,948
6994,997,0,250,1247
6995,111,0,293,404
6996,480,0,698,1178
6997,358,0,502,860
6998,504,0,591,1095
6999,528,0,394,922
7000,693,0,519,1212
7001,454,0,763,1217
7002,501,0,172,673
7003,1000,0,733,1733
7004,30,0,928,958
7005,660,0,321,981
7006,457,0,106,563
7007,210,0,979,1189
7008,246,0,184,430
7009,578,0,350,928
7010,680,0,851,1531
7011,634,0,662,1296
7012,344,0,235,579
7013,594,0,297,891
7014,963,0,125,1088
7015,123,0,829,952
7016,358,0,666,1024
7017,464,0,161,625
7018,402,0,590,992
7019,78,0,64,142
7020,273,0,799,1072
7021,421,0,83,504
7022,608,0,158,766
7023,716,0,44,760
7024,392,0,601,993
7025,329,0,289,618
7026,387,0,358,745
7027,106,0,679,785
7028,632,0,409,1041
7029,210,0,536,746
7030,1,0,255,256
7031,108,0,247,355
7032,4,0,420,424
7033,360,0,572,932
7034,690,0,673,1363
7035,958,0,384,1342
7036,106,0,756,862
7037,637,0,161,798
7038,59,0,969,1028
7039,87,0,184,271
7040,766,0,680,1446
7041,592,0,50,642
7042,648,0,110,758
7043,153,0,382,535
7044,532,0,347,879
7045,995,0,91,1086
7046,814,0,610,1424
7047,707,0,395,1102
7048,65,0,376,441
7049,908,0,795,1703
7050,286,0,383,669
7051,997,0,757,1754
7052,297,0,947,1244
7053,992,0,288,1280
7054,750,0,486,1236
7055,206,0,424,630
7056,380,0,532,912
7057,488,0,877,1365
7058,596,0,62,658
7059,313,0,940,1253
7060,669,0,8,677
7061,572,0,233,805
7062,809,0,350,1159
7063,316,0,784,1100
7064,919,0,563,1482
7065,320,0,142,462
7066,468,0,248,716
7067,53,0,818,871
7068,82,0,75,157
7069,29,0,506,535
7070,978,0,173,1151
7071,302,0,470,772
7072,151,0,8,159
7073,607,0,975,1582
7074,537,0,194,731
7075,714,0,278,992
7076,521,0,271,792
7077,137,0,208,345
7078,378,0,25,403
7079,716,0,495,1211
7080,913,0,534,1447
7081,294,0,630,924
7082,611,0,194,805
7083,188,0,806,994
7084,675,0,13,688
7085,514,0,646,1160
7086,625,0,524,1149
7087,877,0,954,1831
7088,667,0,727,1394
7089,342,0,881,1223
7090,916,0,995,1911
7091,613,0,926,1539
7092,703,0,295,998
7093,907,0,970,1877
7094,896,0,774,1670
7095,482,0,975,1457
7096,716,0,682,1398
7097,379,0,17,396
7098,156,0,951,1107
7099,185,0,913,1098
7100,148,0,139,287
7101,125,0,780,905
7102,747,0,49,796
7103,84,0,557,641
7104,602,0,607,1209
7105,401,0,332,733
7106,91,0,336,427
7107,902,0,315,1217
7108,544,0,478,1022
7109,227,0,883,1110
7110,303,0,382,685
7111,17,0,475,492
7112,300,0,544,844
7113,443,0,694,1137
7114,20,0,540,560
7115,171,0,35,206
7116,593,0,511,1104
7117,963,0,213,1176
7118,99,0,327,426
7119,389,0,3,392
7120,218,0,575,793
7121,965,0,786,1751
7122,973,0,75,1048
7123,460,0,397,857
7124,851,0,375,1226
7125,236,0,753,989
7126,473,0,777,1250
7127,533,0,474,1007
7128,54,0,473,527
7129,587,0,685,1272
7130,854,0,152,1006
7131,332,0,357,689
7132,585,0,210,795
7133,119,0,345,464
7134,762,0,599,1361
7135,973,0,870,1843
7136,854,0,846,1700
7137,410,0,150,560
7138,409,0,751,1160
7139,519,0,841,1360
7140,936,0,176,1112
7141,739,0,180,919
7142,883,0,959,1842
7143,49,0,997,1046
7144,823,0,463,1286
7145,549,0,777,1326
7146,804,0,432,1236
7147,636,0,475,1111
7148,259,0,616,875
7149,812,0,347,1159
7150,146,0,710,856
7151,940,0,600,1540
7152,984,0,743,1727
7153,164,0,707,871
7154,3,0,13,16
7155,597,0,742,1339
7156,249,0,472,721
7157,970,0,862,1832
7158,797,0,617,1414
7159,607,0,755,1362
7160,349,0,766,1115
7161,937,0,728,1665
7162,264,0,251,515
7163,207,0,503,710
7164,256,0,910,1166
7165,197,0,23,220
7166,935,0,647,1582
7167,239,0,84,323
7168,613,0,317,930
7169,694,0,187,881
7170,866,0,977,1843
7171,697,0,197,894
7172,989,0,688,1677
7173,893,0,435,1328
7174,798,0,753,1551
7175,144,0,440,584
7176,547,0,472,1019
7177,690,0,927,1617
7178,669,0,471,1140
7179,698,0,351,1049
7180,622,0,119,741
7181,189,0,401,590
7182,571,0,126,697
7183,798,0,281,1079
7184,154,0,34,188
7185,546,0,798,1344
7186,682,0,389,1071
7187,222,0,786,1008
7188,60,0,191,251
7189,183,0,192,375
7190,729,0,720,1449
7191,449,0,917,1366
7192,932,0,667,1599
7193,206,0,985,1191
7194,641,0,70,711
7195,816,0,653,1469
7196,305,0,499,804
7197,8,0,117,125
7198,303,0,0,303
7199,334,0,888,1222
7200,715,0,981,1696
7201,474,0,128,602
7202,891,0,9,900
7203,201,0,353,554
7204,348,0,764,1112
7205,211,0,831,1042
7206,390,0,77,467
7207,154,0,572,726
7208,632,0,212,844
7209,330,0,440,770
7210,606,0,301,907
7211,488,0,904,1392
7212,518,0,696,1214
7213,780,0,125,905
7214,547,0,178,725
7215,951,0,656,1607
7216,139,0,314,453
7217,190,0,925,1115
7218,732,0,759,1491
7219,721,0,630,1351
7220,684,0,769,1453
7221,777,0,666,1443
7222,280,0,195,475
7223,318,0,216,534
7224,101,0,939,1040
7225,349,0,757,1106
7226,939,0,920,1859
7227,413,0,530,943
7228,341,0,348,689
7229,933,0,756,1689
7230,774,0,674,1448
7231,436,0,628,1064
7232,793,0,359,1152
7233,428,0,342,770
7234,573,0,995,1568
7235,466,0,75,541
7236,107,0,192,299
7237,574,0,286,860
7238,127,0,624,751
7239,603,0,224,827
7240,983,0,968,1951
7241,627,0,603,1230
7242,209,0,329,538
7243,758,0,551,1309
7244,16,0,282,298
7245,158,0,101,259
7246,562,0,619,1181
7247,252,0,236,488
7248,315,0,901,1216
7249,382,0,425,807
7250,147,0,417,564
7251,194,0,76,270
7252,233,0,544,777
7253,582,0,909,1491
7254,693,0,250,943
7255,18,0,724,742
7256,980,0,823,1803
7257,110,0,288,398
7258,313,0,929,1242
7259,781,0,44,825
7260,236,0,753,989
7261,724,0,44,768
7262,495,0,27,522
7263,71,0,590,661
7264,217,0,370,587
7265,326,0,698,1024
7266,736,0,802,1538
7267,499,0,947,1446
7268,250,0,872,1122
7269,284,0,617,901
7270,36,0,91,127
7271,961,0,638,1599
7272,930,0,368,1298
7273,580,0,272,852
7274,113,0,325,438
7275,906,0,993,1899
7276,354,0,836,1190
7277,547,0,42,589
7278,714,0,727,1441
7279,759,0,411,1170
7280,487,0,138,625
7281,70,0,712,782
7282,616,0,185,801
7283,936,0,829,1765
7284,257,0,121,378
7285,244,0,570,814
7286,806,0,848,1654
7287,988,0,807,1795
7288,563,0,792,1355
7289,236,0,587,823
7290,898,0,774,1672
7291,765,0,587,1352
7292,236,0,646,882
7293,411,0,406,817
7294,201,0,519,720
7295,2,0,825,827
7296,149,0,644,793
7297,602,0,556,1158
7298,947,0,959,1906
7299,638,0,77,715
7300,337,0,785,1122
7301,71,0,813,884
7302,307,0,546,853
7303,317,0,861,1178
7304,495,0,204,699
7305,385,0,522,907
7306,695,0,808,1503
7307,456,0,715,1171
7308,665,0,402,1067
7309,591,0,225,816
7310,707,0,455,1162
7311,4,0,743,747
7312,965,0,554,1519
7313,563,0,601,1164
7314,361,0,513,874
7315,750,0,873,1623
7316,251,0,204,455
7317,791,0,672,1463
7318,658,0,650,1308
7319,718,0,182,900
7320,463,0,555,1018
7321,805,0,897,1702
7322,383,0,291,674
7323,446,0,918,1364
7324,976,0,58,1034
7325,27,0,301,328
7326,266,0,109,375
7327,790,0,213,1003
7328,115,0,378,493
7329,418,0,648,1066
7330,621,0,263,884
7331,562,0,587,1149
7332,298,0,166,464
7333,282,0,353,635
7334,522,0,738,1260
7335,82,0,298,380
7336,721,0,766,1487
7337,68,0,94,162
7338,844,0,442,1286
7339,217,0,746,963
7340,720,0,261,981
7341,725,0,37,762
7342,731,0,640,1371
7343,79,0,28,107
7344,550,0,877,1427
7345,118,0,787,905
7346,471,0,628,1099
7347,143,0,763,906
7348,688,0,237,925
7349,826,0,887,1713
7350,342,0,155,497
7351,584,0,881,1465
7352,218,0,622,840
7353,352,0,627,979
7354,839,0,579,1418
7355,981,0,838,1819
7356,880,0,662,1542
7357,473,0,639,1112
7358,875,0,287,1162
7359,799,0,881,1680
7360,731,0,1000,1731
7361,864,0,243,1107
7362,972,0,631,1603
7363,545,0,863,1408
7364,983,0,457,1440
7365,463,0,774,1237
7366,741,0,846,1587
7367,659,0,472,1131
7368,761,0,506,1267
7369,697,0,432,1129
7370,919,0,275,1194
7371,524,0,67,591
7372,161,0,710,871
7373,485,0,907,1392
7374,301,0,1,302
7375,155,0,919,1074
7376,500,0,423,923
7377,271,0,811,1082
7378,50,0,362,412
7379,362,0,141,503
7380,351,0,742,1093
7381,159,0,216,375
7382,865,0,545,1410
7383,688,0,875,1563
7384,700,0,838,1538
7385,814,0,603,1417
7386,437,0,560,997
7387,931,0,859,1790
7388,112,0,129,241
7389,719,0,595,1314
7390,733,0,523,1256
7391,995,0,654,1649
7392,223,0,409,632
7393,159,0,938,1097
7394,874,0,341,1215
7395,338,0,123,461
7396,52,0,778,830
7397,727,0,407,1134
7398,638,0,808,1446
7399,355,0,221,576
7400,953,0,597,1550
7401,948,0,697,1645
7402,498,0,624,1122
7403,387,0,654,1041
7404,617,0,833,1450
7405,868,0,831,1699
7406,234,0,721,955
7407,508,0,309,817
7408,406,0,173,579
7409,551,0,901,1452
7410,687,0,684,1371
7411,267,0,18,285
7412,844,0,297,1141
7413,591,0,297,888
7414,806,0,337,1143
7415,178,0,0,178
7416,500,0,753,1253
7417,663,0,553,1216
7418,269,0,83,352
7419,884,0,651,1535
7420,677,0,993,1670
7421,602,0,426,1028
7422,102,0,455,557
7423,148,0,404,552
7424,1000,0,962,1962
7425,572,0,331,903
7426,593,0,848,1441
7427,731,0,653,1384
7428,130,0,628,758
7429,540,0,415,955
7430,55,0,325,380
7431,725,0,490,1215
7432,679,0,527,1206
7433,866,0,132,998
7434,947,0,780,1727
7435,785,0,121,906
7436,367,0,199,566
7437,337,0,145,482
7438,953,0,205,1158
7439,174,0,103,277
7440,500,0,663,1163
7441,256,0,918,1174
7442,731,0,665,1396
7443,169,0,782,951
7444,392,0,1000,1392
7445,845,0,239,1084
7446,340,0,983,1323
7447,110,0,636,746
7448,379,0,328,707
7449,761,0,764,1525
7450,898,0,308,1206
7451,998,0,23,1021
7452,463,0,993,1456
7453,538,0,775,1313
7454,433,0,933,1366
7455,788,0,840,1628
7456,44,0,724,768
7457,693,0,999,1692
7458,399,0,416,815
7459,114,0,411,525
7460,872,0,983,1855
7461,60,0,170,230
7462,32,0,233,265
7463,185,0,790,975
7464,95,0,37,132
7465,986,0,522,1508
7466,410,0,28,438
7467,697,0,966,1663
7468,537,0,215,752
7469,428,0,733,1161
7470,194,0,236,430
7471,67,0,67,134
7472,146,0,713,859
7473,264,0,596,860
7474,467,0,990,1457
7475,331,0,361,692
7476,397,0,969,1366
7477,294,0,979,1273
7478,446,0,504,950
7479,548,0,50,598
7480,601,0,756,1357
7481,789,0,366,1155
7482,636,0,641,1277
7483,348,0,122,470
7484,806,0,535,1341
7485,150,0,836,986
7486,147,0,118,265
7487,919,0,786,1705
7488,299,0,144,443
7489,616,0,652,1268
7490,362,0,881,1243
7491,855,0,577,1432
7492,892,0,24,916
7493,922,0,157,1079
7494,694,0,37,731
7495,691,0,744,1435
7496,85,0,560,645
7497,828,0,54,882
7498,987,0,827,1814
7499,113,0,754,867
7500,643,0,926,1569
7501,691,0,640,1331
7502,725,0,677,1402
7503,426,0,238,664
7504,423,0,828,1251
7505,64,0,697,761
7506,606,0,581,1187
7507,384,0,887,1271
7508,224,0,999,1223
7509,197,0,192,389
7510,397,0,259,656
7511,198,0,105,303
7512,623,0,716,1339
7513,542,0,726,1268
7514,518,0,952,1470
7515,389,0,708,1097
7516,259,0,713,972
7517,492,0,167,659
7518,530,0,188,718
7519,75,0,234,309
7520,517,0,148,665
7521,987,0,252,1239
7522,108,0,220,328
7523,47,0,119,166
7524,242,0,299,541
7525,799,0,815,1614
7526,363,0,511,874
7527,357,0,704,1061
7528,636,0,917,1553
7529,152,0,860,1012
7530,327,0,321,648
7531,634,0,92,726
7532,132,0,419,551
7533,674,0,379,1053
7534,123,0,924,1047
7535,939,0,200,1139
7536,154,0,408,562
7537,317,0,873,1190
7538,149,0,443,592
7539,252,0,40,292
7540,711,0,54,765
7541,220,0,126,346
7542,920,0,755,1675
7543,45,0,943,988
7544,834,0,172,1006
7545,623,0,335,958
7546,485,0,647,1132
7547,768,0,465,1233
7548,190,0,340,530
7549,312,0,602,914
7550,5,0,142,147
7551,722,0,55,777
7552,87,0,557,644
7553,235,0,264,499
7554,712,0,475,1187
7555,357,0,926,1283
7556,732,0,811,1543
7557,678,0,325,1003
7558,641,0,831,1472
7559,545,0,564,1109
7560,569,0,499,1068
7561,348,0,826,1174
7562,556,0,563,1119
7563,441,0,542,983
7564,505,0,609,1114
7565,19,0,34,53
7566,407,0,310,717
7567,262,0,852,1114
7568,421,0,756,1177
7569,577,0,96,673
7570,875,0,849,1724
7571,764,0,83,847
7572,143,0,403,546
7573,163,0,809,972
7574,418,0,61,479
7575,413,0,528,941
7576,460,0,785,1245
7577,779,0,845,1624
7578,126,0,495,621
7579,471,0,893,1364
7580,105,0,799,904
7581,158,0,541,699
7582,801,0,631,1432
7583,622,0,155,777
7584,587,0,361,948
7585,500,0,241,741
7586,387,0,653,1040
7587,217,0,959,1176
7588,907,0,74,981
7589,260,0,686,946
7590,195,0,913,1108
7591,990,0,457,1447
7592,443,0,701,1144
7593,786,0,237,1023
7594,865,0,185,1050
7595,798,0,783,1581
7596,790,0,548,1338
7597,953,0,947,1900
7598,691,0,108,799
7599,488,0,491,979
7600,440,0,30,470
7601,498,0,271,769
7602,449,0,134,583
7603,678,0,764,1442
7604,898,0,417,1315
7605,15,0,933,948
7606,257,0,81,338
7607,5,0,336,341
7608,371,0,411,782
7609,796,0,213,1009
7610,163,0,531,694
7611,971,0,521,1492
7612,880,0,236,1116
7613,655,0,603,1258
7614,885,0,440,1325
7615,468,0,36,504
7616,279,0,822,1101
7617,208,0,740,948
7618,925,0,886,1811
7619,852,0,71,923
7620,256,0,923,1179
7621,408,0,68,476
7622,965,0,704,1669
7623,866,0,496,1362
7624,690,0,235,925
7625,62,0,49,111
7626,955,0,561,1516
7627,107,0,28,135
7628,999,0,136,1135
7629,633,0,608,1241
7630,875,0,43,918
7631,39,0,968,1007
7632,70,0,793,863
7633,704,0,155,859
7634,237,0,503,740
7635,522,0,209,731
7636,289,0,874,1163
7637,1000,0,143,1143
7638,972,0,534,1506
7639,674,0,467,1141
7640,406,0,930,1336
7641,197,0,445,642
7642,894,0,63,957
7643,840,0,335,1175
7644,692,0,732,1424
7645,8,0,204,212
7646,252,0,444,696
7647,71,0,122,193
7648,745,0,677,1422
7649,759,0,193,952
7650,860,0,621,1481
7651,696,0,190,886
7652,876,0,679,1555
7653,38,0,42,80
7654,9,0,377,386
7655,588,0,415,1003
7656,488,0,979,1467
7657,327,0,413,740
7658,812,0,509,1321
7659,778,0,989,1767
7660,192,0,482,674
7661,453,0,995,1448
7662,207,0,458,665
7663,491,0,433,924
7664,203,0,38,241
7665,780,0,69,849
7666,985,0,566,1551
7667,913,0,270,1183
7668,508,0,779,1287
7669,751,0,156,907
7670,659,0,814,1473
7671,569,0,635,1204
7672,294,0,873,1167
7673,257,0,100,357
7674,667,0,728,1395
7675,706,0,375,1081
7676,400,0,277,677
7677,515,0,331,846
7678,506,0,8,514
7679,368,0,803,1171
7680,737,0,788,1525
7681,881,0,138,1019
7682,516,0,304,820
7683,705,0,570,1275
7684,438,0,329,767
7685,181,0,279,460
7686,410,0,831,1241
7687,552,0,141,693
7688,552,0,607,1159
7689,962,0,943,1905
7690,811,0,533,1344
7691,228,0,900,1128
7692,783,0,955,1738
7693,584,0,227,811
7694,689,0,579,1268
7695,76,0,779,855
7696,356,0,572,928
7697,551,0,469,1020
7698,602,0,984,1586
7699,679,0,133,812
7700,699,0,3,702
7701,282,0,488,770
7702,484,0,59,543
7703,67,0,666,733
7704,853,0,273,1126
7705,961,0,865,1826
7706,586,0,333,919
7707,456,0,270,726
7708,435,0,346,781
7709,462,0,29,491
7710,123,0,612,735
7711,873,0,743,1616
7712,844,0,286,1130
7713,38,0,190,228
7714,631,0,953,1584
7715,605,0,80,685
7716,603,0,181,784
7717,795,0,888,1683
7718,410,0,511,921
7719,533,0,558,1091
7720,223,0,604,827
7721,884,0,106,990
7722,857,0,712,1569
7723,348,0,920,1268
7724,971,0,747,1718
7725,231,0,995,1226
7726,282,0,228,510
7727,119,0,506,625
7728,933,0,866,1799
7729,382,0,746,1128
7730,38,0,399,437
7731,510,0,596,1106
7732,528,0,893,1421
7733,383,0,883,1266
7734,210,0,838,1048
7735,53,0,712,765
7736,649,0,43,692
7737,601,0,425,1026
7738,970,0,97,1067
7739,379,0,771,1150
7740,232,0,317,549
7741,392,0,116,508
7742,939,0,711,1650
7743,587,0,231,818
7744,448,0,6,454
7745,708,0,767,1475
7746,61,0,807,868
7747,533,0,601,1134
7748,506,0,754,1260
7749,909,0,282,1191
7750,905,0,150,1055
7751,105,0,372,477
7752,992,0,505,1497
7753,8,0,245,253
7754,680,0,221,901
7755,187,0,232,419
7756,942,0,936,1878
7757,425,0,184,609
7758,213,0,605,818
7759,167,0,25,192
7760,149,0,431,580
7761,723,0,874,1597
7762,274,0,806,1080
7763,356,0,26,382
7764,593,0,225,818
7765,275,0,411,686
7766,44,0,551,595
7767,677,0,98,775
7768,462,0,538,1000
7769,792,0,984,1776
7770,455,0,486,941
7771,732,0,146,878
7772,774,0,435,1209
7773,0,0,530,530
7774,599,0,618,1217
7775,181,0,651,832
7776,525,0,831,1356
7777,154,0,430,584
7778,270,0,16,286
7779,913,0,738,1651
7780,794,0,217,1011
7781,142,0,987,1129
7782,576,0,811,1387
7783,777,0,398,1175
7784,265,0,109,374
7785,392,0,403,795
7786,731,0,836,1567
7787,900,0,686,1586
7788,725,0,146,871
7789,257,0,878,1135
7790,101,0,160,261
7791,246,0,950,1196
7792,801,0,232,1033
7793,39,0,486,525
7794,191,0,216,407
7795,72,0,171,243
7796,222,0,221,443
7797,124,0,462,586
7798,837,0,750,1587
7799,229,0,679,908
7800,55,0,82,137
7801,136,0,435,571
7802,220,0,783,1003
7803,931,0,346,1277
7804,935,0,507,1442
7805,218,0,285,503
7806,104,0,224,328
7807,958,0,590,1548
7808,433,0,869,1302
7809,88,0,24,112
7810,440,0,572,1012
7811,104,0,385,489
7812,651,0,898,1549
7813,4,0,317,321
7814,365,0,801,1166
7815,487,0,518,1005
7816,864,0,945,1809
7817,554,0,98,652
7818,862,0,515,1377
7819,929,0,174,1103
7820,795,0,863,1658
7821,97,0,481,578
7822,156,0,297,453
7823,674,0,520,1194
7824,717,0,229,946
7825,375,0,549,924
7826,369,0,366,735
7827,711,0,683,1394
7828,292,0,584,876
7829,291,0,563,854
7830,278,0,831,1109
7831,661,0,135,796
7832,727,0,121,848
7833,391,0,692,1083
7834,336,0,117,453
7835,756,0,939,1695
7836,730,0,608,1338
7837,978,0,842,1820
7838,372,0,384,756
7839,753,0,313,1066
7840,486,0,952,1438
7841,785,0,152,937
7842,509,0,493,1002
7843,915,0,478,1393
7844,473,0,82,555
7845,607,0,668,1275
7846,91,0,348,439
7847,819,0,26,845
7848,988,0,749,1737
7849,437,0,302,739
7850,568,0,901,1469
7851,211,0,269,480
7852,508,0,760,1268
7853,10,0,906,916
7854,533,0,366,899
7855,961,0,485,1446
7856,831,0,411,1242
7857,751,0,721,1472
7858,718,0,734,1452
7859,855,0,334,1189
7860,635,0,257,892
7861,178,0,831,1009
7862,271,0,83,354
7863,904,0,343,1247
7864,257,0,742,999
7865,136,0,468,604
7866,299,0,21,320
7867,672,0,828,1500
7868,577,0,729,1306
7869,48,0,157,205
7870,745,0,558,1303
7871,2,0,641,643
7872,379,0,700,1079
7873,803,0,380,1183
7874,229,0,815,1044
7875,424,0,455,879
7876,4,0,437,441
7877,970,0,632,1602
7878,631,0,190,821
7879,131,0,730,861
7880,13,0,748,761
7881,472,0,666,1138
7882,976,0,55,1031
7883,420,0,486,906
7884,154,0,966,1120
7885,641,0,246,887
7886,982,0,73,1055
7887,756,0,411,1167
7888,190,0,260,450
7889,70,0,674,744
7890,302,0,864,1166
7891,210,0,140,350
7892,575,0,314,889
7893,256,0,253,509
7894,660,0,31,691
7895,256,0,620,876
7896,43,0,889,932
7897,864,0,310,1174
7898,447,0,561,1008
7899,640,0,79,719
7900,381,0,505,886
7901,235,0,957,1192
7902,305,0,709,1014
7903,950,0,239,1189
7904,439,0,484,923
7905,846,0,438,1284
7906,300,0,497,797
7907,867,0,5,872
7908,642,0,713,1355
7909,850,0,783,1633
7910,517,0,180,697
7911,674,0,306,980
7912,136,0,47,183
7913,386,0,665,1051
7914,676,0,538,1214
7915,86,0,521,607
7916,351,0,36,387
7917,942,0,477,1419
7918,624,0,386,1010
7919,543,0,621,1164
7920,116,0,5,121
7921,697,0,58,755
7922,487,0,840,1327
7923,758,0,916,1674
7924,273,0,652,925
7925,487,0,712,1199
7926,687,0,765,1452
7927,496,0,718,1214
7928,570,0,460,1030
7929,585,0,716,1301
7930,409,0,473,882
7931,825,0,235,1060
7932,257,0,984,1241
7933,92,0,204,296
7934,793,0,871,1664
7935,742,0,446,1188
7936,48,0,631,679
7937,71,0,379,450
7938,769,0,821,1590
7939,601,0,947,1548
7940,77,0,99,176
7941,590,0,150,740
7942,659,0,430,1089
7943,612,0,57,669
7944,615,0,419,1034
7945,843,0,260,1103
7946,663,0,597,1260
7947,746,0,694,1440
7948,919,0,222,1141
7949,486,0,374,860
7950,16,0,870,886
7951,524,0,766,1290
7952,269,0,412,681
7953,323,0,429,752
7954,77,0,775,852
7955,346,0,792,1138
7956,598,0,434,1032
7957,472,0,150,622
7958,909,0,424,1333
7959,614,0,522,1136
7960,18,0,894,912
7961,129,0,432,561
7962,315,0,838,1153
7963,351,0,188,539
7964,53,0,619,672
7965,296,0,123,419
7966,826,0,239,1065
7967,36,0,615,651
7968,734,0,255,989
7969,521,0,895,1416
7970,219,0,739,958
7971,558,0,631,1189
7972,861,0,535,1396
7973,369,0,769,1138
7974,685,0,385,1070
7975,575,0,369,944
7976,365,0,745,1110
7977,14,0,635,649
7978,859,0,882,1741
7979,810,0,813,1623
7980,54,0,25,79
7981,953,0,915,1868
7982,46,0,683,729
7983,580,0,88,668
7984,800,0,95,895
7985,555,0,538,1093
7986,780,0,771,1551
7987,764,0,452,1216
7988,181,0,404,585
7989,136,0,751,887
7990,27,0,127,154
7991,339,0,953,1292
7992,891,0,617,1508
7993,928,0,198,1126
7994,671,0,379,1050
7995,484,0,778,1262
7996,894,0,829,1723
7997,57,0,785,842
7998,820,0,389,1209
7999,208,0,200,408
8000,505,0,520,1025
8001,202,0,975,1177
8002,448,0,337,785
8003,344,0,185,529
8004,553,0,219,772
8005,501,0,833,1334
8006,871,0,329,1200
8007,136,0,286,422
8008,471,0,483,954
8009,940,0,115,1055
8010,193,0,383,576
8011,196,0,709,905
8012,965,0,757,1722
8013,18,0,172,190
8014,440,0,333,773
8015,672,0,735,1407
8016,672,0,886,1558
8017,818,0,697,1515
8018,19,0,477,496
8019,408,0,467,875
8020,246,0,570,816
8021,456,0,729,1185
8022,528,0,443,971
8023,952,0,689,1641
8024,401,0,746,1147
8025,830,0,517,1347
8026,259,0,388,647
8027,117,0,618,735
8028,416,0,763,1179
8029,864,0,527,1391
8030,618,0,265,883
8031,122,0,987,1109
8032,551,0,212,763
8033,176,0,723,899
8034,502,0,753,1255
8035,247,0,670,917
8036,55,0,2,57
8037,409,0,462,871
8038,505,0,327,832
8039,72,0,615,687
8040,143,0,611,754
8041,601,0,494,1095
8042,702,0,708,1410
8043,474,0,286,760
8044,596,0,539,1135
8045,898,0,154,1052
8046,410,0,326,736
8047,263,0,270,533
8048,587,0,463,1050
8049,2,0,403,405
8050,141,0,94,235
8051,114,0,48,162
8052,594,0,823,1417
8053,474,0,817,1291
8054,496,0,227,723
8055,856,0,169,1025
8056,929,0,701,1630
8057,410,0,524,934
8058,54,0,512,566
8059,547,0,753,1300
8060,615,0,321,936
8061,323,0,527,850
8062,33,0,509,542
8063,657,0,833,1490
8064,751,0,505,1256
8065,122,0,829,951
8066,438,0,973,1411
8067,823,0,736,1559
8068,85,0,387,472
8069,32,0,194,226
8070,71,0,783,854
8071,327,0,497,824
8072,999,0,773,1772
8073,244,0,371,615
8074,463,0,875,1338
8075,743,0,484,1227
8076,956,0,442,1398
8077,681,0,11,692
8078,6,0,468,474
8079,280,0,215,495
8080,844,0,129,973
8081,936,0,651,1587
8082,716,0,44,760
8083,49,0,968,1017
8084,718,0,254,972
8085,488,0,606,1094
8086,556,0,770,1326
8087,629,0,418,1047
8088,652,0,845,1497
8089,545,0,639,1184
8090,985,0,345,1330
8091,390,0,553,943
8092,73,0,717,790
8093,180,0,517,697
8094,273,0,464,737
8095,955,0,713,1668
8096,559,0,777,1336
8097,845,0,239,1084
8098,822,0,525,1347
8099,99,0,82,181
8100,589,0,377,966
8101,983,0,558,1541
8102,375,0,394,769
8103,896,0,165,1061
8104,454,0,647,1101
8105,204,0,851,1055
8106,274,0,333,607
8107,635,0,910,1545
8108,279,0,131,410
8109,530,0,919,1449
8110,341,0,761,1102
8111,316,0,533,849
8112,605,0,717,1322
8113,633,0,535,1168
8114,446,0,434,880
8115,824,0,748,1572
8116,405,0,835,1240
8117,297,0,590,887
8118,641,0,487,1128
8119,298,0,338,636
8120,751,0,782,1533
8121,301,0,703,1004
8122,816,0,982,1798
8123,977,0,695,1672
8124,740,0,621,1361
8125,900,0,267,1167
8126,974,0,669,1643
8127,214,0,378,592
8128,800,0,485,1285
8129,386,0,284,670
8130,780,0,911,1691
8131,616,0,106,722
8132,417,0,150,567
8133,622,0,883,1505
8134,843,0,674,1517
8135,230,0,758,988
8136,463,0,761,1224
8137,296,0,68,364
8138,645,0,811,1456
8139,632,0,8,640
8140,493,0,166,659
8141,531,0,11,542
8142,632,0,134,766
8143,890,0,441,1331
8144,508,0,959,1467
8145,561,0,646,1207
8146,667,0,360,1027
8147,46,0,873,919
8148,454,0,548,1002
8149,261,0,176,437
8150,756,0,14,770
8151,42,0,991,1033
8152,640,0,648,1288
8153,931,0,522,1453
8154,210,0,198,408
8155,802,0,242,1044
8156,461,0,848,1309
8157,79,0,75,154
8158,321,0,458,779
8159,53,0,867,920
8160,880,0,492,1372
8161,412,0,994,1406
8162,381,0,683,1064
8163,101,0,414,515
8164,31,0,340,371
8165,836,0,910,1746
8166,230,0,683,913
8167,652,0,277,929
8168,200,0,676,876
8169,822,0,222,1044
8170,819,0,415,1234
8171,66,0,459,525
8172,852,0,776,1628
8173,35,0,170,205
8174,647,0,706,1353
8175,800,0,82,882
8176,647,0,509,1156
8177,363,0,867,1230
8178,633,0,562,1195
8179,587,0,909,1496
8180,611,0,101,712
8181,556,0,998,1554
8182,747,0,642,1389
8183,87,0,246,333
8184,830,0,111,941
8185,877,0,459,1336
8186,635,0,873,1508
8187,905,0,235,1140
8188,311,0,563,874
8189,767,0,545,1312
8190,80,0,716,796
8191,589,0,910,1499
8192,878,0,490,1368
8193,5,0,382,387
8194,271,0,88,359
8195,300,0,460,760
8196,251,0,436,687
8197,468,0,964,1432
8198,555,0,583,1138
8199,122,0,661,783
8200,767,0,646,1413
8201,311,0,884,1195
8202,296,0,241,537
8203,188,0,304,492
8204,334,0,637,971
8205,686,0,234,920
8206,499,0,1000,1499
8207,250,0,144,394
8208,730,0,961,1691
8209,531,0,601,1132
8210,184,0,617,801
8211,584,0,377,961
8212,316,0,30,346
8213,364,0,752,1116
8214,650,0,334,984
8215,318,0,545,863
8216,758,0,67,825
8217,428,0,302,730
8218,762,0,509,1271
8219,242,0,64,306
8220,796,0,203,999
8221,899,0,885,1784
8222,254,0,961,1215
8223,328,0,260,588
8224,187,0,820,1007
8225,561,0,477,1038
8226,473,0,546,1019
8227,153,0,431,584
8228,795,0,283,1078
8229,638,0,60,698
8230,647,0,90,737
8231,957,0,135,1092
8232,508,0,757,1265
8233,611,0,443,1054
8234,89,0,795,884
8235,213,0,917,1130
8236,61,0,257,318
8237,997,0,192,1189
8238,439,0,832,1271
8239,168,0,38,206
8240,767,0,357,1124
8241,23,0,358,381
8242,379,0,199,578
8243,751,0,298,1049
8244,666,0,166,832
8245,119,0,988,1107
8246,290,0,572,862
8247,523,0,416,939
8248,392,0,797,1189
8249,529,0,104,633
8250,998,0,919,1917
8251,929,0,923,1852
8252,135,0,783,918
8253,957,0,857,1814
8254,523,0,98,621
8255,175,0,394,569
8256,545,0,507,1052
8257,834,0,170,1004
8258,356,0,542,898
8259,147,0,343,490
8260,535,0,517,1052
8261,965,0,635,1600
8262,825,0,496,1321
8263,650,0,65,715
8264,638,0,939,1577
8265,4,0,344,348
8266,125,0,795,920
8267,147,0,176,323
8268,349,0,302,651
8269,424,0,167,591
8270,921,0,728,1649
8271,706,0,246,952
8272,216,0,472,688
8273,228,0,511,739
8274,230,0,616,846
8275,986,0,464,1450
8276,69,0,953,1022
8277,773,0,552,1325
8278,425,0,35,460
8279,631,0,712,1343
8280,32,0,436,468
8281,776,0,123,899
8282,949,0,475,1424
8283,81,0,269,350
8284,935,0,330,1265
8285,683,0,818,1501
8286,812,0,336,1148
8287,50,0,3,53
8288,760,0,779,1539
8289,29,0,363,392
8290,120,0,260,380
8291,341,0,656,997
8292,994,0,447,1441
8293,640,0,811,1451
8294,724,0,159,883
8295,372,0,908,1280
8296,462,0,620,1082
8297,247,0,998,1245
8298,816,0,524,1340
8299,385,0,323,708
8300,426,0,952,1378
8301,714,0,31,745
8302,32,0,988,1020
8303,387,0,163,550
8304,239,0,385,624
8305,264,0,725,989
8306,243,0,356,599
8307,808,0,707,1515
8308,972,0,449,1421
8309,34,0,204,238
8310,706,0,80,786
8311,979,0,615,1594
8312,830,0,869,1699
8313,836,0,506,1342
8314,339,0,516,855
8315,967,0,349,1316
8316,348,0,104,452
8317,113,0,476,589
8318,367,0,297,664
8319,593,0,90,683
8320,454,0,837,1291
8321,530,0,685,1215
8322,64,0,898,962
8323,73,0,417,490
8324,786,0,343,1129
8325,277,0,417,694
8326,285,0,896,1181
8327,446,0,66,512
8328,575,0,612,1187
8329,457,0,756,1213
8330,74,0,349,423
8331,104,0,271,375
8332,974,0,483,1457
8333,999,0,179,1178
8334,902,0,308,1210
8335,684,0,154,838
8336,734,0,942,1676
8337,131,0,485,616
8338,385,0,129,514
8339,767,0,650,1417
8340,348,0,784,1132
8341,394,0,466,860
8342,916,0,883,1799
8343,885,0,698,1583
8344,551,0,390,941
8345,964,0,751,1715
8346,711,0,926,1637
8347,386,0,324,710
8348,662,0,195,857
8349,211,0,415,626
8350,816,0,111,927
8351,725,0,562,1287
8352,134,0,575,709
8353,699,0,979,1678
8354,355,0,57,412
8355,862,0,975,1837
8356,788,0,305,1093
8357,870,0,515,1385
8358,204,0,609,813
8359,364,0,605,969
8360,446,0,830,1276
8361,224,0,817,1041
8362,704,0,54,758
8363,367,0,796,1163
8364,257,0,941,1198
8365,945,0,724,1669
8366,324,0,493,817
8367,561,0,949,1510
8368,428,0,465,893
8369,370,0,779,1149
8370,841,0,608,1449
8371,265,0,58,323
8372,342,0,254,596
8373,347,0,95,442
8374,255,0,517,772
8375,12,0,528,540
8376,954,0,698,1652
8377,538,0,775,1313
8378,205,0,97,302
8379,723,0,768,1491
8380,415,0,990,1405
8381,385,0,759,1144
8382,172,0,630,802
8383,751,0,533,1284
8384,381,0,788,1169
8385,859,0,622,1481
8386,279,0,9,288
8387,306,0,660,966
8388,593,0,955,1548
8389,551,0,548,1099
8390,8,0,130,138
8391,627,0,244,871
8392,893,0,20,913
8393,829,0,663,1492
8394,716,0,485,1201
8395,584,0,771,1355
8396,795,0,573,1368
8397,529,0,565,1094
8398,207,0,363,570
8399,544,0,784,1328
8400,712,0,754,1466
8401,318,0,292,610
8402,448,0,664,1112
8403,928,0,197,1125
8404,213,0,894,1107
8405,150,0,1,151
8406,896,0,750,1646
8407,979,0,599,1578
8408,981,0,441,1422
8409,52,0,606,658
8410,783,0,539,1322
8411,460,0,440,900
8412,253,0,671,924
8413,748,0,289,1037
8414,99,0,533,632
8415,386,0,394,780
8416,827,0,292,1119
8417,242,0,734,976
8418,205,0,566,771
8419,437,0,649,1086
8420,644,0,507,1151
8421,884,0,70,954
8422,348,0,930,1278
8423,0,0,273,273
8424,625,0,62,687
8425,285,0,149,434
8426,874,0,125,999
8427,121,0,600,721
8428,266,0,565,831
8429,360,0,511,871
8430,385,0,771,1156
8431,556,0,243,799
8432,647,0,0,647
8433,196,0,704,900
8434,1,0,840,841
8435,724,0,377,1101
8436,287,0,604,891
8437,708,0,126,834
8438,742,0,509,1251
8439,239,0,821,1060
8440,849,0,602,1451
8441,470,0,540,1010
8442,344,0,817,1161
8443,494,0,964,1458
8444,52,0,902,954
8445,249,0,557,806
8446,467,0,197,664
8447,36,0,467,503
8448,82,0,190,272
8449,848,0,725,1573
8450,20,0,279,299
8451,421,0,771,1192
8452,359,0,249,608
8453,78,0,570,648
8454,140,0,981,1121
8455,452,0,946,1398
8456,769,0,343,1112
8457,273,0,754,1027
8458,358,0,115,473
8459,71,0,475,546
8460,486,0,825,1311
8461,365,0,612,977
8462,420,0,217,637
8463,321,0,412,733
8464,502,0,547,1049
8465,907,0,798,1705
8466,662,0,381,1043
8467,186,0,980,1166
8468,530,0,516,1046
8469,122,0,283,405
8470,588,0,903,1491
8471,723,0,756,1479
8472,499,0,879,1378
8473,337,0,151,488
8474,428,0,247,675
8475,6,0,876,882
8476,995,0,835,1830
8477,858,0,288,1146
8478,900,0,736,1636
8479,62,0,59,121
8480,396,0,323,719
8481,250,0,604,854
8482,522,0,33,555
8483,576,0,966,1542
8484,481,0,604,1085
8485,196,0,502,698
8486,404,0,269,673
8487,392,0,866,1258
8488,780,0,523,1303
8489,958,0,309,1267
8490,632,0,308,940
8491,597,0,334,931
8492,165,0,81,246
8493,281,0,586,867
8494,865,0,179,1044
8495,973,0,804,1777
8496,903,0,580,1483
8497,286,0,473,759
8498,864,0,330,1194
8499,18,0,248,266
8500,149,0,510,659
8501,214,0,127,341
8502,914,0,524,1438
8503,519,0,143,662
8504,77,0,276,353
8505,128,0,643,771
8506,999,0,456,1455
8507,142,0,962,1104
8508,506,0,298,804
8509,603,0,368,971
8510,892,0,305,1197
8511,763,0,627,1390
8512,161,0,338,499
8513,542,0,16,558
8514,822,0,707,1529
8515,139,0,152,291
8516,751,0,879,1630
8517,123,0,184,307
8518,250,0,545,795
8519,985,0,458,1443
8520,216,0,229,445
8521,328,0,879,1207
8522,341,0,461,802
8523,701,0,436,1137
8524,729,0,301,1030
8525,575,0,205,780
8526,880,0,883,1763
8527,274,0,575,849
8528,120,0,640,760
8529,172,0,252,424
8530,615,0,253,868
8531,55,0,609,664
8532,912,0,700,1612
8533,856,0,706,1562
8534,881,0,979,1860
8535,898,0,717,1615
8536,391,0,439,830
8537,265,0,568,833
8538,169,0,119,288
8539,726,0,277,1003
8540,938,0,576,1514
8541,899,0,0,899
8542,193,0,604,797
8543,541,0,870,1411
8544,231,0,125,356
8545,381,0,454,835
8546,360,0,683,1043
8547,410,0,453,863
8548,992,0,565,1557
8549,380,0,159,539
8550,912,0,162,1074
8551,52,0,132,184
8552,52,0,120,172
8553,536,0,536,1072
8554,574,0,386,960
8555,274,0,444,718
8556,649,0,294,943
8557,506,0,129,635
8558,417,0,599,1016
8559,352,0,17,369
8560,159,0,417,576
8561,135,0,516,651
8562,491,0,539,1030
8563,114,0,381,495
8564,916,0,884,1800
8565,705,0,746,1451
8566,918,0,824,1742
8567,972,0,931,1903
8568,963,0,611,1574
8569,801,0,123,924
8570,955,0,522,1477
8571,443,0,49,492
8572,599,0,880,1479
8573,63,0,288,351
8574,858,0,96,954
8575,392,0,140,532
8576,655,0,642,1297
8577,560,0,57,617
8578,753,0,32,785
8579,804,0,469,1273
8580,291,0,433,724
8581,520,0,134,654
8582,701,0,579,1280
8583,48,0,326,374
8584,677,0,258,935
8585,384,0,862,1246
8586,529,0,256,785
8587,93,0,125,218
8588,902,0,437,1339
8589,540,0,56,596
8590,116,0,999,1115
8591,571,0,75,646
8592,922,0,913,1835
8593,340,0,662,1002
8594,622,0,654,1276
8595,502,0,798,1300
8596,557,0,914,1471
8597,152,0,811,963
8598,120,0,633,753
8599,701,0,520,1221
8600,197,0,390,587
8601,695,0,190,885
8602,521,0,654,1175
8603,161,0,705,866
8604,661,0,281,942
8605,886,0,311,1197
8606,493,0,712,1205
8607,502,0,665,1167
8608,277,0,293,570
8609,335,0,3,338
8610,360,0,552,912
8611,691,0,231,922
8612,451,0,744,1195
8613,953,0,198,1151
8614,0,0,658,658
8615,553,0,372,925
8616,948,0,120,1068
8617,721,0,369,1090
8618,208,0,668,876
8619,730,0,587,1317
8620,772,0,319,1091
8621,777,0,539,1316
8622,200,0,940,1140
8623,145,0,415,560
8624,656,0,857,1513
8625,916,0,603,1519
8626,122,0,252,374
8627,167,0,336,503
8628,103,0,313,416
8629,756,0,829,1585
8630,403,0,541,944
8631,843,0,277,1120
8632,921,0,548,1469
8633,275,0,97,372
8634,827,0,749,1576
8635,658,0,878,1536
8636,90,0,742,832
8637,791,0,5,796
8638,300,0,142,442
8639,165,0,362,527
8640,151,0,310,461
8641,7,0,641,648
8642,549,0,496,1045
8643,794,0,719,1513
8644,154,0,157,311
8645,748,0,520,1268
8646,951,0,328,1279
8647,680,0,698,1378
8648,413,0,645,1058
8649,703,0,621,1324
8650,781,0,597,1378
8651,113,0,43,156
8652,403,0,681,1084
8653,636,0,165,801
8654,600,0,595,1195
8655,415,0,402,817
8656,126,0,575,701
8657,41,0,816,857
8658,906,0,772,1678
8659,637,0,707,1344
8660,76,0,799,875
8661,768,0,725,1493
8662,262,0,411,673
8663,480,0,54,534
8664,437,0,925,1362
8665,463,0,993,1456
8666,541,0,593,1134
8667,587,0,820,1407
8668,282,0,928,1210
8669,961,0,303,1264
8670,274,0,35,309
8671,708,0,572,1280
8672,598,0,65,663
8673,443,0,841,1284
8674,918,0,359,1277
8675,122,0,645,767
8676,444,0,922,1366
8677,588,0,756,1344
8678,560,0,42,602
8679,818,0,262,1080
8680,677,0,176,853
8681,397,0,131,528
8682,367,0,275,642
8683,13,0,249,262
8684,201,0,862,1063
8685,121,0,939,1060
8686,120,0,720,840
8687,841,0,21,862
8688,137,0,797,934
8689,501,0,533,1034
8690,304,0,364,668
8691,285,0,265,550
8692,791,0,251,1042
8693,559,0,211,770
8694,245,0,744,989
8695,207,0,421,628
8696,258,0,109,367
8697,251,0,492,743
8698,264,0,250,514
8699,140,0,221,361
8700,721,0,441,1162
8701,119,0,73,192
8702,354,0,886,1240
8703,916,0,434,1350
8704,122,0,991,1113
8705,919,0,206,1125
8706,635,0,676,1311
8707,151,0,877,1028
8708,439,0,384,823
8709,922,0,586,1508
8710,569,0,341,910
8711,369,0,375,744
8712,757,0,63,820
8713,412,0,263,675
8714,50,0,211,261
8715,242,0,857,1099
8716,299,0,753,1052
8717,43,0,293,336
8718,120,0,940,1060
8719,31,0,697,728
8720,352,0,666,1018
8721,327,0,25,352
8722,869,0,780,1649
8723,435,0,457,892
8724,623,0,529,1152
8725,176,0,105,281
8726,738,0,219,957
8727,266,0,442,708
8728,13,0,364,377
8729,853,0,429,1282
8730,528,0,384,912
8731,719,0,425,1144
8732,236,0,831,1067
8733,982,0,663,1645
8734,158,0,136,294
8735,246,0,778,1024
8736,149,0,100,249
8737,453,0,630,1083
8738,392,0,246,638
8739,824,0,17,841
8740,538,0,602,1140
8741,590,0,768,1358
8742,848,0,910,1758
8743,407,0,102,509
8744,680,0,33,713
8745,896,0,385,1281
8746,433,0,331,764
8747,522,0,875,1397
8748,874,0,910,1784
8749,535,0,828,1363
8750,959,0,204,1163
8751,713,0,624,1337
8752,432,0,199,631
8753,405,0,775,1180
8754,275,0,484,759
8755,170,0,651,821
8756,44,0,228,272
8757,781,0,797,1578
8758,404,0,778,1182
8759,244,0,236,480
8760,748,0,663,1411
8761,134,0,555,689
8762,410,0,472,882
8763,350,0,524,874
8764,236,0,945,1181
8765,136,0,89,225
8766,530,0,501,1031
8767,354,0,372,726
8768,793,0,37,830
8769,40,0,119,159
8770,363,0,371,734
8771,784,0,112,896
8772,532,0,918,1450
8773,161,0,178,339
8774,452,0,442,894
8775,885,0,583,1468
8776,57,0,701,758
8777,508,0,313,821
8778,93,0,349,442
8779,140,0,650,790
8780,582,0,880,1462
8781,488,0,808,1296
8782,384,0,806,1190
8783,248,0,56,304
8784,997,0,26,1023
8785,228,0,378,606
8786,548,0,200,748
8787,418,0,424,842
8788,532,0,950,1482
8789,151,0,717,868
8790,837,0,768,1605
8791,933,0,793,1726
8792,497,0,918,1415
8793,369,0,990,1359
8794,432,0,981,1413
8795,782,0,205,987
8796,111,0,836,947
8797,216,0,2,218
8798,555,0,17,572
8799,243,0,567,810
8800,855,0,390,1245
8801,644,0,224,868
8802,240,0,943,1183
8803,286,0,277,563
8804,210,0,645,855
8805,940,0,496,1436
8806,386,0,975,1361
8807,989,0,464,1453
8808,483,0,507,990
8809,222,0,509,731
8810,163,0,113,276
8811,107,0,21,128
8812,922,0,806,1728
8813,932,0,554,1486
8814,568,0,316,884
8815,208,0,769,977
8816,711,0,703,1414
8817,180,0,127,307
8818,406,0,825,1231
8819,139,0,45,184
8820,762,0,513,1275
8821,655,0,186,841
8822,182,0,518,700
8823,755,0,146,901
8824,561,0,468,1029
8825,585,0,60,645
8826,969,0,148,1117
8827,906,0,842,1748
8828,373,0,317,690
8829,43,0,715,758
8830,21,0,910,931
8831,758,0,617,1375
8832,8,0,908,916
8833,348,0,694,1042
8834,975,0,431,1406
8835,89,0,920,1009
8836,884,0,425,1309
8837,121,0,84,205
8838,871,0,7,878
8839,95,0,324,419
8840,722,0,809,1531
8841,345,0,32,377
8842,798,0,460,1258
8843,155,0,358,513
8844,233,0,480,713
8845,273,0,382,655
8846,760,0,777,1537
8847,93,0,96,189
8848,257,0,161,418
8849,310,0,927,1237
8850,913,0,221,1134
8851,390,0,930,1320
8852,155,0,358,513
8853,292,0,99,391
8854,337,0,262,599
8855,286,0,154,440
8856,681,0,515,1196
8857,213,0,397,610
8858,678,0,220,898
8859,563,0,677,1240
8860,446,0,9,455
8861,815,0,494,1309
8862,591,0,334,925
8863,682,0,556,1238
8864,27,0,126,153
8865,584,0,471,1055
8866,451,0,146,597
8867,37,0,406,443
8868,514,0,158,672
8869,536,0,798,1334
8870,379,0,823,1202
8871,65,0,560,625
8872,720,0,77,797
8873,325,0,515,840
8874,598,0,32,630
8875,49,0,185,234
8876,88,0,490,578
8877,930,0,21,951
8878,386,0,806,1192
8879,694,0,143,837
8880,228,0,45,273
8881,62,0,947,1009
8882,930,0,114,1044
8883,956,0,31,987
8884,399,0,947,1346
8885,138,0,555,693
8886,312,0,240,552
8887,18,0,654,672
8888,101,0,458,559
8889,720,0,384,1104
8890,187,0,328,515
8891,64,0,778,842
8892,807,0,831,1638
8893,67,0,691,758
8894,464,0,688,1152
8895,355,0,529,884
8896,389,0,601,990
8897,915,0,823,1738
8898,944,0,191,1135
8899,176,0,24,200
8900,497,0,619,1116
8901,37,0,668,705
8902,806,0,161,967
8903,317,0,13,330
8904,608,0,423,1031
8905,713,0,678,1391
8906,167,0,380,547
8907,596,0,635,1231
8908,968,0,223,1191
8909,49,0,204,253
8910,567,0,59,626
8911,143,0,877,1020
8912,247,0,724,971
8913,89,0,572,661
8914,285,0,708,993
8915,619,0,821,1440
8916,143,0,761,904
8917,483,0,395,878
8918,4,0,569,573
8919,110,0,398,508
8920,56,0,447,503
8921,321,0,849,1170
8922,84,0,462,546
8923,79,0,868,947
8924,964,0,330,1294
8925,152,0,34,186
8926,13,0,816,829
8927,812,0,536,1348
8928,693,0,897,1590
8929,566,0,446,1012
8930,861,0,22,883
8931,257,0,509,766
8932,318,0,659,977
8933,77,0,412,489
8934,697,0,640,1337
8935,797,0,112,909
8936,210,0,55,265
8937,624,0,201,825
8938,214,0,560,774
8939,837,0,222,1059
8940,208,0,945,1153
8941,311,0,790,1101
8942,452,0,458,910
8943,137,0,155,292
8944,920,0,742,1662
8945,848,0,92,940
8946,769,0,774,1543
8947,50,0,90,140
8948,646,0,719,1365
8949,666,0,70,736
8950,99,0,65,164
8951,202,0,343,545
8952,324,0,912,1236
8953,266,0,817,1083
8954,575,0,799,1374
8955,599,0,537,1136
8956,958,0,435,1393
8957,666,0,487,1153
8958,852,0,754,1606
8959,411,0,123,534
8960,918,0,235,1153
8961,712,0,604,1316
8962,899,0,328,1227
8963,757,0,307,1064
8964,925,0,881,1806
8965,94,0,270,364
8966,166,0,805,971
8967,586,0,989,1575
8968,228,0,136,364
8969,277,0,783,1060
8970,258,0,479,737
8971,690,0,113,803
8972,364,0,391,755
8973,725,0,66,791
8974,27,0,35,62
8975,732,0,990,1722
8976,573,0,999,1572
8977,25,0,232,257
8978,889,0,649,1538
8979,528,0,13,541
8980,828,0,662,1490
8981,447,0,620,1067
8982,752,0,170,922
8983,284,0,143,427
8984,79,0,108,187
8985,39,0,842,881
8986,638,0,524,1162
8987,53,0,484,537
8988,32,0,314,346
8989,723,0,71,794
8990,663,0,959,1622
8991,463,0,907,1370
8992,520,0,79,599
8993,683,0,657,1340
8994,811,0,167,978
8995,362,0,164,526
8996,779,0,50,829
8997,697,0,986,1683
8998,841,0,975,1816
8999,827,0,515,1342
9000,343,0,132,475
9001,545,0,619,1164
9002,170,0,759,929
9003,163,0,101,264
9004,491,0,72,563
9005,398,0,405,803
9006,120,0,92,212
9007,668,0,542,1210
9008,692,0,495,1187
9009,545,0,470,1015
9010,219,0,100,319
9011,452,0,491,943
9012,157,0,607,764
9013,105,0,437,542
9014,959,0,391,1350
9015,303,0,715,1018
9016,194,0,966,1160
9017,624,0,220,844
9018,179,0,54,233
9019,680,0,362,1042
9020,457,0,936,1393
9021,14,0,555,569
9022,180,0,100,280
9023,258,0,30,288
9024,584,0,904,1488
9025,411,0,902,1313
9026,136,0,294,430
9027,692,0,805,1497
9028,714,0,555,1269
9029,991,0,557,1548
9030,756,0,742,1498
9031,529,0,98,627
9032,836,0,191,1027
9033,816,0,103,919
9034,418,0,471,889
9035,165,0,473,638
9036,167,0,813,980
9037,524,0,37,561
9038,851,0,439,1290
9039,661,0,686,1347
9040,908,0,22,930
9041,657,0,794,1451
9042,191,0,320,511
9043,925,0,375,1300
9044,810,0,770,1580
9045,27,0,553,580
9046,498,0,989,1487
9047,847,0,755,1602
9048,400,0,670,1070
9049,895,0,499,1394
9050,481,0,194,675
9051,203,0,977,1180
9052,451,0,867,1318
9053,674,0,619,1293
9054,216,0,619,835
9055,488,0,3,491
9056,647,0,374,1021
9057,403,0,392,795
9058,739,0,619,1358
9059,794,0,20,814
9060,583,0,679,1262
9061,340,0,141,481
9062,527,0,264,791
9063,634,0,2,636
9064,46,0,795,841
9065,70,0,222,292
9066,484,0,711,1195
9067,420,0,78,498
9068,498,0,320,818
9069,367,0,597,964
9070,951,0,794,1745
9071,104,0,707,811
9072,327,0,694,1021
9073,286,0,608,894
9074,61,0,475,536
9075,438,0,138,576
9076,319,0,500,819
9077,699,0,989,1688
9078,661,0,532,1193
9079,735,0,985,1720
9080,65,0,734,799
9081,425,0,558,983
9082,866,0,398,1264
9083,459,0,461,920
9084,327,0,203,530
9085,259,0,121,380
9086,940,0,145,1085
9087,755,0,419,1174
9088,954,0,629,1583
9089,963,0,847,1810
9090,151,0,753,904
9091,53,0,833,886
9092,522,0,680,1202
9093,750,0,832,1582
9094,739,0,209,948
9095,917,0,747,1664
9096,178,0,109,287
9097,611,0,934,1545
9098,319,0,679,998
9099,48,0,39,87
9100,997,0,569,1566
9101,714,0,675,1389
9102,176,0,702,878
9103,976,0,438,1414
9104,706,0,416,1122
9105,734,0,290,1024
9106,549,0,218,767
9107,651,0,881,1532
9108,49,0,401,450
9109,543,0,181,724
9110,206,0,340,546
9111,674,0,999,1673
9112,759,0,309,1068
9113,262,0,314,576
9114,785,0,663,1448
9115,577,0,102,679
9116,147,0,95,242
9117,948,0,875,1823
9118,585,0,466,1051
9119,788,0,405,1193
9120,652,0,84,736
9121,346,0,734,1080
9122,747,0,441,1188
9123,132,0,485,617
9124,995,0,787,1782
9125,845,0,24,869
9126,758,0,912,1670
9127,899,0,517,1416
9128,551,0,597,1148
9129,456,0,19,475
9130,833,0,110,943
9131,462,0,837,1299
9132,439,0,300,739
9133,939,0,838,1777
9134,696,0,710,1406
9135,505,0,934,1439
9136,23,0,660,683
9137,188,0,725,913
9138,501,0,766,1267
9139,876,0,328,1204
9140,974,0,736,1710
9141,87,0,805,892
9142,947,0,364,1311
9143,441,0,818,1259
9144,743,0,254,997
9145,32,0,319,351
9146,81,0,907,988
9147,377,0,387,764
9148,429,0,71,500
9149,738,0,760,1498
9150,501,0,340,841
9151,500,0,76,576
9152,995,0,419,1414
9153,783,0,659,1442
9154,714,0,526,1240
9155,704,0,532,1236
9156,878,0,70,948
9157,27,0,161,188
9158,978,0,206,1184
9159,588,0,2,590
9160,11,0,419,430
9161,295,0,528,823
9162,712,0,293,1005
9163,471,0,249,720
9164,324,0,892,1216
9165,756,0,423,1179
9166,247,0,729,976
9167,618,0,422,1040
9168,54,0,67,121
9169,145,0,244,389
9170,953,0,596,1549
9171,940,0,739,1679
9172,449,0,807,1256
9173,262,0,311,573
9174,381,0,213,594
9175,510,0,397,907
9176,273,0,1,274
9177,876,0,698,1574
9178,383,0,147,530
9179,723,0,717,1440
9180,618,0,13,631
9181,241,0,372,613
9182,968,0,321,1289
9183,750,0,92,842
9184,327,0,579,906
9185,584,0,978,1562
9186,198,0,855,1053
9187,934,0,835,1769
9188,517,0,857,1374
9189,474,0,77,551
9190,707,0,577,1284
9191,845,0,918,1763
9192,893,0,897,1790
9193,177,0,751,928
9194,830,0,119,949
9195,595,0,456,1051
9196,494,0,997,1491
9197,932,0,49,981
9198,527,0,417,944
9199,944,0,467,1411
9200,854,0,340,1194
9201,177,0,339,516
9202,910,0,984,1894
9203,353,0,660,1013
9204,595,0,309,904
9205,944,0,652,1596
9206,184,0,473,657
9207,626,0,285,911
9208,969,0,505,1474
9209,535,0,909,1444
9210,223,0,282,505
9211,604,0,118,722
9212,550,0,83,633
9213,418,0,880,1298
9214,343,0,690,1033
9215,115,0,674,789
9216,369,0,820,1189
9217,198,0,337,535
9218,797,0,298,1095
9219,800,0,29,829
9220,314,0,131,445
9221,14,0,246,260
9222,10,0,783,793
9223,340,0,950,1290
9224,672,0,19,691
9225,585,0,415,1000
9226,507,0,466,973
9227,19,0,208,227
9228,32,0,312,344
9229,351,0,674,1025
9230,697,0,825,1522
9231,836,0,415,1251
9232,945,0,632,1577
9233,435,0,515,950
9234,483,0,180,663
9235,744,0,257,1001
9236,516,0,630,1146
9237,406,0,395,801
9238,557,0,713,1270
9239,509,0,795,1304
9240,91,0,107,198
9241,465,0,859,1324
9242,565,0,831,1396
9243,524,0,183,707
9244,551,0,182,733
9245,606,0,664,1270
9246,237,0,358,595
9247,962,0,112,1074
9248,857,0,4,861
9249,648,0,185,833
9250,125,0,371,496
9251,943,0,992,1935
9252,925,0,896,1821
9253,51,0,687,738
9254,946,0,279,1225
9255,792,0,235,1027
9256,161,0,794,955
9257,714,0,194,908
9258,216,0,288,504
9259,583,0,668,1251
9260,261,0,724,985
9261,986,0,129,1115
9262,170,0,545,715
9263,138,0,854,992
9264,847,0,261,1108
9265,420,0,602,1022
9266,969,0,686,1655
9267,223,0,233,456
9268,512,0,108,620
9269,694,0,636,1330
9270,932,0,744,1676
9271,384,0,170,554
9272,907,0,405,1312
9273,972,0,854,1826
9274,63,0,548,611
9275,871,0,843,1714
9276,452,0,645,1097
9277,971,0,225,1196
9278,861,0,609,1470
9279,278,0,80,358
9280,589,0,156,745
9281,512,0,691,1203
9282,436,0,878,1314
9283,789,0,588,1377
9284,425,0,426,851
9285,335,0,340,675
9286,129,0,289,418
9287,154,0,983,1137
9288,315,0,726,1041
9289,161,0,195,356
9290,861,0,463,1324
9291,180,0,231,411
9292,593,0,407,1000
9293,814,0,705,1519
9294,650,0,181,831
9295,946,0,627,1573
9296,377,0,666,1043
9297,699,0,662,1361
9298,126,0,723,849
9299,36,0,917,953
9300,250,0,665,915
9301,46,0,552,598
9302,168,0,413,581
9303,321,0,389,710
9304,399,0,966,1365
9305,299,0,812,1111
9306,708,0,311,1019
9307,896,0,995,1891
9308,344,0,235,579
9309,57,0,14,71
9310,681,0,721,1402
9311,960,0,326,1286
9312,389,0,807,1196
9313,559,0,995,1554
9314,967,0,559,1526
9315,978,0,80,1058
9316,709,0,164,873
9317,992,0,228,1220
9318,146,0,269,415
9319,326,0,645,971
9320,411,0,999,1410
9321,949,0,86,1035
9322,301,0,82,383
9323,255,0,18,273
9324,631,0,744,1375
9325,728,0,221,949
9326,57,0,258,315
9327,731,0,767,1498
9328,656,0,866,1522
9329,652,0,964,1616
9330,353,0,732,1085
9331,656,0,547,1203
9332,555,0,47,602
9333,762,0,256,1018
9334,286,0,617,903
9335,625,0,152,777
9336,322,0,845,1167
9337,916,0,761,1677
9338,173,0,140,313
9339,139,0,969,1108
9340,33,0,123,156
9341,909,0,388,1297
9342,599,0,848,1447
9343,351,0,498,849
9344,565,0,504,1069
9345,624,0,316,940
9346,895,0,859,1754
9347,544,0,145,689
9348,41,0,846,887
9349,899,0,488,1387
9350,335,0,119,454
9351,141,0,601,742
9352,798,0,592,1390
9353,855,0,873,1728
9354,709,0,927,1636
9355,565,0,629,1194
9356,427,0,236,663
9357,588,0,198,786
9358,829,0,416,1245
9359,427,0,933,1360
9360,297,0,766,1063
9361,133,0,289,422
9362,236,0,948,1184
9363,185,0,703,888
9364,557,0,817,1374
9365,655,0,237,892
9366,836,0,808,1644
9367,320,0,580,900
9368,738,0,541,1279
9369,817,0,346,1163
9370,152,0,545,697
9371,471,0,288,759
9372,236,0,896,1132
9373,237,0,454,691
9374,287,0,49,336
9375,272,0,430,702
9376,880,0,977,1857
9377,244,0,534,778
9378,223,0,504,727
9379,912,0,259,1171
9380,317,0,21,338
9381,508,0,268,776
9382,843,0,982,1825
9383,551,0,803,1354
9384,81,0,89,170
9385,858,0,459,1317
9386,762,0,603,1365
9387,474,0,490,964
9388,196,0,395,591
9389,308,0,338,646
9390,171,0,262,433
9391,745,0,56,801
9392,618,0,626,1244
9393,562,0,135,697
9394,386,0,908,1294
9395,706,0,374,1080
9396,553,0,592,1145
9397,242,0,672,914
9398,999,0,504,1503
9399,711,0,811,1522
9400,641,0,666,1307
9401,125,0,153,278
9402,839,0,41,880
9403,429,0,216,645
9404,553,0,752,1305
9405,536,0,864,1400
9406,141,0,195,336
9407,59,0,272,331
9408,994,0,335,1329
9409,607,0,966,1573
9410,939,0,904,1843
9411,118,0,893,1011
9412,346,0,443,789
9413,853,0,126,979
9414,867,0,373,1240
9415,643,0,790,1433
9416,119,0,902,1021
9417,974,0,564,1538
9418,562,0,4,566
9419,78,0,723,801
9420,23,0,161,184
9421,605,0,440,1045
9422,981,0,920,1901
9423,180,0,17,197
9424,243,0,392,635
9425,496,0,376,872
9426,860,0,219,1079
9427,897,0,739,1636
9428,115,0,567,682
9429,258,0,249,507
9430,422,0,832,1254
9431,244,0,262,506
9432,820,0,49,869
9433,903,0,379,1282
9434,756,0,409,1165
9435,576,0,558,1134
9436,526,0,18,544
9437,621,0,401,1022
9438,106,0,951,1057
9439,149,0,196,345
9440,85,0,856,941
9441,304,0,679,983
9442,638,0,720,1358
9443,803,0,816,1619
9444,332,0,681,1013
9445,188,0,149,337
9446,959,0,845,1804
9447,787,0,309,1096
9448,312,0,450,762
9449,546,0,988,1534
9450,342,0,842,1184
9451,903,0,0,903
9452,986,0,796,1782
9453,61,0,693,754
9454,618,0,921,1539
9455,28,0,925,953
9456,273,0,940,1213
9457,246,0,66,312
9458,849,0,886,1735
9459,33,0,214,247
9460,297,0,773,1070
9461,936,0,425,1361
9462,900,0,925,1825
9463,50,0,98,148
9464,553,0,794,1347
9465,678,0,891,1569
9466,778,0,757,1535
9467,565,0,764,1329
9468,534,0,877,1411
9469,847,0,534,1381
9470,178,0,546,724
9471,788,0,522,1310
9472,360,0,44,404
9473,811,0,218,1029
9474,255,0,895,1150
9475,706,0,482,1188
9476,330,0,244,574
9477,446,0,388,834
9478,486,0,439,925
9479,358,0,265,623
9480,953,0,904,1857
9481,633,0,995,1628
9482,278,0,277,555
9483,401,0,908,1309
9484,770,0,140,910
9485,305,0,825,1130
9486,670,0,862,1532
9487,136,0,394,530
9488,987,0,556,1543
9489,998,0,544,1542
9490,309,0,567,876
9491,313,0,214,527
9492,524,0,198,722
9493,696,0,601,1297
9494,428,0,506,934
9495,300,0,580,880
9496,910,0,204,1114
9497,597,0,86,683
9498,550,0,384,934
9499,758,0,420,1178
9500,874,0,24,898
9501,723,0,666,1389
9502,771,0,509,1280
9503,770,0,134,904
9504,841,0,122,963
9505,337,0,294,631
9506,895,0,106,1001
9507,410,0,169,579
9508,773,0,327,1100
9509,70,0,459,529
9510,158,0,301,459
9511,989,0,326,1315
9512,336,0,237,573
9513,745,0,351,1096
9514,361,0,393,754
9515,293,0,631,924
9516,296,0,209,505
9517,548,0,764,1312
9518,655,0,861,1516
9519,8,0,0,8
9520,220,0,384,604
9521,973,0,493,1466
9522,330,0,17,347
9523,388,0,144,532
9524,543,0,80,623
9525,71,0,192,263
9526,259,0,177,436
9527,494,0,726,1220
9528,87,0,798,885
9529,614,0,214,828
9530,10,0,146,156
9531,69,0,521,590
9532,338,0,821,1159
9533,155,0,434,589
9534,416,0,808,1224
9535,929,0,312,1241
9536,68,0,840,908
9537,60,0,758,818
9538,459,0,561,1020
9539,485,0,40,525
9540,185,0,123,308
9541,675,0,247,922
9542,119,0,311,430
9543,242,0,421,663
9544,508,0,784,1292
9545,511,0,669,1180
9546,367,0,1000,1367
9547,404,0,637,1041
9548,302,0,258,560
9549,717,0,474,1191
9550,686,0,319,1005
9551,293,0,925,1218
9552,574,0,136,710
9553,671,0,705,1376
9554,893,0,379,1272
9555,714,0,446,1160
9556,271,0,239,510
9557,981,0,688,1669
9558,267,0,813,1080
9559,490,0,344,834
9560,144,0,262,406
9561,287,0,950,1237
9562,966,0,694,1660
9563,540,0,478,1018
9564,431,0,893,1324
9565,955,0,990,1945
9566,273,0,172,445
9567,580,0,24,604
9568,487,0,736,1223
9569,26,0,319,345
9570,16,0,644,660
9571,963,0,961,1924
9572,707,0,785,1492
9573,902,0,788,1690
9574,68,0,823,891
9575,717,0,824,1541
9576,481,0,195,676
9577,674,0,234,908
9578,497,0,502,999
9579,966,0,637,1603
9580,490,0,601,1091
9581,227,0,347,574
9582,102,0,189,291
9583,523,0,827,1350
9584,110,0,828,938
9585,623,0,902,1525
9586,285,0,957,1242
9587,131,0,401,532
9588,101,0,465,566
9589,714,0,20,734
9590,674,0,509,1183
9591,449,0,871,1320
9592,547,0,926,1473
9593,875,0,570,1445
9594,833,0,583,1416
9595,111,0,135,246
9596,634,0,231,865
9597,844,0,792,1636
9598,519,0,702,1221
9599,705,0,198,903
9600,281,0,794,1075
9601,581,0,342,923
9602,190,0,443,633
9603,341,0,352,693
9604,977,0,995,1972
9605,974,0,94,1068
9606,613,0,377,990
9607,67,0,422,489
9608,596,0,481,1077
9609,822,0,514,1336
9610,415,0,730,1145
9611,321,0,732,1053
9612,271,0,39,310
9613,300,0,155,455
9614,983,0,127,1110
9615,761,0,658,1419
9616,621,0,363,984
9617,161,0,393,554
9618,438,0,808,1246
9619,992,0,35,1027
9620,976,0,902,1878
9621,406,0,288,694
9622,910,0,848,1758
9623,285,0,882,1167
9624,306,0,282,588
9625,913,0,760,1673
9626,266,0,308,574
9627,714,0,369,1083
9628,938,0,626,1564
9629,254,0,273,527
9630,180,0,79,259
9631,554,0,286,840
9632,178,0,630,808
9633,161,0,372,533
9634,435,0,466,901
9635,265,0,323,588
9636,721,0,737,1458
9637,182,0,206,388
9638,687,0,276,963
9639,962,0,657,1619
9640,739,0,459,1198
9641,286,0,110,396
9642,545,0,64,609
9643,759,0,83,842
9644,294,0,826,1120
9645,411,0,570,981
9646,311,0,990,1301
9647,650,0,33,683
9648,470,0,777,1247
9649,162,0,867,1029
9650,164,0,128,292
9651,976,0,918,1894
9652,238,0,260,498
9653,687,0,656,1343
9654,694,0,482,1176
9655,621,0,372,993
9656,139,0,909,1048
9657,827,0,244,1071
9658,282,0,986,1268
9659,197,0,460,657
9660,769,0,954,1723
9661,743,0,969,1712
9662,354,0,598,952
9663,855,0,5,860
9664,835,0,286,1121
9665,53,0,692,745
9666,623,0,862,1485
9667,167,0,947,1114
9668,210,0,355,565
9669,249,0,913,1162
9670,839,0,86,925
9671,756,0,7,763
9672,314,0,641,955
9673,155,0,246,401
9674,472,0,871,1343
9675,469,0,157,626
9676,267,0,914,1181
9677,238,0,962,1200
9678,759,0,725,1484
9679,856,0,491,1347
9680,771,0,108,879
9681,417,0,873,1290
9682,119,0,625,744
9683,482,0,113,595
9684,114,0,806,920
9685,592,0,936,1528
9686,631,0,89,720
9687,603,0,188,791
9688,243,0,24,267
9689,947,0,144,1091
9690,811,0,80,891
9691,738,0,589,1327
9692,351,0,71,422
9693,481,0,594,1075
9694,779,0,164,943
9695,429,0,511,940
9696,272,0,677,949
9697,355,0,697,1052
9698,545,0,539,1084
9699,308,0,810,1118
9700,238,0,412,650
9701,175,0,525,700
9702,89,0,856,945
9703,190,0,620,810
9704,605,0,833,1438
9705,482,0,291,773
9706,966,0,113,1079
9707,263,0,29,292
9708,341,0,500,841
9709,462,0,220,682
9710,66,0,52,118
9711,710,0,998,1708
9712,178,0,987,1165
9713,735,0,852,1587
9714,954,0,447,1401
9715,350,0,806,1156
9716,18,0,106,124
9717,9,0,255,264
9718,47,0,779,826
9719,281,0,269,550
9720,845,0,541,1386
9721,554,0,227,781
9722,976,0,696,1672
9723,927,0,248,1175
9724,396,0,304,700
9725,212,0,220,432
9726,328,0,335,663
9727,707,0,760,1467
9728,699,0,277,976
9729,554,0,449,1003
9730,192,0,595,787
9731,870,0,285,1155
9732,399,0,878,1277
9733,261,0,177,438
9734,249,0,211,460
9735,208,0,385,593
9736,354,0,331,685
9737,846,0,35,881
9738,988,0,139,1127
9739,897,0,649,1546
9740,696,0,958,1654
9741,144,0,142,286
9742,546,0,561,1107
9743,246,0,355,601
9744,695,0,361,1056
9745,137,0,232,369
9746,454,0,69,523
9747,9,0,776,785
9748,294,0,994,1288
9749,984,0,583,1567
9750,615,0,296,911
9751,208,0,957,1165
9752,812,0,702,1514
9753,419,0,277,696
9754,560,0,966,1526
9755,174,0,533,707
9756,693,0,240,933
9757,765,0,274,1039
9758,530,0,787,1317
9759,545,0,372,917
9760,334,0,451,785
9761,203,0,910,1113
9762,405,0,39,444
9763,864,0,396,1260
9764,422,0,804,1226
9765,924,0,314,1238
9766,341,0,758,1099
9767,490,0,173,663
9768,243,0,4,247
9769,75,0,719,794
9770,215,0,588,803
9771,281,0,27,308
9772,324,0,685,1009
9773,754,0,793,1547
9774,364,0,859,1223
9775,909,0,86,995
9776,748,0,419,1167
9777,799,0,885,1684
9778,47,0,432,479
9779,853,0,714,1567
9780,493,0,657,1150
9781,236,0,206,442
9782,474,0,795,1269
9783,589,0,333,922
9784,494,0,487,981
9785,128,0,687,815
9786,521,0,907,1428
9787,463,0,784,1247
9788,417,0,945,1362
9789,55,0,264,319
9790,607,0,902,1509
9791,723,0,727,1450
9792,136,0,151,287
9793,681,0,250,931
9794,216,0,746,962
9795,483,0,326,809
9796,494,0,645,1139
9797,101,0,775,876
9798,747,0,336,1083
9799,155,0,859,1014
9800,158,0,390,548
9801,612,0,63,675
9802,476,0,692,1168
9803,199,0,874,1073
9804,11,0,36,47
9805,361,0,226,587
9806,401,0,764,1165
9807,418,0,575,993
9808,509,0,306,815
9809,183,0,854,1037
9810,782,0,927,1709
9811,506,0,913,1419
9812,775,0,953,1728
9813,20,0,684,704
9814,701,0,388,1089
9815,636,0,201,837
9816,37,0,539,576
9817,227,0,975,1202
9818,101,0,829,930
9819,725,0,80,805
9820,192,0,882,1074
9821,679,0,900,1579
9822,123,0,18,141
9823,699,0,421,1120
9824,430,0,639,1069
9825,624,0,362,986
9826,346,0,161,507
9827,671,0,213,884
9828,814,0,890,1704
9829,439,0,499,938
9830,333,0,284,617
9831,520,0,534,1054
9832,700,0,357,1057
9833,482,0,892,1374
9834,947,0,191,1138
9835,577,0,476,1053
9836,789,0,417,1206
9837,414,0,494,908
9838,213,0,134,347
9839,74,0,480,554
9840,384,0,651,1035
9841,267,0,67,334
9842,565,0,821,1386
9843,221,0,179,400
9844,361,0,755,1116
9845,140,0,624,764
9846,62,0,448,510
9847,203,0,563,766
9848,443,0,585,1028
9849,185,0,529,714
9850,140,0,593,733
9851,854,0,522,1376
9852,902,0,768,1670
9853,886,0,461,1347
9854,165,0,980,1145
9855,203,0,136,339
9856,243,0,944,1187
9857,190,0,415,605
9858,613,0,659,1272
9859,749,0,369,1118
9860,840,0,245,1085
9861,266,0,682,948
9862,114,0,971,1085
9863,778,0,859,1637
9864,876,0,808,1684
9865,759,0,270,1029
9866,939,0,380,1319
9867,710,0,121,831
9868,671,0,777,1448
9869,868,0,495,1363
9870,835,0,275,1110
9871,508,0,638,1146
9872,749,0,649,1398
9873,243,0,246,489
9874,812,0,58,870
9875,563,0,298,861
9876,630,0,774,1404
9877,63,0,39,102
9878,798,0,672,1470
9879,172,0,357,529
9880,967,0,14,981
9881,8,0,19,27
9882,883,0,568,1451
9883,914,0,377,1291
9884,935,0,107,1042
9885,959,0,344,1303
9886,139,0,967,1106
9887,930,0,277,1207
9888,167,0,115,282
9889,310,0,604,914
9890,368,0,552,920
9891,654,0,22,676
9892,957,0,665,1622
9893,447,0,246,693
9894,900,0,572,1472
9895,181,0,583,764
9896,162,0,387,549
9897,823,0,816,1639
9898,62,0,40,102
9899,73,0,751,824
9900,585,0,160,745
9901,400,0,786,1186
9902,929,0,471,1400
9903,49,0,494,543
9904,442,0,559,1001
9905,29,0,245,274
9906,462,0,249,711
9907,302,0,223,525
9908,885,0,855,1740
9909,659,0,319,978
9910,408,0,851,1259
9911,801,0,857,1658
9912,221,0,834,1055
9913,776,0,578,1354
9914,476,0,550,1026
9915,277,0,504,781
9916,578,0,793,1371
9917,951,0,158,1109
9918,80,0,587,667
9919,991,0,866,1857
9920,127,0,425,552
9921,484,0,138,622
9922,878,0,607,1485
9923,696,0,732,1428
9924,96,0,674,770
9925,668,0,754,1422
9926,96,0,521,617
9927,206,0,534,740
9928,373,0,677,1050
9929,748,0,56,804
9930,291,0,134,425
9931,509,0,264,773
9932,178,0,190,368
9933,564,0,454,1018
9934,546,0,86,632
9935,368,0,598,966
9936,96,0,755,851
9937,164,0,200,364
9938,868,0,693,1561
9939,156,0,709,865
9940,422,0,20,442
9941,867,0,693,1560
9942,201,0,348,549
9943,548,0,87,635
9944,674,0,81,755
9945,687,0,197,884
9946,541,0,334,875
9947,31,0,345,376
9948,532,0,4,536
9949,198,0,896,1094
9950,399,0,235,634
9951,676,0,865,1541
9952,641,0,438,1079
9953,796,0,210,1006
9954,704,0,27,731
9955,501,0,82,583
9956,11,0,52,63
9957,143,0,695,838
9958,62,0,586,648
9959,824,0,561,1385
9960,317,0,97,414
9961,449,0,109,558
9962,881,0,310,1191
9963,936,0,890,1826
9964,819,0,258,1077
9965,647,0,495,1142
9966,754,0,443,1197
9967,634,0,425,1059
9968,795,0,841,1636
9969,951,0,302,1253
9970,714,0,972,1686
9971,315,0,568,883
9972,378,0,24,402
9973,252,0,893,1145
9974,354,0,291,645
9975,637,0,146,783
9976,694,0,656,1350
9977,225,0,351,576
9978,135,0,787,922
9979,407,0,866,1273
9980,55,0,215,270
9981,677,0,44,721
9982,606,0,51,657
9983,570,0,591,1161
9984,70,0,572,642
9985,884,0,910,1794
9986,179,0,504,683
9987,539,0,901,1440
9988,774,0,802,1576
9989,546,0,966,1512
9990,108,0,52,160
9991,654,0,366,1020
9992,728,0,632,1360
9993,630,0,637,1267
9994,941,0,710,1651
9995,90,0,6,96
9996,122,0,10,132
9997,744,0,693,1437
9998,728,0,493,1221
9999,806,0,32,838
