id,number_1,number_2,operator,solution
0,459,971,0,1430
1,912,981,0,1893
2,409,819,0,1228
3,591,313,0,904
4,219,542,0,761
5,889,783,0,1672
6,797,839,0,1636
7,974,808,0,1782
8,206,491,0,697
9,700,518,0,1218
10,824,666,0,1490
11,958,128,0,1086
12,993,82,0,1075
13,305,798,0,1103
14,288,277,0,565
15,857,360,0,1217
16,854,854,0,1708
17,975,271,0,1246
18,186,80,0,266
19,22,224,0,246
20,417,898,0,1315
21,365,430,0,795
22,760,956,0,1716
23,441,607,0,1048
24,648,490,0,1138
25,867,485,0,1352
26,11,610,0,621
27,570,869,0,1439
28,503,750,0,1253
29,11,891,0,902
30,555,701,0,1256
31,231,401,0,632
32,498,213,0,711
33,630,583,0,1213
34,166,26,0,192
35,718,461,0,1179
36,558,857,0,1415
37,81,140,0,221
38,623,510,0,1133
39,266,238,0,504
40,684,357,0,1041
41,12,961,0,973
42,963,276,0,1239
43,153,358,0,511
44,513,906,0,1419
45,622,235,0,857
46,288,997,0,1285
47,51,821,0,872
48,485,346,0,831
49,807,771,0,1578
50,49,995,0,1044
51,238,855,0,1093
52,769,461,0,1230
53,426,71,0,497
54,727,496,0,1223
55,76,183,0,259
56,197,941,0,1138
57,597,60,0,657
58,646,476,0,1122
59,992,80,0,1072
60,247,23,0,270
61,203,858,0,1061
62,103,46,0,149
63,655,395,0,1050
64,120,192,0,312
65,413,291,0,704
66,450,545,0,995
67,939,356,0,1295
68,719,914,0,1633
69,594,107,0,701
70,257,993,0,1250
71,422,717,0,1139
72,78,123,0,201
73,235,974,0,1209
74,13,191,0,204
75,927,258,0,1185
76,72,791,0,863
77,626,96,0,722
78,424,417,0,841
79,562,688,0,1250
80,333,704,0,1037
81,221,199,0,420
82,759,734,0,1493
83,984,655,0,1639
84,720,686,0,1406
85,677,30,0,707
86,882,339,0,1221
87,301,779,0,1080
88,611,266,0,877
89,503,754,0,1257
90,876,237,0,1113
91,198,55,0,253
92,638,939,0,1577
93,222,132,0,354
94,846,815,0,1661
95,399,670,0,1069
96,677,113,0,790
97,755,572,0,1327
98,205,226,0,431
99,456,777,0,1233
100,942,58,0,1000
101,961,156,0,1117
102,483,922,0,1405
103,197,582,0,779
104,977,84,0,1061
105,238,491,0,729
106,491,923,0,1414
107,365,353,0,718
108,92,413,0,505
109,288,26,0,314
110,444,335,0,779
111,613,249,0,862
112,321,181,0,502
113,637,624,0,1261
114,348,776,0,1124
115,77,952,0,1029
116,976,440,0,1416
117,114,164,0,278
118,900,881,0,1781
119,417,663,0,1080
120,440,876,0,1316
121,700,148,0,848
122,317,602,0,919
123,349,651,0,1000
124,359,879,0,1238
125,768,203,0,971
126,85,169,0,254
127,591,729,0,1320
128,671,530,0,1201
129,679,331,0,1010
130,415,416,0,831
131,460,711,0,1171
132,20,404,0,424
133,913,881,0,1794
134,164,69,0,233
135,293,651,0,944
136,902,470,0,1372
137,863,896,0,1759
138,512,255,0,767
139,932,322,0,1254
140,38,817,0,855
141,909,114,0,1023
142,799,591,0,1390
143,592,60,0,652
144,72,303,0,375
145,406,200,0,606
146,86,964,0,1050
147,566,311,0,877
148,726,799,0,1525
149,225,120,0,345
150,500,509,0,1009
151,728,281,0,1009
152,823,216,0,1039
153,811,702,0,1513
154,367,320,0,687
155,985,54,0,1039
156,380,478,0,858
157,845,185,0,1030
158,461,810,0,1271
159,583,22,0,605
160,27,524,0,551
161,244,262,0,506
162,848,878,0,1726
163,588,193,0,781
164,832,38,0,870
165,197,921,0,1118
166,478,785,0,1263
167,847,500,0,1347
168,878,169,0,1047
169,535,298,0,833
170,761,403,0,1164
171,736,877,0,1613
172,389,985,0,1374
173,704,736,0,1440
174,221,38,0,259
175,162,152,0,314
176,137,525,0,662
177,612,468,0,1080
178,883,887,0,1770
179,611,570,0,1181
180,710,846,0,1556
181,475,739,0,1214
182,174,773,0,947
183,658,192,0,850
184,595,46,0,641
185,813,705,0,1518
186,291,65,0,356
187,892,28,0,920
188,47,407,0,454
189,29,517,0,546
190,991,656,0,1647
191,499,347,0,846
192,535,256,0,791
193,795,671,0,1466
194,187,806,0,993
195,794,969,0,1763
196,353,979,0,1332
197,713,730,0,1443
198,387,291,0,678
199,961,179,0,1140
200,663,684,0,1347
201,368,678,0,1046
202,513,83,0,596
203,215,77,0,292
204,538,300,0,838
205,246,295,0,541
206,155,422,0,577
207,628,670,0,1298
208,778,827,0,1605
209,534,692,0,1226
210,808,423,0,1231
211,99,35,0,134
212,677,57,0,734
213,720,408,0,1128
214,91,220,0,311
215,840,904,0,1744
216,660,949,0,1609
217,665,516,0,1181
218,480,239,0,719
219,604,156,0,760
220,916,710,0,1626
221,469,777,0,1246
222,678,641,0,1319
223,143,235,0,378
224,97,435,0,532
225,511,44,0,555
226,269,375,0,644
227,252,146,0,398
228,440,897,0,1337
229,801,315,0,1116
230,934,285,0,1219
231,690,951,0,1641
232,920,688,0,1608
233,892,601,0,1493
234,585,693,0,1278
235,456,979,0,1435
236,17,248,0,265
237,134,906,0,1040
238,531,606,0,1137
239,375,371,0,746
240,196,817,0,1013
241,495,229,0,724
242,458,617,0,1075
243,816,81,0,897
244,207,314,0,521
245,117,5,0,122
246,360,666,0,1026
247,704,219,0,923
248,126,184,0,310
249,787,811,0,1598
250,759,545,0,1304
251,349,517,0,866
252,873,551,0,1424
253,630,964,0,1594
254,544,22,0,566
255,219,436,0,655
256,690,837,0,1527
257,133,220,0,353
258,414,838,0,1252
259,406,396,0,802
260,697,768,0,1465
261,754,282,0,1036
262,479,395,0,874
263,643,559,0,1202
264,720,448,0,1168
265,236,334,0,570
266,238,941,0,1179
267,730,124,0,854
268,835,532,0,1367
269,128,10,0,138
270,346,281,0,627
271,586,126,0,712
272,642,596,0,1238
273,419,431,0,850
274,513,198,0,711
275,401,117,0,518
276,82,397,0,479
277,328,57,0,385
278,774,213,0,987
279,674,266,0,940
280,212,149,0,361
281,305,333,0,638
282,754,260,0,1014
283,468,179,0,647
284,483,873,0,1356
285,548,276,0,824
286,949,80,0,1029
287,833,803,0,1636
288,597,147,0,744
289,383,45,0,428
290,750,975,0,1725
291,90,447,0,537
292,969,211,0,1180
293,22,754,0,776
294,691,127,0,818
295,945,934,0,1879
296,732,550,0,1282
297,507,127,0,634
298,614,274,0,888
299,646,367,0,1013
300,580,453,0,1033
301,827,497,0,1324
302,436,996,0,1432
303,232,972,0,1204
304,262,852,0,1114
305,927,768,0,1695
306,693,78,0,771
307,60,782,0,842
308,556,931,0,1487
309,400,837,0,1237
310,109,330,0,439
311,1,193,0,194
312,404,646,0,1050
313,301,746,0,1047
314,671,596,0,1267
315,482,252,0,734
316,478,636,0,1114
317,225,856,0,1081
318,128,907,0,1035
319,252,613,0,865
320,70,420,0,490
321,294,648,0,942
322,359,961,0,1320
323,728,471,0,1199
324,178,490,0,668
325,931,300,0,1231
326,798,663,0,1461
327,310,161,0,471
328,705,857,0,1562
329,709,995,0,1704
330,48,723,0,771
331,275,426,0,701
332,380,6,0,386
333,641,551,0,1192
334,816,887,0,1703
335,209,543,0,752
336,205,891,0,1096
337,767,109,0,876
338,82,97,0,179
339,512,856,0,1368
340,208,103,0,311
341,959,176,0,1135
342,138,514,0,652
343,610,725,0,1335
344,155,536,0,691
345,544,565,0,1109
346,173,685,0,858
347,404,314,0,718
348,363,201,0,564
349,977,73,0,1050
350,538,945,0,1483
351,13,726,0,739
352,159,242,0,401
353,904,811,0,1715
354,756,754,0,1510
355,268,577,0,845
356,720,344,0,1064
357,33,50,0,83
358,184,945,0,1129
359,8,743,0,751
360,66,596,0,662
361,68,918,0,986
362,558,350,0,908
363,37,996,0,1033
364,216,16,0,232
365,365,23,0,388
366,898,295,0,1193
367,508,203,0,711
368,804,193,0,997
369,290,119,0,409
370,234,163,0,397
371,171,519,0,690
372,877,220,0,1097
373,780,673,0,1453
374,195,278,0,473
375,981,79,0,1060
376,865,301,0,1166
377,532,821,0,1353
378,101,193,0,294
379,723,677,0,1400
380,234,48,0,282
381,926,93,0,1019
382,407,224,0,631
383,907,62,0,969
384,917,22,0,939
385,475,284,0,759
386,362,510,0,872
387,414,349,0,763
388,521,601,0,1122
389,694,0,0,694
390,26,16,0,42
391,761,101,0,862
392,423,580,0,1003
393,923,79,0,1002
394,767,971,0,1738
395,146,79,0,225
396,377,836,0,1213
397,668,611,0,1279
398,161,530,0,691
399,809,635,0,1444
400,650,475,0,1125
401,35,269,0,304
402,411,501,0,912
403,290,924,0,1214
404,517,229,0,746
405,54,218,0,272
406,398,172,0,570
407,420,537,0,957
408,505,804,0,1309
409,567,934,0,1501
410,598,491,0,1089
411,557,329,0,886
412,236,972,0,1208
413,365,363,0,728
414,676,180,0,856
415,452,598,0,1050
416,972,524,0,1496
417,121,128,0,249
418,952,602,0,1554
419,989,461,0,1450
420,363,825,0,1188
421,105,724,0,829
422,692,348,0,1040
423,739,504,0,1243
424,918,141,0,1059
425,677,734,0,1411
426,459,572,0,1031
427,661,703,0,1364
428,684,452,0,1136
429,39,125,0,164
430,213,463,0,676
431,990,11,0,1001
432,492,324,0,816
433,641,609,0,1250
434,396,951,0,1347
435,190,982,0,1172
436,138,360,0,498
437,994,648,0,1642
438,311,311,0,622
439,578,54,0,632
440,896,766,0,1662
441,427,712,0,1139
442,462,479,0,941
443,968,70,0,1038
444,349,735,0,1084
445,158,0,0,158
446,27,317,0,344
447,513,726,0,1239
448,632,788,0,1420
449,853,305,0,1158
450,856,713,0,1569
451,749,952,0,1701
452,919,967,0,1886
453,957,637,0,1594
454,13,839,0,852
455,214,420,0,634
456,421,288,0,709
457,322,586,0,908
458,396,253,0,649
459,141,265,0,406
460,411,786,0,1197
461,249,715,0,964
462,715,270,0,985
463,349,511,0,860
464,425,415,0,840
465,60,867,0,927
466,19,339,0,358
467,182,822,0,1004
468,494,272,0,766
469,482,188,0,670
470,947,521,0,1468
471,260,974,0,1234
472,76,553,0,629
473,444,166,0,610
474,473,210,0,683
475,681,546,0,1227
476,326,767,0,1093
477,790,162,0,952
478,683,778,0,1461
479,661,539,0,1200
480,779,779,0,1558
481,928,460,0,1388
482,65,815,0,880
483,117,769,0,886
484,238,817,0,1055
485,938,992,0,1930
486,952,172,0,1124
487,519,765,0,1284
488,50,919,0,969
489,757,643,0,1400
490,518,266,0,784
491,388,745,0,1133
492,180,893,0,1073
493,633,783,0,1416
494,112,533,0,645
495,182,149,0,331
496,974,309,0,1283
497,705,806,0,1511
498,698,235,0,933
499,346,60,0,406
500,204,480,0,684
501,286,21,0,307
502,235,557,0,792
503,1,876,0,877
504,334,545,0,879
505,954,743,0,1697
506,702,467,0,1169
507,719,536,0,1255
508,267,19,0,286
509,247,716,0,963
510,514,879,0,1393
511,528,980,0,1508
512,24,704,0,728
513,492,619,0,1111
514,142,602,0,744
515,197,880,0,1077
516,742,670,0,1412
517,358,729,0,1087
518,59,146,0,205
519,33,316,0,349
520,313,989,0,1302
521,216,498,0,714
522,825,7,0,832
523,872,973,0,1845
524,134,462,0,596
525,379,342,0,721
526,164,170,0,334
527,769,540,0,1309
528,439,476,0,915
529,273,88,0,361
530,849,539,0,1388
531,849,354,0,1203
532,794,78,0,872
533,564,130,0,694
534,144,888,0,1032
535,83,560,0,643
536,165,171,0,336
537,2,631,0,633
538,459,461,0,920
539,31,75,0,106
540,213,876,0,1089
541,656,613,0,1269
542,438,674,0,1112
543,121,352,0,473
544,888,788,0,1676
545,153,136,0,289
546,597,665,0,1262
547,131,686,0,817
548,877,742,0,1619
549,397,55,0,452
550,569,60,0,629
551,839,298,0,1137
552,836,810,0,1646
553,189,407,0,596
554,747,118,0,865
555,227,488,0,715
556,771,953,0,1724
557,708,105,0,813
558,465,283,0,748
559,497,431,0,928
560,430,113,0,543
561,514,437,0,951
562,569,328,0,897
563,606,538,0,1144
564,635,947,0,1582
565,110,681,0,791
566,263,528,0,791
567,597,331,0,928
568,339,143,0,482
569,317,740,0,1057
570,778,574,0,1352
571,187,610,0,797
572,378,707,0,1085
573,177,473,0,650
574,259,253,0,512
575,738,749,0,1487
576,865,103,0,968
577,284,498,0,782
578,807,997,0,1804
579,588,575,0,1163
580,842,350,0,1192
581,524,235,0,759
582,614,306,0,920
583,232,550,0,782
584,820,76,0,896
585,976,526,0,1502
586,850,162,0,1012
587,372,12,0,384
588,765,69,0,834
589,842,556,0,1398
590,908,646,0,1554
591,719,399,0,1118
592,32,471,0,503
593,130,669,0,799
594,438,567,0,1005
595,309,690,0,999
596,597,424,0,1021
597,621,490,0,1111
598,222,300,0,522
599,261,742,0,1003
600,581,890,0,1471
601,518,755,0,1273
602,768,959,0,1727
603,430,186,0,616
604,99,87,0,186
605,15,672,0,687
606,672,3,0,675
607,489,866,0,1355
608,739,934,0,1673
609,994,245,0,1239
610,372,598,0,970
611,16,681,0,697
612,261,608,0,869
613,19,947,0,966
614,183,842,0,1025
615,332,276,0,608
616,322,753,0,1075
617,649,792,0,1441
618,715,401,0,1116
619,65,723,0,788
620,185,572,0,757
621,706,427,0,1133
622,912,131,0,1043
623,371,242,0,613
624,692,447,0,1139
625,395,126,0,521
626,368,70,0,438
627,858,434,0,1292
628,269,801,0,1070
629,658,3,0,661
630,395,901,0,1296
631,986,45,0,1031
632,851,78,0,929
633,445,357,0,802
634,249,101,0,350
635,580,754,0,1334
636,856,330,0,1186
637,238,212,0,450
638,392,17,0,409
639,732,869,0,1601
640,412,201,0,613
641,629,157,0,786
642,800,8,0,808
643,326,61,0,387
644,274,794,0,1068
645,5,423,0,428
646,7,438,0,445
647,22,546,0,568
648,560,446,0,1006
649,647,666,0,1313
650,484,2,0,486
651,873,11,0,884
652,389,582,0,971
653,265,672,0,937
654,897,259,0,1156
655,707,712,0,1419
656,484,428,0,912
657,940,125,0,1065
658,28,912,0,940
659,524,891,0,1415
660,964,863,0,1827
661,835,48,0,883
662,597,462,0,1059
663,860,644,0,1504
664,665,386,0,1051
665,56,131,0,187
666,375,251,0,626
667,492,217,0,709
668,362,231,0,593
669,385,90,0,475
670,719,268,0,987
671,501,929,0,1430
672,758,485,0,1243
673,982,821,0,1803
674,702,929,0,1631
675,127,693,0,820
676,476,792,0,1268
677,522,249,0,771
678,944,940,0,1884
679,180,472,0,652
680,943,715,0,1658
681,91,143,0,234
682,960,749,0,1709
683,253,790,0,1043
684,844,204,0,1048
685,577,477,0,1054
686,932,964,0,1896
687,413,441,0,854
688,956,790,0,1746
689,879,621,0,1500
690,770,30,0,800
691,849,667,0,1516
692,725,375,0,1100
693,104,205,0,309
694,889,736,0,1625
695,41,139,0,180
696,3,629,0,632
697,825,301,0,1126
698,398,159,0,557
699,537,296,0,833
700,572,428,0,1000
701,103,133,0,236
702,27,495,0,522
703,469,440,0,909
704,938,813,0,1751
705,252,585,0,837
706,216,176,0,392
707,347,451,0,798
708,712,169,0,881
709,6,430,0,436
710,831,219,0,1050
711,689,49,0,738
712,138,306,0,444
713,288,955,0,1243
714,564,736,0,1300
715,875,914,0,1789
716,318,7,0,325
717,331,995,0,1326
718,14,242,0,256
719,615,591,0,1206
720,750,614,0,1364
721,577,622,0,1199
722,828,427,0,1255
723,997,716,0,1713
724,607,815,0,1422
725,562,733,0,1295
726,603,347,0,950
727,0,354,0,354
728,175,830,0,1005
729,230,109,0,339
730,33,22,0,55
731,345,258,0,603
732,722,716,0,1438
733,663,567,0,1230
734,644,205,0,849
735,722,61,0,783
736,219,40,0,259
737,520,198,0,718
738,979,347,0,1326
739,342,738,0,1080
740,237,170,0,407
741,804,519,0,1323
742,128,819,0,947
743,426,283,0,709
744,889,133,0,1022
745,892,736,0,1628
746,934,146,0,1080
747,476,736,0,1212
748,646,328,0,974
749,299,124,0,423
750,52,75,0,127
751,375,685,0,1060
752,845,707,0,1552
753,255,968,0,1223
754,909,156,0,1065
755,383,212,0,595
756,795,750,0,1545
757,935,686,0,1621
758,760,588,0,1348
759,843,816,0,1659
760,721,138,0,859
761,605,945,0,1550
762,16,927,0,943
763,286,321,0,607
764,153,424,0,577
765,503,500,0,1003
766,561,730,0,1291
767,24,665,0,689
768,829,140,0,969
769,271,741,0,1012
770,899,437,0,1336
771,905,265,0,1170
772,225,834,0,1059
773,957,293,0,1250
774,887,933,0,1820
775,942,5,0,947
776,103,264,0,367
777,60,66,0,126
778,232,521,0,753
779,85,560,0,645
780,154,190,0,344
781,909,159,0,1068
782,710,722,0,1432
783,155,358,0,513
784,558,46,0,604
785,231,454,0,685
786,851,100,0,951
787,79,846,0,925
788,156,639,0,795
789,704,635,0,1339
790,594,602,0,1196
791,675,897,0,1572
792,416,402,0,818
793,593,346,0,939
794,162,466,0,628
795,997,698,0,1695
796,266,858,0,1124
797,107,257,0,364
798,468,580,0,1048
799,412,502,0,914
800,851,353,0,1204
801,407,83,0,490
802,731,99,0,830
803,635,316,0,951
804,300,612,0,912
805,146,399,0,545
806,914,28,0,942
807,805,354,0,1159
808,96,868,0,964
809,294,10,0,304
810,122,742,0,864
811,774,134,0,908
812,202,339,0,541
813,993,591,0,1584
814,222,305,0,527
815,4,926,0,930
816,46,601,0,647
817,742,778,0,1520
818,8,874,0,882
819,640,69,0,709
820,63,978,0,1041
821,330,236,0,566
822,136,372,0,508
823,713,344,0,1057
824,870,856,0,1726
825,409,573,0,982
826,199,616,0,815
827,196,224,0,420
828,418,165,0,583
829,526,19,0,545
830,154,401,0,555
831,764,13,0,777
832,955,687,0,1642
833,608,657,0,1265
834,840,922,0,1762
835,840,828,0,1668
836,335,450,0,785
837,356,960,0,1316
838,913,336,0,1249
839,507,558,0,1065
840,593,92,0,685
841,226,179,0,405
842,371,839,0,1210
843,678,694,0,1372
844,288,32,0,320
845,37,525,0,562
846,260,627,0,887
847,229,895,0,1124
848,857,566,0,1423
849,467,543,0,1010
850,418,40,0,458
851,892,776,0,1668
852,450,915,0,1365
853,442,208,0,650
854,632,944,0,1576
855,818,157,0,975
856,647,951,0,1598
857,608,203,0,811
858,496,393,0,889
859,252,557,0,809
860,662,645,0,1307
861,549,68,0,617
862,0,649,0,649
863,293,281,0,574
864,626,710,0,1336
865,164,207,0,371
866,839,544,0,1383
867,190,150,0,340
868,881,596,0,1477
869,924,921,0,1845
870,374,278,0,652
871,610,750,0,1360
872,544,623,0,1167
873,66,172,0,238
874,539,963,0,1502
875,388,726,0,1114
876,548,699,0,1247
877,613,935,0,1548
878,740,464,0,1204
879,486,243,0,729
880,211,832,0,1043
881,864,37,0,901
882,798,912,0,1710
883,64,672,0,736
884,286,992,0,1278
885,966,13,0,979
886,202,595,0,797
887,975,396,0,1371
888,10,888,0,898
889,853,141,0,994
890,460,168,0,628
891,673,81,0,754
892,947,702,0,1649
893,781,872,0,1653
894,653,262,0,915
895,103,842,0,945
896,236,887,0,1123
897,196,227,0,423
898,662,129,0,791
899,828,172,0,1000
900,743,770,0,1513
901,752,576,0,1328
902,705,485,0,1190
903,776,888,0,1664
904,454,762,0,1216
905,630,516,0,1146
906,469,1000,0,1469
907,242,877,0,1119
908,650,861,0,1511
909,406,420,0,826
910,748,100,0,848
911,800,828,0,1628
912,584,884,0,1468
913,407,575,0,982
914,878,607,0,1485
915,970,638,0,1608
916,908,288,0,1196
917,457,804,0,1261
918,61,128,0,189
919,496,303,0,799
920,262,613,0,875
921,5,933,0,938
922,402,483,0,885
923,512,664,0,1176
924,362,225,0,587
925,789,686,0,1475
926,11,319,0,330
927,499,586,0,1085
928,399,120,0,519
929,977,491,0,1468
930,651,729,0,1380
931,326,39,0,365
932,363,561,0,924
933,740,78,0,818
934,937,699,0,1636
935,548,745,0,1293
936,35,82,0,117
937,490,804,0,1294
938,778,441,0,1219
939,356,719,0,1075
940,846,403,0,1249
941,660,76,0,736
942,251,874,0,1125
943,928,146,0,1074
944,502,738,0,1240
945,208,658,0,866
946,945,606,0,1551
947,785,638,0,1423
948,194,232,0,426
949,194,954,0,1148
950,279,143,0,422
951,756,291,0,1047
952,682,579,0,1261
953,424,411,0,835
954,921,801,0,1722
955,983,718,0,1701
956,573,482,0,1055
957,67,942,0,1009
958,682,855,0,1537
959,104,423,0,527
960,933,596,0,1529
961,748,976,0,1724
962,534,352,0,886
963,581,326,0,907
964,586,732,0,1318
965,692,646,0,1338
966,820,226,0,1046
967,300,737,0,1037
968,954,84,0,1038
969,13,598,0,611
970,894,342,0,1236
971,508,155,0,663
972,101,937,0,1038
973,879,485,0,1364
974,23,60,0,83
975,263,667,0,930
976,94,400,0,494
977,230,762,0,992
978,383,949,0,1332
979,513,197,0,710
980,897,813,0,1710
981,660,139,0,799
982,961,843,0,1804
983,9,299,0,308
984,676,942,0,1618
985,335,8,0,343
986,868,565,0,1433
987,935,281,0,1216
988,644,578,0,1222
989,449,618,0,1067
990,789,210,0,999
991,896,146,0,1042
992,671,239,0,910
993,664,82,0,746
994,779,528,0,1307
995,298,221,0,519
996,503,664,0,1167
997,328,897,0,1225
998,707,62,0,769
999,421,921,0,1342
1000,382,930,0,1312
1001,1,210,0,211
1002,602,902,0,1504
1003,925,599,0,1524
1004,558,65,0,623
1005,136,289,0,425
1006,244,56,0,300
1007,242,129,0,371
1008,49,604,0,653
1009,178,882,0,1060
1010,133,617,0,750
1011,197,897,0,1094
1012,334,4,0,338
1013,839,356,0,1195
1014,350,699,0,1049
1015,711,230,0,941
1016,15,732,0,747
1017,171,296,0,467
1018,179,775,0,954
1019,192,351,0,543
1020,592,82,0,674
1021,49,454,0,503
1022,714,680,0,1394
1023,269,647,0,916
1024,242,357,0,599
1025,358,279,0,637
1026,317,383,0,700
1027,197,642,0,839
1028,757,310,0,1067
1029,150,995,0,1145
1030,595,351,0,946
1031,590,248,0,838
1032,125,928,0,1053
1033,596,594,0,1190
1034,620,305,0,925
1035,159,187,0,346
1036,416,815,0,1231
1037,297,654,0,951
1038,970,931,0,1901
1039,308,419,0,727
1040,411,437,0,848
1041,248,990,0,1238
1042,454,694,0,1148
1043,382,396,0,778
1044,865,563,0,1428
1045,897,594,0,1491
1046,725,304,0,1029
1047,711,462,0,1173
1048,664,204,0,868
1049,914,403,0,1317
1050,277,700,0,977
1051,540,902,0,1442
1052,283,634,0,917
1053,554,357,0,911
1054,899,754,0,1653
1055,443,758,0,1201
1056,798,695,0,1493
1057,560,597,0,1157
1058,259,70,0,329
1059,312,689,0,1001
1060,580,625,0,1205
1061,378,780,0,1158
1062,845,713,0,1558
1063,802,350,0,1152
1064,424,848,0,1272
1065,569,314,0,883
1066,144,319,0,463
1067,8,216,0,224
1068,189,44,0,233
1069,415,457,0,872
1070,959,117,0,1076
1071,508,610,0,1118
1072,612,566,0,1178
1073,329,721,0,1050
1074,156,1000,0,1156
1075,253,879,0,1132
1076,544,965,0,1509
1077,971,226,0,1197
1078,656,684,0,1340
1079,417,1000,0,1417
1080,942,350,0,1292
1081,96,103,0,199
1082,650,30,0,680
1083,508,196,0,704
1084,633,581,0,1214
1085,871,417,0,1288
1086,523,625,0,1148
1087,905,600,0,1505
1088,21,558,0,579
1089,141,588,0,729
1090,550,228,0,778
1091,884,979,0,1863
1092,505,2,0,507
1093,974,870,0,1844
1094,543,500,0,1043
1095,962,307,0,1269
1096,263,973,0,1236
1097,836,995,0,1831
1098,999,750,0,1749
1099,535,35,0,570
1100,972,555,0,1527
1101,89,303,0,392
1102,129,614,0,743
1103,763,439,0,1202
1104,918,560,0,1478
1105,90,828,0,918
1106,442,100,0,542
1107,60,378,0,438
1108,659,900,0,1559
1109,951,890,0,1841
1110,707,122,0,829
1111,368,13,0,381
1112,371,470,0,841
1113,249,516,0,765
1114,235,718,0,953
1115,991,56,0,1047
1116,993,976,0,1969
1117,594,148,0,742
1118,966,45,0,1011
1119,561,973,0,1534
1120,267,597,0,864
1121,850,409,0,1259
1122,239,688,0,927
1123,882,766,0,1648
1124,477,90,0,567
1125,211,205,0,416
1126,358,803,0,1161
1127,768,262,0,1030
1128,728,568,0,1296
1129,459,91,0,550
1130,382,135,0,517
1131,659,100,0,759
1132,631,153,0,784
1133,164,421,0,585
1134,356,375,0,731
1135,775,760,0,1535
1136,626,980,0,1606
1137,612,882,0,1494
1138,737,758,0,1495
1139,401,316,0,717
1140,87,874,0,961
1141,760,658,0,1418
1142,493,55,0,548
1143,832,497,0,1329
1144,852,992,0,1844
1145,857,719,0,1576
1146,89,457,0,546
1147,136,813,0,949
1148,697,238,0,935
1149,205,369,0,574
1150,817,656,0,1473
1151,697,959,0,1656
1152,185,730,0,915
1153,162,239,0,401
1154,153,804,0,957
1155,637,604,0,1241
1156,930,799,0,1729
1157,658,191,0,849
1158,762,214,0,976
1159,435,639,0,1074
1160,587,998,0,1585
1161,676,683,0,1359
1162,367,783,0,1150
1163,484,594,0,1078
1164,202,182,0,384
1165,241,765,0,1006
1166,758,445,0,1203
1167,169,828,0,997
1168,118,295,0,413
1169,605,381,0,986
1170,167,781,0,948
1171,966,273,0,1239
1172,685,143,0,828
1173,69,23,0,92
1174,378,373,0,751
1175,631,140,0,771
1176,678,436,0,1114
1177,469,170,0,639
1178,528,975,0,1503
1179,907,614,0,1521
1180,861,201,0,1062
1181,763,476,0,1239
1182,314,125,0,439
1183,112,355,0,467
1184,526,29,0,555
1185,480,853,0,1333
1186,679,309,0,988
1187,532,621,0,1153
1188,409,77,0,486
1189,731,676,0,1407
1190,247,795,0,1042
1191,258,411,0,669
1192,140,786,0,926
1193,227,684,0,911
1194,13,276,0,289
1195,850,740,0,1590
1196,574,443,0,1017
1197,946,324,0,1270
1198,40,335,0,375
1199,124,481,0,605
1200,817,153,0,970
1201,584,660,0,1244
1202,934,435,0,1369
1203,837,982,0,1819
1204,163,697,0,860
1205,92,295,0,387
1206,970,80,0,1050
1207,362,954,0,1316
1208,124,807,0,931
1209,863,511,0,1374
1210,440,299,0,739
1211,345,102,0,447
1212,987,156,0,1143
1213,180,247,0,427
1214,764,736,0,1500
1215,591,84,0,675
1216,122,742,0,864
1217,191,242,0,433
1218,172,365,0,537
1219,314,444,0,758
1220,947,700,0,1647
1221,228,23,0,251
1222,804,747,0,1551
1223,324,25,0,349
1224,400,128,0,528
1225,221,691,0,912
1226,912,876,0,1788
1227,963,978,0,1941
1228,748,508,0,1256
1229,172,173,0,345
1230,891,303,0,1194
1231,844,723,0,1567
1232,733,86,0,819
1233,737,204,0,941
1234,622,351,0,973
1235,618,424,0,1042
1236,130,23,0,153
1237,0,708,0,708
1238,590,898,0,1488
1239,573,161,0,734
1240,816,672,0,1488
1241,492,269,0,761
1242,383,218,0,601
1243,720,712,0,1432
1244,462,57,0,519
1245,323,566,0,889
1246,147,866,0,1013
1247,460,505,0,965
1248,30,836,0,866
1249,829,562,0,1391
1250,912,893,0,1805
1251,683,717,0,1400
1252,28,79,0,107
1253,692,231,0,923
1254,531,829,0,1360
1255,359,325,0,684
1256,450,66,0,516
1257,945,54,0,999
1258,414,717,0,1131
1259,379,432,0,811
1260,581,167,0,748
1261,923,825,0,1748
1262,684,128,0,812
1263,363,496,0,859
1264,703,554,0,1257
1265,437,700,0,1137
1266,472,915,0,1387
1267,895,782,0,1677
1268,974,836,0,1810
1269,381,884,0,1265
1270,909,32,0,941
1271,209,289,0,498
1272,476,966,0,1442
1273,759,821,0,1580
1274,443,343,0,786
1275,402,701,0,1103
1276,259,337,0,596
1277,915,160,0,1075
1278,975,200,0,1175
1279,732,236,0,968
1280,740,143,0,883
1281,524,61,0,585
1282,14,233,0,247
1283,591,230,0,821
1284,26,157,0,183
1285,364,955,0,1319
1286,782,599,0,1381
1287,807,899,0,1706
1288,351,128,0,479
1289,907,997,0,1904
1290,196,222,0,418
1291,212,46,0,258
1292,763,609,0,1372
1293,756,151,0,907
1294,509,770,0,1279
1295,881,190,0,1071
1296,546,155,0,701
1297,565,20,0,585
1298,782,255,0,1037
1299,960,767,0,1727
1300,97,964,0,1061
1301,765,224,0,989
1302,182,430,0,612
1303,704,31,0,735
1304,45,75,0,120
1305,346,813,0,1159
1306,373,60,0,433
1307,922,807,0,1729
1308,184,249,0,433
1309,427,432,0,859
1310,463,81,0,544
1311,337,721,0,1058
1312,991,735,0,1726
1313,26,203,0,229
1314,795,421,0,1216
1315,831,778,0,1609
1316,628,821,0,1449
1317,862,309,0,1171
1318,319,255,0,574
1319,106,277,0,383
1320,864,316,0,1180
1321,174,661,0,835
1322,212,212,0,424
1323,871,645,0,1516
1324,560,873,0,1433
1325,478,707,0,1185
1326,569,977,0,1546
1327,61,609,0,670
1328,27,649,0,676
1329,897,828,0,1725
1330,314,355,0,669
1331,581,401,0,982
1332,523,7,0,530
1333,395,967,0,1362
1334,637,399,0,1036
1335,590,596,0,1186
1336,952,292,0,1244
1337,385,496,0,881
1338,553,299,0,852
1339,601,368,0,969
1340,463,440,0,903
1341,776,542,0,1318
1342,467,325,0,792
1343,786,995,0,1781
1344,337,368,0,705
1345,771,799,0,1570
1346,745,594,0,1339
1347,40,164,0,204
1348,141,945,0,1086
1349,832,92,0,924
1350,536,100,0,636
1351,633,836,0,1469
1352,521,483,0,1004
1353,873,599,0,1472
1354,123,513,0,636
1355,249,737,0,986
1356,104,411,0,515
1357,169,378,0,547
1358,270,841,0,1111
1359,766,971,0,1737
1360,465,261,0,726
1361,447,673,0,1120
1362,88,768,0,856
1363,800,72,0,872
1364,354,576,0,930
1365,373,371,0,744
1366,235,147,0,382
1367,424,284,0,708
1368,847,598,0,1445
1369,156,911,0,1067
1370,896,966,0,1862
1371,270,940,0,1210
1372,831,964,0,1795
1373,926,922,0,1848
1374,509,568,0,1077
1375,548,279,0,827
1376,404,755,0,1159
1377,238,988,0,1226
1378,193,58,0,251
1379,272,790,0,1062
1380,105,119,0,224
1381,804,850,0,1654
1382,988,508,0,1496
1383,113,489,0,602
1384,604,761,0,1365
1385,747,417,0,1164
1386,833,151,0,984
1387,103,631,0,734
1388,801,70,0,871
1389,447,145,0,592
1390,625,301,0,926
1391,971,69,0,1040
1392,397,946,0,1343
1393,712,260,0,972
1394,23,505,0,528
1395,209,277,0,486
1396,7,842,0,849
1397,506,389,0,895
1398,938,263,0,1201
1399,889,875,0,1764
1400,159,791,0,950
1401,32,143,0,175
1402,841,63,0,904
1403,581,330,0,911
1404,555,634,0,1189
1405,218,990,0,1208
1406,855,604,0,1459
1407,469,253,0,722
1408,160,32,0,192
1409,110,951,0,1061
1410,107,650,0,757
1411,20,17,0,37
1412,812,106,0,918
1413,782,924,0,1706
1414,412,31,0,443
1415,31,624,0,655
1416,157,403,0,560
1417,662,583,0,1245
1418,850,438,0,1288
1419,30,172,0,202
1420,880,369,0,1249
1421,460,596,0,1056
1422,118,329,0,447
1423,135,402,0,537
1424,999,231,0,1230
1425,76,577,0,653
1426,384,988,0,1372
1427,635,685,0,1320
1428,804,612,0,1416
1429,401,643,0,1044
1430,266,284,0,550
1431,547,710,0,1257
1432,536,723,0,1259
1433,658,879,0,1537
1434,114,213,0,327
1435,712,618,0,1330
1436,703,581,0,1284
1437,818,16,0,834
1438,966,299,0,1265
1439,602,128,0,730
1440,301,714,0,1015
1441,927,530,0,1457
1442,236,996,0,1232
1443,951,588,0,1539
1444,385,859,0,1244
1445,497,324,0,821
1446,37,546,0,583
1447,28,26,0,54
1448,91,179,0,270
1449,184,279,0,463
1450,649,999,0,1648
1451,279,231,0,510
1452,83,569,0,652
1453,86,418,0,504
1454,314,513,0,827
1455,616,848,0,1464
1456,472,135,0,607
1457,307,12,0,319
1458,198,328,0,526
1459,940,363,0,1303
1460,735,948,0,1683
1461,624,101,0,725
1462,538,559,0,1097
1463,868,640,0,1508
1464,242,540,0,782
1465,916,739,0,1655
1466,75,33,0,108
1467,908,461,0,1369
1468,567,264,0,831
1469,730,945,0,1675
1470,743,136,0,879
1471,816,365,0,1181
1472,714,308,0,1022
1473,776,68,0,844
1474,229,72,0,301
1475,847,301,0,1148
1476,978,878,0,1856
1477,18,45,0,63
1478,929,364,0,1293
1479,122,109,0,231
1480,815,681,0,1496
1481,638,91,0,729
1482,410,568,0,978
1483,177,536,0,713
1484,743,567,0,1310
1485,847,751,0,1598
1486,476,440,0,916
1487,583,320,0,903
1488,107,793,0,900
1489,611,286,0,897
1490,296,151,0,447
1491,126,387,0,513
1492,24,73,0,97
1493,257,137,0,394
1494,83,537,0,620
1495,189,773,0,962
1496,741,135,0,876
1497,974,664,0,1638
1498,128,310,0,438
1499,686,11,0,697
1500,925,798,0,1723
1501,264,578,0,842
1502,959,435,0,1394
1503,270,170,0,440
1504,472,327,0,799
1505,460,666,0,1126
1506,387,123,0,510
1507,679,737,0,1416
1508,795,374,0,1169
1509,311,466,0,777
1510,455,996,0,1451
1511,103,103,0,206
1512,803,15,0,818
1513,69,546,0,615
1514,578,142,0,720
1515,568,366,0,934
1516,819,59,0,878
1517,274,685,0,959
1518,700,583,0,1283
1519,539,161,0,700
1520,444,34,0,478
1521,177,995,0,1172
1522,486,544,0,1030
1523,959,145,0,1104
1524,991,389,0,1380
1525,926,527,0,1453
1526,465,532,0,997
1527,780,100,0,880
1528,8,473,0,481
1529,540,842,0,1382
1530,197,817,0,1014
1531,337,626,0,963
1532,504,386,0,890
1533,476,954,0,1430
1534,403,488,0,891
1535,851,983,0,1834
1536,979,648,0,1627
1537,875,968,0,1843
1538,523,831,0,1354
1539,419,181,0,600
1540,384,918,0,1302
1541,66,242,0,308
1542,460,425,0,885
1543,306,22,0,328
1544,87,460,0,547
1545,801,591,0,1392
1546,76,787,0,863
1547,717,531,0,1248
1548,141,998,0,1139
1549,752,606,0,1358
1550,170,111,0,281
1551,469,306,0,775
1552,429,99,0,528
1553,135,837,0,972
1554,401,658,0,1059
1555,739,674,0,1413
1556,31,887,0,918
1557,56,602,0,658
1558,400,337,0,737
1559,577,116,0,693
1560,109,13,0,122
1561,589,953,0,1542
1562,510,314,0,824
1563,778,541,0,1319
1564,307,602,0,909
1565,843,718,0,1561
1566,234,231,0,465
1567,676,44,0,720
1568,435,593,0,1028
1569,904,535,0,1439
1570,774,42,0,816
1571,391,148,0,539
1572,982,546,0,1528
1573,450,343,0,793
1574,603,119,0,722
1575,745,447,0,1192
1576,164,382,0,546
1577,867,48,0,915
1578,301,432,0,733
1579,779,667,0,1446
1580,655,961,0,1616
1581,21,341,0,362
1582,745,831,0,1576
1583,328,109,0,437
1584,580,325,0,905
1585,454,720,0,1174
1586,57,101,0,158
1587,614,710,0,1324
1588,429,76,0,505
1589,924,135,0,1059
1590,274,335,0,609
1591,199,268,0,467
1592,745,80,0,825
1593,342,991,0,1333
1594,552,324,0,876
1595,816,211,0,1027
1596,827,865,0,1692
1597,451,639,0,1090
1598,544,522,0,1066
1599,808,438,0,1246
1600,433,511,0,944
1601,201,38,0,239
1602,250,419,0,669
1603,805,561,0,1366
1604,745,350,0,1095
1605,12,15,0,27
1606,126,171,0,297
1607,425,783,0,1208
1608,503,212,0,715
1609,938,767,0,1705
1610,434,575,0,1009
1611,992,265,0,1257
1612,457,319,0,776
1613,532,597,0,1129
1614,827,642,0,1469
1615,857,0,0,857
1616,193,586,0,779
1617,736,214,0,950
1618,245,481,0,726
1619,178,620,0,798
1620,879,929,0,1808
1621,487,199,0,686
1622,286,195,0,481
1623,348,189,0,537
1624,206,410,0,616
1625,878,546,0,1424
1626,647,961,0,1608
1627,32,729,0,761
1628,972,207,0,1179
1629,674,898,0,1572
1630,487,211,0,698
1631,127,821,0,948
1632,601,967,0,1568
1633,46,807,0,853
1634,481,353,0,834
1635,851,732,0,1583
1636,495,790,0,1285
1637,823,65,0,888
1638,553,423,0,976
1639,533,155,0,688
1640,421,128,0,549
1641,238,29,0,267
1642,788,749,0,1537
1643,482,648,0,1130
1644,467,772,0,1239
1645,632,90,0,722
1646,892,881,0,1773
1647,662,959,0,1621
1648,910,226,0,1136
1649,954,177,0,1131
1650,479,905,0,1384
1651,634,188,0,822
1652,534,936,0,1470
1653,712,722,0,1434
1654,496,918,0,1414
1655,574,723,0,1297
1656,125,900,0,1025
1657,417,797,0,1214
1658,52,437,0,489
1659,728,604,0,1332
1660,176,439,0,615
1661,272,133,0,405
1662,493,196,0,689
1663,908,880,0,1788
1664,635,120,0,755
1665,821,368,0,1189
1666,69,36,0,105
1667,778,821,0,1599
1668,158,109,0,267
1669,269,318,0,587
1670,284,867,0,1151
1671,284,748,0,1032
1672,79,392,0,471
1673,716,325,0,1041
1674,16,924,0,940
1675,687,933,0,1620
1676,547,340,0,887
1677,157,512,0,669
1678,885,281,0,1166
1679,840,854,0,1694
1680,915,220,0,1135
1681,98,781,0,879
1682,276,48,0,324
1683,193,825,0,1018
1684,981,282,0,1263
1685,304,841,0,1145
1686,442,986,0,1428
1687,841,928,0,1769
1688,478,23,0,501
1689,838,961,0,1799
1690,94,709,0,803
1691,139,609,0,748
1692,555,441,0,996
1693,130,916,0,1046
1694,180,802,0,982
1695,94,139,0,233
1696,56,353,0,409
1697,757,811,0,1568
1698,3,165,0,168
1699,706,249,0,955
1700,409,657,0,1066
1701,257,421,0,678
1702,450,938,0,1388
1703,719,0,0,719
1704,708,760,0,1468
1705,448,580,0,1028
1706,110,740,0,850
1707,335,572,0,907
1708,1,231,0,232
1709,297,332,0,629
1710,227,449,0,676
1711,593,756,0,1349
1712,901,914,0,1815
1713,182,726,0,908
1714,673,884,0,1557
1715,364,169,0,533
1716,593,809,0,1402
1717,39,164,0,203
1718,689,924,0,1613
1719,348,813,0,1161
1720,844,162,0,1006
1721,553,520,0,1073
1722,745,232,0,977
1723,162,758,0,920
1724,57,649,0,706
1725,378,154,0,532
1726,732,46,0,778
1727,488,853,0,1341
1728,189,442,0,631
1729,379,732,0,1111
1730,270,801,0,1071
1731,280,544,0,824
1732,717,819,0,1536
1733,1,841,0,842
1734,986,752,0,1738
1735,66,596,0,662
1736,577,897,0,1474
1737,483,61,0,544
1738,207,605,0,812
1739,427,268,0,695
1740,993,903,0,1896
1741,26,801,0,827
1742,360,34,0,394
1743,332,399,0,731
1744,103,606,0,709
1745,541,469,0,1010
1746,977,874,0,1851
1747,453,611,0,1064
1748,538,704,0,1242
1749,386,450,0,836
1750,895,164,0,1059
1751,807,47,0,854
1752,417,244,0,661
1753,248,478,0,726
1754,357,170,0,527
1755,756,731,0,1487
1756,85,345,0,430
1757,380,859,0,1239
1758,839,844,0,1683
1759,673,20,0,693
1760,414,465,0,879
1761,25,888,0,913
1762,521,556,0,1077
1763,765,715,0,1480
1764,879,599,0,1478
1765,968,224,0,1192
1766,14,180,0,194
1767,412,627,0,1039
1768,99,29,0,128
1769,917,127,0,1044
1770,878,285,0,1163
1771,810,33,0,843
1772,635,543,0,1178
1773,340,557,0,897
1774,403,434,0,837
1775,346,800,0,1146
1776,891,687,0,1578
1777,311,911,0,1222
1778,893,169,0,1062
1779,362,960,0,1322
1780,643,90,0,733
1781,464,856,0,1320
1782,954,25,0,979
1783,131,377,0,508
1784,234,883,0,1117
1785,476,49,0,525
1786,165,169,0,334
1787,78,979,0,1057
1788,200,41,0,241
1789,436,496,0,932
1790,738,151,0,889
1791,691,219,0,910
1792,70,217,0,287
1793,650,549,0,1199
1794,568,229,0,797
1795,610,117,0,727
1796,375,717,0,1092
1797,621,662,0,1283
1798,656,369,0,1025
1799,932,35,0,967
1800,942,289,0,1231
1801,730,697,0,1427
1802,791,266,0,1057
1803,849,811,0,1660
1804,336,968,0,1304
1805,364,480,0,844
1806,702,985,0,1687
1807,792,332,0,1124
1808,309,205,0,514
1809,100,252,0,352
1810,562,927,0,1489
1811,112,745,0,857
1812,378,890,0,1268
1813,903,279,0,1182
1814,880,556,0,1436
1815,282,577,0,859
1816,470,507,0,977
1817,167,333,0,500
1818,3,54,0,57
1819,984,43,0,1027
1820,832,965,0,1797
1821,587,196,0,783
1822,139,192,0,331
1823,889,70,0,959
1824,230,376,0,606
1825,692,590,0,1282
1826,724,595,0,1319
1827,516,313,0,829
1828,973,595,0,1568
1829,862,727,0,1589
1830,449,352,0,801
1831,658,764,0,1422
1832,528,146,0,674
1833,118,664,0,782
1834,860,323,0,1183
1835,185,676,0,861
1836,247,549,0,796
1837,640,802,0,1442
1838,756,369,0,1125
1839,195,898,0,1093
1840,191,457,0,648
1841,377,98,0,475
1842,338,593,0,931
1843,912,305,0,1217
1844,968,19,0,987
1845,164,400,0,564
1846,75,309,0,384
1847,462,524,0,986
1848,921,166,0,1087
1849,765,132,0,897
1850,374,342,0,716
1851,833,853,0,1686
1852,939,517,0,1456
1853,495,184,0,679
1854,815,955,0,1770
1855,929,134,0,1063
1856,68,132,0,200
1857,656,94,0,750
1858,100,388,0,488
1859,786,748,0,1534
1860,913,770,0,1683
1861,743,380,0,1123
1862,700,385,0,1085
1863,108,336,0,444
1864,191,555,0,746
1865,591,708,0,1299
1866,142,40,0,182
1867,477,884,0,1361
1868,70,904,0,974
1869,169,561,0,730
1870,486,140,0,626
1871,229,151,0,380
1872,402,386,0,788
1873,527,402,0,929
1874,424,84,0,508
1875,944,530,0,1474
1876,499,502,0,1001
1877,72,52,0,124
1878,536,757,0,1293
1879,576,54,0,630
1880,187,713,0,900
1881,564,640,0,1204
1882,719,278,0,997
1883,941,331,0,1272
1884,20,764,0,784
1885,374,684,0,1058
1886,13,715,0,728
1887,552,978,0,1530
1888,877,534,0,1411
1889,496,484,0,980
1890,632,854,0,1486
1891,856,913,0,1769
1892,163,316,0,479
1893,986,75,0,1061
1894,487,164,0,651
1895,87,394,0,481
1896,753,526,0,1279
1897,55,244,0,299
1898,723,420,0,1143
1899,964,225,0,1189
1900,660,637,0,1297
1901,532,141,0,673
1902,897,177,0,1074
1903,405,317,0,722
1904,558,273,0,831
1905,356,669,0,1025
1906,657,527,0,1184
1907,865,861,0,1726
1908,7,13,0,20
1909,278,200,0,478
1910,199,288,0,487
1911,238,305,0,543
1912,17,476,0,493
1913,326,34,0,360
1914,953,540,0,1493
1915,580,564,0,1144
1916,183,990,0,1173
1917,918,738,0,1656
1918,561,686,0,1247
1919,640,722,0,1362
1920,81,568,0,649
1921,738,739,0,1477
1922,386,1,0,387
1923,290,770,0,1060
1924,365,733,0,1098
1925,672,333,0,1005
1926,734,597,0,1331
1927,543,691,0,1234
1928,363,256,0,619
1929,256,428,0,684
1930,254,667,0,921
1931,573,890,0,1463
1932,86,817,0,903
1933,852,799,0,1651
1934,829,854,0,1683
1935,919,744,0,1663
1936,736,716,0,1452
1937,954,490,0,1444
1938,165,711,0,876
1939,503,564,0,1067
1940,889,734,0,1623
1941,206,839,0,1045
1942,920,845,0,1765
1943,28,298,0,326
1944,193,696,0,889
1945,550,489,0,1039
1946,652,309,0,961
1947,149,329,0,478
1948,428,201,0,629
1949,619,612,0,1231
1950,593,132,0,725
1951,48,811,0,859
1952,725,690,0,1415
1953,83,231,0,314
1954,61,157,0,218
1955,444,496,0,940
1956,686,767,0,1453
1957,649,733,0,1382
1958,235,536,0,771
1959,968,646,0,1614
1960,800,986,0,1786
1961,277,11,0,288
1962,647,269,0,916
1963,172,699,0,871
1964,279,364,0,643
1965,330,739,0,1069
1966,777,605,0,1382
1967,1,591,0,592
1968,426,730,0,1156
1969,17,828,0,845
1970,97,418,0,515
1971,139,777,0,916
1972,374,513,0,887
1973,22,719,0,741
1974,390,381,0,771
1975,990,911,0,1901
1976,628,633,0,1261
1977,30,239,0,269
1978,280,575,0,855
1979,965,340,0,1305
1980,64,914,0,978
1981,937,198,0,1135
1982,729,165,0,894
1983,706,185,0,891
1984,99,942,0,1041
1985,64,836,0,900
1986,119,579,0,698
1987,349,710,0,1059
1988,16,901,0,917
1989,871,921,0,1792
1990,429,173,0,602
1991,416,706,0,1122
1992,324,57,0,381
1993,892,620,0,1512
1994,454,763,0,1217
1995,996,404,0,1400
1996,217,999,0,1216
1997,866,10,0,876
1998,940,209,0,1149
1999,13,62,0,75
2000,20,916,0,936
2001,312,306,0,618
2002,470,849,0,1319
2003,340,746,0,1086
2004,984,647,0,1631
2005,123,438,0,561
2006,541,666,0,1207
2007,209,239,0,448
2008,405,642,0,1047
2009,363,64,0,427
2010,406,575,0,981
2011,113,888,0,1001
2012,872,976,0,1848
2013,270,311,0,581
2014,691,780,0,1471
2015,713,321,0,1034
2016,492,7,0,499
2017,957,382,0,1339
2018,612,864,0,1476
2019,671,803,0,1474
2020,773,400,0,1173
2021,616,232,0,848
2022,67,942,0,1009
2023,536,438,0,974
2024,735,554,0,1289
2025,756,194,0,950
2026,31,345,0,376
2027,711,864,0,1575
2028,964,867,0,1831
2029,860,199,0,1059
2030,396,535,0,931
2031,485,261,0,746
2032,189,930,0,1119
2033,365,198,0,563
2034,780,351,0,1131
2035,964,571,0,1535
2036,982,278,0,1260
2037,250,506,0,756
2038,914,888,0,1802
2039,487,280,0,767
2040,939,32,0,971
2041,21,69,0,90
2042,879,92,0,971
2043,37,948,0,985
2044,941,686,0,1627
2045,532,643,0,1175
2046,94,254,0,348
2047,146,169,0,315
2048,10,484,0,494
2049,101,78,0,179
2050,651,144,0,795
2051,623,455,0,1078
2052,595,712,0,1307
2053,906,929,0,1835
2054,266,395,0,661
2055,703,581,0,1284
2056,221,60,0,281
2057,273,344,0,617
2058,690,488,0,1178
2059,528,900,0,1428
2060,297,277,0,574
2061,875,666,0,1541
2062,296,574,0,870
2063,86,656,0,742
2064,171,172,0,343
2065,886,464,0,1350
2066,183,221,0,404
2067,147,810,0,957
2068,669,816,0,1485
2069,790,139,0,929
2070,29,371,0,400
2071,376,204,0,580
2072,538,716,0,1254
2073,123,391,0,514
2074,461,855,0,1316
2075,21,297,0,318
2076,303,692,0,995
2077,48,797,0,845
2078,4,247,0,251
2079,615,390,0,1005
2080,597,659,0,1256
2081,518,495,0,1013
2082,537,878,0,1415
2083,486,409,0,895
2084,70,765,0,835
2085,645,510,0,1155
2086,716,615,0,1331
2087,969,187,0,1156
2088,793,6,0,799
2089,726,880,0,1606
2090,126,743,0,869
2091,445,269,0,714
2092,980,655,0,1635
2093,855,43,0,898
2094,74,371,0,445
2095,179,720,0,899
2096,860,383,0,1243
2097,20,527,0,547
2098,138,12,0,150
2099,959,484,0,1443
2100,804,125,0,929
2101,272,879,0,1151
2102,551,702,0,1253
2103,257,806,0,1063
2104,228,148,0,376
2105,82,322,0,404
2106,712,811,0,1523
2107,423,21,0,444
2108,118,662,0,780
2109,303,701,0,1004
2110,715,814,0,1529
2111,192,952,0,1144
2112,258,238,0,496
2113,584,713,0,1297
2114,310,281,0,591
2115,470,256,0,726
2116,496,600,0,1096
2117,602,805,0,1407
2118,416,284,0,700
2119,193,146,0,339
2120,138,664,0,802
2121,662,811,0,1473
2122,603,365,0,968
2123,110,844,0,954
2124,315,886,0,1201
2125,223,220,0,443
2126,534,911,0,1445
2127,927,882,0,1809
2128,15,247,0,262
2129,915,589,0,1504
2130,298,854,0,1152
2131,206,388,0,594
2132,596,539,0,1135
2133,527,451,0,978
2134,521,487,0,1008
2135,968,74,0,1042
2136,930,435,0,1365
2137,136,663,0,799
2138,59,333,0,392
2139,772,643,0,1415
2140,405,199,0,604
2141,371,510,0,881
2142,445,859,0,1304
2143,380,301,0,681
2144,891,479,0,1370
2145,28,517,0,545
2146,748,695,0,1443
2147,21,943,0,964
2148,898,821,0,1719
2149,427,331,0,758
2150,132,940,0,1072
2151,557,439,0,996
2152,150,630,0,780
2153,502,110,0,612
2154,500,994,0,1494
2155,448,346,0,794
2156,148,473,0,621
2157,114,369,0,483
2158,309,609,0,918
2159,518,383,0,901
2160,304,475,0,779
2161,64,393,0,457
2162,8,965,0,973
2163,836,676,0,1512
2164,257,531,0,788
2165,516,327,0,843
2166,61,72,0,133
2167,473,93,0,566
2168,923,419,0,1342
2169,523,306,0,829
2170,621,366,0,987
2171,906,642,0,1548
2172,960,502,0,1462
2173,807,12,0,819
2174,251,687,0,938
2175,367,64,0,431
2176,269,207,0,476
2177,396,517,0,913
2178,127,634,0,761
2179,161,513,0,674
2180,290,213,0,503
2181,554,107,0,661
2182,615,729,0,1344
2183,230,310,0,540
2184,133,733,0,866
2185,991,812,0,1803
2186,762,578,0,1340
2187,955,986,0,1941
2188,373,80,0,453
2189,940,824,0,1764
2190,247,225,0,472
2191,164,631,0,795
2192,381,473,0,854
2193,983,191,0,1174
2194,36,564,0,600
2195,361,169,0,530
2196,668,941,0,1609
2197,14,518,0,532
2198,282,354,0,636
2199,260,617,0,877
2200,856,426,0,1282
2201,21,826,0,847
2202,996,623,0,1619
2203,865,138,0,1003
2204,110,189,0,299
2205,628,398,0,1026
2206,254,956,0,1210
2207,621,715,0,1336
2208,25,598,0,623
2209,191,663,0,854
2210,428,280,0,708
2211,353,845,0,1198
2212,406,602,0,1008
2213,136,163,0,299
2214,448,44,0,492
2215,867,571,0,1438
2216,3,92,0,95
2217,651,625,0,1276
2218,621,199,0,820
2219,725,327,0,1052
2220,167,294,0,461
2221,104,646,0,750
2222,614,412,0,1026
2223,284,216,0,500
2224,403,60,0,463
2225,702,227,0,929
2226,963,1000,0,1963
2227,655,189,0,844
2228,635,471,0,1106
2229,172,812,0,984
2230,474,549,0,1023
2231,798,306,0,1104
2232,428,707,0,1135
2233,964,6,0,970
2234,142,289,0,431
2235,376,275,0,651
2236,11,683,0,694
2237,530,203,0,733
2238,727,163,0,890
2239,383,316,0,699
2240,668,316,0,984
2241,486,995,0,1481
2242,908,67,0,975
2243,761,12,0,773
2244,178,366,0,544
2245,468,477,0,945
2246,659,691,0,1350
2247,779,816,0,1595
2248,555,537,0,1092
2249,200,304,0,504
2250,195,127,0,322
2251,736,538,0,1274
2252,713,189,0,902
2253,557,481,0,1038
2254,265,806,0,1071
2255,435,703,0,1138
2256,282,475,0,757
2257,918,300,0,1218
2258,761,470,0,1231
2259,704,479,0,1183
2260,651,812,0,1463
2261,701,534,0,1235
2262,278,741,0,1019
2263,804,47,0,851
2264,608,395,0,1003
2265,576,428,0,1004
2266,411,149,0,560
2267,608,715,0,1323
2268,743,325,0,1068
2269,55,77,0,132
2270,782,980,0,1762
2271,719,700,0,1419
2272,47,584,0,631
2273,136,425,0,561
2274,635,608,0,1243
2275,939,959,0,1898
2276,446,768,0,1214
2277,823,868,0,1691
2278,410,665,0,1075
2279,117,107,0,224
2280,268,98,0,366
2281,553,409,0,962
2282,113,996,0,1109
2283,207,419,0,626
2284,572,729,0,1301
2285,489,552,0,1041
2286,245,768,0,1013
2287,299,835,0,1134
2288,650,876,0,1526
2289,347,188,0,535
2290,211,995,0,1206
2291,517,374,0,891
2292,450,765,0,1215
2293,366,333,0,699
2294,96,33,0,129
2295,703,170,0,873
2296,321,641,0,962
2297,237,468,0,705
2298,705,155,0,860
2299,735,742,0,1477
2300,937,699,0,1636
2301,652,12,0,664
2302,800,692,0,1492
2303,753,117,0,870
2304,151,887,0,1038
2305,353,726,0,1079
2306,506,758,0,1264
2307,545,619,0,1164
2308,526,195,0,721
2309,158,556,0,714
2310,58,796,0,854
2311,680,274,0,954
2312,725,520,0,1245
2313,976,595,0,1571
2314,1000,956,0,1956
2315,525,238,0,763
2316,286,348,0,634
2317,253,901,0,1154
2318,995,958,0,1953
2319,997,525,0,1522
2320,656,674,0,1330
2321,354,120,0,474
2322,375,628,0,1003
2323,792,504,0,1296
2324,805,663,0,1468
2325,3,269,0,272
2326,363,636,0,999
2327,170,487,0,657
2328,525,230,0,755
2329,407,408,0,815
2330,649,812,0,1461
2331,933,779,0,1712
2332,212,712,0,924
2333,9,566,0,575
2334,722,733,0,1455
2335,824,615,0,1439
2336,145,810,0,955
2337,148,148,0,296
2338,491,336,0,827
2339,869,868,0,1737
2340,990,873,0,1863
2341,50,705,0,755
2342,691,681,0,1372
2343,611,550,0,1161
2344,779,604,0,1383
2345,656,800,0,1456
2346,915,87,0,1002
2347,266,897,0,1163
2348,327,84,0,411
2349,528,420,0,948
2350,731,916,0,1647
2351,9,957,0,966
2352,788,240,0,1028
2353,744,62,0,806
2354,85,375,0,460
2355,752,207,0,959
2356,577,257,0,834
2357,135,381,0,516
2358,226,351,0,577
2359,684,478,0,1162
2360,573,803,0,1376
2361,605,728,0,1333
2362,208,261,0,469
2363,214,714,0,928
2364,243,918,0,1161
2365,734,0,0,734
2366,748,471,0,1219
2367,988,383,0,1371
2368,630,368,0,998
2369,353,48,0,401
2370,479,927,0,1406
2371,486,986,0,1472
2372,898,1,0,899
2373,556,359,0,915
2374,839,563,0,1402
2375,119,311,0,430
2376,728,956,0,1684
2377,626,218,0,844
2378,909,768,0,1677
2379,501,199,0,700
2380,477,241,0,718
2381,620,562,0,1182
2382,534,356,0,890
2383,532,154,0,686
2384,486,380,0,866
2385,578,72,0,650
2386,807,949,0,1756
2387,964,698,0,1662
2388,479,401,0,880
2389,48,515,0,563
2390,258,168,0,426
2391,84,48,0,132
2392,965,122,0,1087
2393,8,48,0,56
2394,846,953,0,1799
2395,220,317,0,537
2396,462,263,0,725
2397,178,242,0,420
2398,675,623,0,1298
2399,251,630,0,881
2400,83,637,0,720
2401,551,741,0,1292
2402,968,502,0,1470
2403,91,964,0,1055
2404,938,834,0,1772
2405,682,532,0,1214
2406,926,731,0,1657
2407,94,964,0,1058
2408,890,951,0,1841
2409,652,82,0,734
2410,569,822,0,1391
2411,599,796,0,1395
2412,116,57,0,173
2413,967,710,0,1677
2414,537,779,0,1316
2415,72,119,0,191
2416,815,596,0,1411
2417,448,570,0,1018
2418,261,348,0,609
2419,608,235,0,843
2420,814,997,0,1811
2421,392,351,0,743
2422,269,49,0,318
2423,559,369,0,928
2424,953,1000,0,1953
2425,287,423,0,710
2426,414,954,0,1368
2427,757,904,0,1661
2428,247,34,0,281
2429,35,392,0,427
2430,886,562,0,1448
2431,136,5,0,141
2432,211,934,0,1145
2433,36,716,0,752
2434,944,263,0,1207
2435,406,1,0,407
2436,0,732,0,732
2437,600,426,0,1026
2438,565,751,0,1316
2439,619,508,0,1127
2440,639,248,0,887
2441,449,613,0,1062
2442,725,638,0,1363
2443,218,159,0,377
2444,609,396,0,1005
2445,160,764,0,924
2446,343,928,0,1271
2447,96,664,0,760
2448,906,70,0,976
2449,528,24,0,552
2450,49,954,0,1003
2451,320,68,0,388
2452,893,802,0,1695
2453,661,742,0,1403
2454,473,536,0,1009
2455,313,515,0,828
2456,697,778,0,1475
2457,304,365,0,669
2458,912,255,0,1167
2459,745,398,0,1143
2460,510,680,0,1190
2461,484,277,0,761
2462,265,66,0,331
2463,91,605,0,696
2464,246,30,0,276
2465,527,660,0,1187
2466,768,87,0,855
2467,350,560,0,910
2468,238,995,0,1233
2469,556,754,0,1310
2470,490,958,0,1448
2471,410,539,0,949
2472,846,734,0,1580
2473,931,891,0,1822
2474,795,904,0,1699
2475,931,636,0,1567
2476,162,861,0,1023
2477,735,987,0,1722
2478,146,285,0,431
2479,639,371,0,1010
2480,821,428,0,1249
2481,90,625,0,715
2482,381,192,0,573
2483,600,199,0,799
2484,354,441,0,795
2485,148,839,0,987
2486,386,694,0,1080
2487,316,400,0,716
2488,720,971,0,1691
2489,530,258,0,788
2490,456,198,0,654
2491,503,715,0,1218
2492,6,555,0,561
2493,536,31,0,567
2494,943,236,0,1179
2495,628,267,0,895
2496,979,404,0,1383
2497,340,372,0,712
2498,292,815,0,1107
2499,255,9,0,264
2500,208,316,0,524
2501,292,587,0,879
2502,507,183,0,690
2503,523,127,0,650
2504,199,777,0,976
2505,358,298,0,656
2506,664,354,0,1018
2507,391,296,0,687
2508,901,828,0,1729
2509,882,221,0,1103
2510,929,544,0,1473
2511,672,878,0,1550
2512,416,488,0,904
2513,406,837,0,1243
2514,604,937,0,1541
2515,726,997,0,1723
2516,27,291,0,318
2517,781,61,0,842
2518,504,1000,0,1504
2519,852,233,0,1085
2520,240,601,0,841
2521,331,757,0,1088
2522,137,972,0,1109
2523,417,241,0,658
2524,604,433,0,1037
2525,1000,571,0,1571
2526,92,378,0,470
2527,520,739,0,1259
2528,889,143,0,1032
2529,884,851,0,1735
2530,704,601,0,1305
2531,194,603,0,797
2532,363,475,0,838
2533,536,721,0,1257
2534,454,258,0,712
2535,481,357,0,838
2536,155,264,0,419
2537,363,139,0,502
2538,210,226,0,436
2539,277,441,0,718
2540,658,597,0,1255
2541,286,630,0,916
2542,804,895,0,1699
2543,699,291,0,990
2544,41,132,0,173
2545,997,147,0,1144
2546,734,5,0,739
2547,214,476,0,690
2548,174,982,0,1156
2549,816,834,0,1650
2550,86,161,0,247
2551,863,660,0,1523
2552,52,758,0,810
2553,831,901,0,1732
2554,259,245,0,504
2555,358,523,0,881
2556,243,910,0,1153
2557,828,343,0,1171
2558,865,642,0,1507
2559,933,398,0,1331
2560,114,852,0,966
2561,343,789,0,1132
2562,264,741,0,1005
2563,120,269,0,389
2564,680,876,0,1556
2565,998,359,0,1357
2566,540,150,0,690
2567,794,929,0,1723
2568,988,191,0,1179
2569,520,978,0,1498
2570,40,287,0,327
2571,992,761,0,1753
2572,494,422,0,916
2573,949,289,0,1238
2574,132,571,0,703
2575,518,254,0,772
2576,240,738,0,978
2577,223,41,0,264
2578,654,254,0,908
2579,732,625,0,1357
2580,489,670,0,1159
2581,371,583,0,954
2582,790,650,0,1440
2583,400,903,0,1303
2584,988,994,0,1982
2585,924,610,0,1534
2586,408,962,0,1370
2587,614,317,0,931
2588,509,853,0,1362
2589,468,612,0,1080
2590,800,186,0,986
2591,715,810,0,1525
2592,292,945,0,1237
2593,596,372,0,968
2594,166,188,0,354
2595,38,649,0,687
2596,671,594,0,1265
2597,217,257,0,474
2598,472,667,0,1139
2599,50,930,0,980
2600,271,945,0,1216
2601,456,403,0,859
2602,116,462,0,578
2603,501,396,0,897
2604,410,31,0,441
2605,512,566,0,1078
2606,278,901,0,1179
2607,528,743,0,1271
2608,430,995,0,1425
2609,671,134,0,805
2610,940,952,0,1892
2611,937,318,0,1255
2612,543,776,0,1319
2613,849,431,0,1280
2614,8,759,0,767
2615,814,25,0,839
2616,53,153,0,206
2617,858,956,0,1814
2618,954,129,0,1083
2619,730,694,0,1424
2620,179,3,0,182
2621,341,679,0,1020
2622,250,424,0,674
2623,520,324,0,844
2624,902,260,0,1162
2625,116,583,0,699
2626,813,184,0,997
2627,844,275,0,1119
2628,405,332,0,737
2629,134,494,0,628
2630,881,27,0,908
2631,27,203,0,230
2632,220,11,0,231
2633,709,581,0,1290
2634,935,821,0,1756
2635,15,567,0,582
2636,858,711,0,1569
2637,345,542,0,887
2638,635,49,0,684
2639,116,198,0,314
2640,995,135,0,1130
2641,461,96,0,557
2642,392,799,0,1191
2643,266,772,0,1038
2644,773,824,0,1597
2645,406,378,0,784
2646,384,269,0,653
2647,767,632,0,1399
2648,447,0,0,447
2649,46,647,0,693
2650,224,32,0,256
2651,885,616,0,1501
2652,135,823,0,958
2653,389,294,0,683
2654,357,613,0,970
2655,185,898,0,1083
2656,215,615,0,830
2657,799,333,0,1132
2658,752,577,0,1329
2659,399,853,0,1252
2660,439,605,0,1044
2661,324,109,0,433
2662,81,617,0,698
2663,275,700,0,975
2664,939,350,0,1289
2665,417,812,0,1229
2666,693,826,0,1519
2667,635,13,0,648
2668,2,838,0,840
2669,451,512,0,963
2670,832,140,0,972
2671,382,694,0,1076
2672,529,82,0,611
2673,232,749,0,981
2674,858,911,0,1769
2675,842,765,0,1607
2676,590,241,0,831
2677,951,858,0,1809
2678,746,635,0,1381
2679,231,113,0,344
2680,548,970,0,1518
2681,101,4,0,105
2682,391,639,0,1030
2683,182,330,0,512
2684,484,358,0,842
2685,690,3,0,693
2686,446,256,0,702
2687,524,180,0,704
2688,390,164,0,554
2689,867,982,0,1849
2690,811,972,0,1783
2691,684,769,0,1453
2692,770,791,0,1561
2693,174,461,0,635
2694,238,388,0,626
2695,119,775,0,894
2696,33,829,0,862
2697,832,800,0,1632
2698,531,606,0,1137
2699,489,73,0,562
2700,140,240,0,380
2701,904,180,0,1084
2702,583,323,0,906
2703,509,21,0,530
2704,210,111,0,321
2705,714,348,0,1062
2706,305,542,0,847
2707,170,57,0,227
2708,259,677,0,936
2709,280,349,0,629
2710,38,517,0,555
2711,913,143,0,1056
2712,491,833,0,1324
2713,596,272,0,868
2714,116,841,0,957
2715,254,193,0,447
2716,568,960,0,1528
2717,255,788,0,1043
2718,97,64,0,161
2719,112,751,0,863
2720,981,451,0,1432
2721,562,786,0,1348
2722,908,497,0,1405
2723,881,345,0,1226
2724,370,620,0,990
2725,213,102,0,315
2726,788,688,0,1476
2727,4,571,0,575
2728,455,583,0,1038
2729,387,780,0,1167
2730,203,682,0,885
2731,799,902,0,1701
2732,886,653,0,1539
2733,998,213,0,1211
2734,957,135,0,1092
2735,470,368,0,838
2736,569,271,0,840
2737,353,630,0,983
2738,663,243,0,906
2739,742,331,0,1073
2740,951,444,0,1395
2741,83,287,0,370
2742,674,557,0,1231
2743,46,439,0,485
2744,854,460,0,1314
2745,744,895,0,1639
2746,150,387,0,537
2747,831,336,0,1167
2748,969,717,0,1686
2749,388,65,0,453
2750,34,293,0,327
2751,748,217,0,965
2752,586,599,0,1185
2753,39,952,0,991
2754,692,512,0,1204
2755,117,791,0,908
2756,477,677,0,1154
2757,292,139,0,431
2758,3,982,0,985
2759,57,851,0,908
2760,415,939,0,1354
2761,249,411,0,660
2762,886,787,0,1673
2763,51,457,0,508
2764,145,403,0,548
2765,368,269,0,637
2766,433,168,0,601
2767,623,406,0,1029
2768,978,668,0,1646
2769,723,936,0,1659
2770,371,460,0,831
2771,707,385,0,1092
2772,321,253,0,574
2773,219,458,0,677
2774,514,694,0,1208
2775,908,204,0,1112
2776,348,242,0,590
2777,477,601,0,1078
2778,251,433,0,684
2779,834,895,0,1729
2780,151,854,0,1005
2781,795,841,0,1636
2782,746,541,0,1287
2783,984,50,0,1034
2784,694,664,0,1358
2785,655,792,0,1447
2786,791,53,0,844
2787,942,264,0,1206
2788,217,992,0,1209
2789,262,505,0,767
2790,821,472,0,1293
2791,819,537,0,1356
2792,40,928,0,968
2793,587,424,0,1011
2794,590,371,0,961
2795,62,686,0,748
2796,681,132,0,813
2797,510,861,0,1371
2798,970,229,0,1199
2799,781,636,0,1417
2800,286,986,0,1272
2801,249,188,0,437
2802,196,725,0,921
2803,486,737,0,1223
2804,739,576,0,1315
2805,875,210,0,1085
2806,21,695,0,716
2807,902,132,0,1034
2808,75,379,0,454
2809,556,364,0,920
2810,191,969,0,1160
2811,311,988,0,1299
2812,650,689,0,1339
2813,339,161,0,500
2814,362,553,0,915
2815,908,629,0,1537
2816,297,107,0,404
2817,185,273,0,458
2818,840,436,0,1276
2819,518,429,0,947
2820,429,89,0,518
2821,469,452,0,921
2822,725,554,0,1279
2823,582,79,0,661
2824,115,534,0,649
2825,490,497,0,987
2826,834,803,0,1637
2827,130,225,0,355
2828,205,87,0,292
2829,15,677,0,692
2830,1000,286,0,1286
2831,330,405,0,735
2832,253,787,0,1040
2833,585,110,0,695
2834,808,361,0,1169
2835,336,909,0,1245
2836,829,846,0,1675
2837,959,71,0,1030
2838,9,247,0,256
2839,66,10,0,76
2840,443,891,0,1334
2841,588,722,0,1310
2842,840,779,0,1619
2843,720,676,0,1396
2844,10,880,0,890
2845,614,713,0,1327
2846,720,254,0,974
2847,478,542,0,1020
2848,189,467,0,656
2849,208,753,0,961
2850,273,148,0,421
2851,89,857,0,946
2852,759,777,0,1536
2853,283,960,0,1243
2854,592,26,0,618
2855,237,529,0,766
2856,629,119,0,748
2857,513,427,0,940
2858,778,253,0,1031
2859,267,264,0,531
2860,407,342,0,749
2861,826,55,0,881
2862,294,46,0,340
2863,910,137,0,1047
2864,617,429,0,1046
2865,648,232,0,880
2866,292,992,0,1284
2867,211,53,0,264
2868,732,918,0,1650
2869,54,930,0,984
2870,133,96,0,229
2871,411,71,0,482
2872,718,251,0,969
2873,427,441,0,868
2874,872,380,0,1252
2875,442,835,0,1277
2876,407,436,0,843
2877,707,811,0,1518
2878,910,96,0,1006
2879,119,864,0,983
2880,219,67,0,286
2881,533,876,0,1409
2882,456,642,0,1098
2883,194,801,0,995
2884,555,440,0,995
2885,684,973,0,1657
2886,719,897,0,1616
2887,265,645,0,910
2888,613,235,0,848
2889,14,394,0,408
2890,967,165,0,1132
2891,691,827,0,1518
2892,212,426,0,638
2893,621,68,0,689
2894,51,643,0,694
2895,485,262,0,747
2896,256,863,0,1119
2897,918,165,0,1083
2898,367,429,0,796
2899,432,718,0,1150
2900,110,431,0,541
2901,978,701,0,1679
2902,826,873,0,1699
2903,795,722,0,1517
2904,656,429,0,1085
2905,676,472,0,1148
2906,273,116,0,389
2907,880,261,0,1141
2908,524,976,0,1500
2909,750,497,0,1247
2910,95,24,0,119
2911,13,998,0,1011
2912,171,259,0,430
2913,496,963,0,1459
2914,522,61,0,583
2915,736,361,0,1097
2916,352,274,0,626
2917,957,628,0,1585
2918,142,821,0,963
2919,759,745,0,1504
2920,704,445,0,1149
2921,619,639,0,1258
2922,707,267,0,974
2923,717,310,0,1027
2924,835,108,0,943
2925,417,494,0,911
2926,367,956,0,1323
2927,211,887,0,1098
2928,258,620,0,878
2929,561,924,0,1485
2930,188,383,0,571
2931,894,477,0,1371
2932,648,795,0,1443
2933,864,168,0,1032
2934,98,696,0,794
2935,323,231,0,554
2936,620,581,0,1201
2937,701,914,0,1615
2938,349,193,0,542
2939,34,49,0,83
2940,572,411,0,983
2941,153,476,0,629
2942,31,588,0,619
2943,467,851,0,1318
2944,809,238,0,1047
2945,238,358,0,596
2946,999,244,0,1243
2947,96,878,0,974
2948,655,273,0,928
2949,890,568,0,1458
2950,262,261,0,523
2951,720,197,0,917
2952,63,316,0,379
2953,125,897,0,1022
2954,544,946,0,1490
2955,231,213,0,444
2956,64,646,0,710
2957,494,135,0,629
2958,365,605,0,970
2959,735,296,0,1031
2960,553,657,0,1210
2961,315,565,0,880
2962,979,692,0,1671
2963,275,886,0,1161
2964,682,868,0,1550
2965,153,599,0,752
2966,358,812,0,1170
2967,166,28,0,194
2968,682,443,0,1125
2969,730,283,0,1013
2970,280,821,0,1101
2971,934,72,0,1006
2972,948,126,0,1074
2973,918,20,0,938
2974,74,395,0,469
2975,690,768,0,1458
2976,564,902,0,1466
2977,855,998,0,1853
2978,870,1,0,871
2979,398,881,0,1279
2980,146,503,0,649
2981,872,527,0,1399
2982,323,829,0,1152
2983,977,574,0,1551
2984,931,472,0,1403
2985,85,440,0,525
2986,831,439,0,1270
2987,596,825,0,1421
2988,297,163,0,460
2989,747,231,0,978
2990,628,633,0,1261
2991,206,154,0,360
2992,164,403,0,567
2993,898,953,0,1851
2994,281,858,0,1139
2995,632,3,0,635
2996,757,802,0,1559
2997,229,31,0,260
2998,561,589,0,1150
2999,645,502,0,1147
3000,355,746,0,1101
3001,740,104,0,844
3002,777,718,0,1495
3003,158,677,0,835
3004,807,692,0,1499
3005,220,391,0,611
3006,112,37,0,149
3007,616,790,0,1406
3008,643,813,0,1456
3009,185,158,0,343
3010,955,462,0,1417
3011,48,84,0,132
3012,565,299,0,864
3013,145,113,0,258
3014,342,231,0,573
3015,990,922,0,1912
3016,700,940,0,1640
3017,805,976,0,1781
3018,405,31,0,436
3019,86,944,0,1030
3020,485,967,0,1452
3021,392,593,0,985
3022,94,956,0,1050
3023,852,507,0,1359
3024,611,73,0,684
3025,253,743,0,996
3026,7,459,0,466
3027,918,540,0,1458
3028,218,202,0,420
3029,647,499,0,1146
3030,107,563,0,670
3031,630,333,0,963
3032,969,167,0,1136
3033,42,404,0,446
3034,518,792,0,1310
3035,338,506,0,844
3036,73,180,0,253
3037,998,899,0,1897
3038,848,406,0,1254
3039,793,454,0,1247
3040,308,530,0,838
3041,630,350,0,980
3042,282,410,0,692
3043,776,912,0,1688
3044,384,673,0,1057
3045,578,27,0,605
3046,959,703,0,1662
3047,538,768,0,1306
3048,525,305,0,830
3049,828,235,0,1063
3050,394,274,0,668
3051,305,10,0,315
3052,643,412,0,1055
3053,906,336,0,1242
3054,516,967,0,1483
3055,807,812,0,1619
3056,799,964,0,1763
3057,285,861,0,1146
3058,310,618,0,928
3059,39,160,0,199
3060,236,593,0,829
3061,35,460,0,495
3062,991,944,0,1935
3063,225,812,0,1037
3064,85,835,0,920
3065,946,438,0,1384
3066,955,315,0,1270
3067,180,806,0,986
3068,98,890,0,988
3069,406,980,0,1386
3070,713,151,0,864
3071,212,280,0,492
3072,247,226,0,473
3073,6,269,0,275
3074,2,139,0,141
3075,991,419,0,1410
3076,290,51,0,341
3077,561,784,0,1345
3078,806,882,0,1688
3079,458,688,0,1146
3080,502,690,0,1192
3081,119,612,0,731
3082,968,604,0,1572
3083,498,408,0,906
3084,982,616,0,1598
3085,704,822,0,1526
3086,193,899,0,1092
3087,769,140,0,909
3088,650,538,0,1188
3089,212,548,0,760
3090,23,44,0,67
3091,574,519,0,1093
3092,847,271,0,1118
3093,675,620,0,1295
3094,331,603,0,934
3095,291,314,0,605
3096,379,493,0,872
3097,927,193,0,1120
3098,593,17,0,610
3099,616,841,0,1457
3100,177,723,0,900
3101,894,68,0,962
3102,548,8,0,556
3103,385,139,0,524
3104,304,229,0,533
3105,190,38,0,228
3106,783,506,0,1289
3107,374,609,0,983
3108,779,891,0,1670
3109,509,927,0,1436
3110,654,370,0,1024
3111,71,862,0,933
3112,293,257,0,550
3113,490,156,0,646
3114,981,210,0,1191
3115,374,157,0,531
3116,376,651,0,1027
3117,956,841,0,1797
3118,65,726,0,791
3119,144,710,0,854
3120,68,982,0,1050
3121,586,505,0,1091
3122,226,723,0,949
3123,413,931,0,1344
3124,264,22,0,286
3125,964,155,0,1119
3126,457,516,0,973
3127,494,574,0,1068
3128,530,120,0,650
3129,372,916,0,1288
3130,806,523,0,1329
3131,828,686,0,1514
3132,821,585,0,1406
3133,674,238,0,912
3134,316,231,0,547
3135,638,269,0,907
3136,808,287,0,1095
3137,709,74,0,783
3138,809,251,0,1060
3139,448,735,0,1183
3140,404,274,0,678
3141,897,190,0,1087
3142,606,430,0,1036
3143,997,624,0,1621
3144,661,712,0,1373
3145,7,590,0,597
3146,501,337,0,838
3147,163,604,0,767
3148,761,65,0,826
3149,709,733,0,1442
3150,76,745,0,821
3151,498,740,0,1238
3152,334,581,0,915
3153,708,25,0,733
3154,631,869,0,1500
3155,235,609,0,844
3156,861,682,0,1543
3157,697,611,0,1308
3158,644,418,0,1062
3159,499,978,0,1477
3160,272,67,0,339
3161,575,548,0,1123
3162,594,942,0,1536
3163,93,183,0,276
3164,332,848,0,1180
3165,907,585,0,1492
3166,829,316,0,1145
3167,876,777,0,1653
3168,494,362,0,856
3169,218,817,0,1035
3170,567,862,0,1429
3171,297,191,0,488
3172,594,191,0,785
3173,361,908,0,1269
3174,294,288,0,582
3175,473,761,0,1234
3176,608,639,0,1247
3177,567,776,0,1343
3178,363,822,0,1185
3179,73,675,0,748
3180,987,796,0,1783
3181,324,638,0,962
3182,317,706,0,1023
3183,116,729,0,845
3184,970,185,0,1155
3185,754,553,0,1307
3186,100,408,0,508
3187,160,446,0,606
3188,791,9,0,800
3189,692,557,0,1249
3190,231,900,0,1131
3191,767,724,0,1491
3192,818,603,0,1421
3193,573,861,0,1434
3194,356,836,0,1192
3195,127,656,0,783
3196,370,805,0,1175
3197,308,293,0,601
3198,643,435,0,1078
3199,585,415,0,1000
3200,851,456,0,1307
3201,23,370,0,393
3202,394,561,0,955
3203,272,8,0,280
3204,954,209,0,1163
3205,184,729,0,913
3206,156,69,0,225
3207,517,371,0,888
3208,552,659,0,1211
3209,168,668,0,836
3210,923,753,0,1676
3211,655,176,0,831
3212,14,0,0,14
3213,656,613,0,1269
3214,274,277,0,551
3215,180,727,0,907
3216,467,82,0,549
3217,171,178,0,349
3218,788,553,0,1341
3219,719,559,0,1278
3220,433,35,0,468
3221,279,928,0,1207
3222,487,918,0,1405
3223,906,361,0,1267
3224,957,31,0,988
3225,181,457,0,638
3226,25,594,0,619
3227,538,286,0,824
3228,187,898,0,1085
3229,684,933,0,1617
3230,54,648,0,702
3231,822,45,0,867
3232,375,816,0,1191
3233,161,894,0,1055
3234,914,58,0,972
3235,165,527,0,692
3236,668,710,0,1378
3237,117,980,0,1097
3238,265,98,0,363
3239,495,992,0,1487
3240,101,854,0,955
3241,243,895,0,1138
3242,643,115,0,758
3243,698,911,0,1609
3244,889,862,0,1751
3245,624,609,0,1233
3246,784,847,0,1631
3247,66,421,0,487
3248,876,687,0,1563
3249,760,145,0,905
3250,959,443,0,1402
3251,878,949,0,1827
3252,243,798,0,1041
3253,225,132,0,357
3254,402,895,0,1297
3255,845,549,0,1394
3256,75,889,0,964
3257,197,803,0,1000
3258,977,628,0,1605
3259,165,578,0,743
3260,167,213,0,380
3261,971,125,0,1096
3262,900,118,0,1018
3263,646,372,0,1018
3264,662,660,0,1322
3265,540,138,0,678
3266,439,796,0,1235
3267,298,531,0,829
3268,733,744,0,1477
3269,115,899,0,1014
3270,420,104,0,524
3271,486,850,0,1336
3272,440,182,0,622
3273,995,443,0,1438
3274,826,498,0,1324
3275,156,178,0,334
3276,171,951,0,1122
3277,362,310,0,672
3278,898,883,0,1781
3279,316,261,0,577
3280,750,261,0,1011
3281,422,57,0,479
3282,749,127,0,876
3283,626,642,0,1268
3284,46,375,0,421
3285,760,461,0,1221
3286,827,920,0,1747
3287,114,243,0,357
3288,418,773,0,1191
3289,761,737,0,1498
3290,604,284,0,888
3291,238,392,0,630
3292,171,113,0,284
3293,98,993,0,1091
3294,861,616,0,1477
3295,181,739,0,920
3296,645,705,0,1350
3297,175,238,0,413
3298,902,289,0,1191
3299,869,492,0,1361
3300,586,958,0,1544
3301,941,237,0,1178
3302,982,212,0,1194
3303,142,862,0,1004
3304,664,982,0,1646
3305,663,375,0,1038
3306,123,933,0,1056
3307,751,609,0,1360
3308,286,63,0,349
3309,248,387,0,635
3310,517,198,0,715
3311,3,322,0,325
3312,698,577,0,1275
3313,715,73,0,788
3314,946,285,0,1231
3315,22,892,0,914
3316,109,582,0,691
3317,61,755,0,816
3318,91,345,0,436
3319,524,243,0,767
3320,280,323,0,603
3321,200,992,0,1192
3322,633,700,0,1333
3323,143,307,0,450
3324,854,579,0,1433
3325,298,437,0,735
3326,216,438,0,654
3327,943,304,0,1247
3328,534,518,0,1052
3329,991,514,0,1505
3330,89,20,0,109
3331,145,57,0,202
3332,141,411,0,552
3333,793,106,0,899
3334,419,75,0,494
3335,705,507,0,1212
3336,95,889,0,984
3337,336,884,0,1220
3338,136,885,0,1021
3339,102,250,0,352
3340,776,222,0,998
3341,316,423,0,739
3342,396,124,0,520
3343,241,26,0,267
3344,127,417,0,544
3345,660,28,0,688
3346,161,413,0,574
3347,75,503,0,578
3348,622,874,0,1496
3349,193,185,0,378
3350,528,427,0,955
3351,959,588,0,1547
3352,808,49,0,857
3353,246,829,0,1075
3354,305,531,0,836
3355,817,707,0,1524
3356,790,277,0,1067
3357,377,141,0,518
3358,828,821,0,1649
3359,657,184,0,841
3360,253,502,0,755
3361,334,917,0,1251
3362,767,488,0,1255
3363,231,165,0,396
3364,241,780,0,1021
3365,594,84,0,678
3366,982,93,0,1075
3367,287,203,0,490
3368,103,669,0,772
3369,325,119,0,444
3370,422,387,0,809
3371,81,972,0,1053
3372,292,941,0,1233
3373,567,325,0,892
3374,969,400,0,1369
3375,316,481,0,797
3376,361,627,0,988
3377,15,180,0,195
3378,413,825,0,1238
3379,793,682,0,1475
3380,900,433,0,1333
3381,699,549,0,1248
3382,601,444,0,1045
3383,164,157,0,321
3384,953,74,0,1027
3385,76,468,0,544
3386,966,706,0,1672
3387,569,971,0,1540
3388,302,580,0,882
3389,337,762,0,1099
3390,524,187,0,711
3391,296,477,0,773
3392,641,881,0,1522
3393,903,27,0,930
3394,450,612,0,1062
3395,399,440,0,839
3396,21,440,0,461
3397,114,797,0,911
3398,606,851,0,1457
3399,191,221,0,412
3400,622,168,0,790
3401,216,524,0,740
3402,355,251,0,606
3403,515,536,0,1051
3404,172,377,0,549
3405,139,497,0,636
3406,647,625,0,1272
3407,995,712,0,1707
3408,635,678,0,1313
3409,176,807,0,983
3410,939,58,0,997
3411,451,689,0,1140
3412,303,899,0,1202
3413,353,278,0,631
3414,847,38,0,885
3415,258,341,0,599
3416,947,948,0,1895
3417,72,402,0,474
3418,828,928,0,1756
3419,734,746,0,1480
3420,115,109,0,224
3421,701,461,0,1162
3422,477,575,0,1052
3423,749,529,0,1278
3424,159,189,0,348
3425,442,961,0,1403
3426,426,314,0,740
3427,845,995,0,1840
3428,37,617,0,654
3429,888,948,0,1836
3430,393,635,0,1028
3431,175,304,0,479
3432,222,713,0,935
3433,658,34,0,692
3434,810,322,0,1132
3435,127,90,0,217
3436,936,425,0,1361
3437,335,465,0,800
3438,940,388,0,1328
3439,280,457,0,737
3440,132,958,0,1090
3441,933,967,0,1900
3442,925,522,0,1447
3443,569,861,0,1430
3444,679,399,0,1078
3445,453,223,0,676
3446,526,427,0,953
3447,106,370,0,476
3448,910,495,0,1405
3449,850,10,0,860
3450,765,293,0,1058
3451,490,513,0,1003
3452,234,264,0,498
3453,846,226,0,1072
3454,150,169,0,319
3455,702,281,0,983
3456,206,53,0,259
3457,206,888,0,1094
3458,893,133,0,1026
3459,661,244,0,905
3460,149,645,0,794
3461,158,314,0,472
3462,431,733,0,1164
3463,23,744,0,767
3464,3,504,0,507
3465,145,954,0,1099
3466,221,982,0,1203
3467,680,373,0,1053
3468,204,356,0,560
3469,91,24,0,115
3470,294,338,0,632
3471,261,179,0,440
3472,282,784,0,1066
3473,93,12,0,105
3474,664,423,0,1087
3475,206,234,0,440
3476,619,294,0,913
3477,426,776,0,1202
3478,859,610,0,1469
3479,952,99,0,1051
3480,804,601,0,1405
3481,154,96,0,250
3482,951,546,0,1497
3483,969,497,0,1466
3484,520,284,0,804
3485,84,529,0,613
3486,356,711,0,1067
3487,190,239,0,429
3488,496,952,0,1448
3489,3,640,0,643
3490,471,643,0,1114
3491,475,759,0,1234
3492,546,878,0,1424
3493,946,486,0,1432
3494,770,894,0,1664
3495,118,421,0,539
3496,896,145,0,1041
3497,679,820,0,1499
3498,481,39,0,520
3499,25,828,0,853
3500,759,12,0,771
3501,779,551,0,1330
3502,625,880,0,1505
3503,103,293,0,396
3504,170,487,0,657
3505,525,216,0,741
3506,152,558,0,710
3507,410,895,0,1305
3508,602,733,0,1335
3509,211,201,0,412
3510,532,777,0,1309
3511,433,375,0,808
3512,967,1000,0,1967
3513,7,759,0,766
3514,442,479,0,921
3515,659,546,0,1205
3516,125,167,0,292
3517,7,413,0,420
3518,249,439,0,688
3519,142,527,0,669
3520,463,299,0,762
3521,644,312,0,956
3522,306,778,0,1084
3523,562,640,0,1202
3524,529,309,0,838
3525,76,586,0,662
3526,52,181,0,233
3527,533,95,0,628
3528,363,117,0,480
3529,559,847,0,1406
3530,612,865,0,1477
3531,462,763,0,1225
3532,848,954,0,1802
3533,231,117,0,348
3534,57,236,0,293
3535,188,112,0,300
3536,430,929,0,1359
3537,304,95,0,399
3538,437,266,0,703
3539,268,53,0,321
3540,612,159,0,771
3541,14,879,0,893
3542,940,89,0,1029
3543,64,773,0,837
3544,346,9,0,355
3545,286,659,0,945
3546,853,781,0,1634
3547,321,493,0,814
3548,30,185,0,215
3549,869,98,0,967
3550,704,939,0,1643
3551,264,397,0,661
3552,695,548,0,1243
3553,254,662,0,916
3554,929,526,0,1455
3555,276,307,0,583
3556,553,444,0,997
3557,852,855,0,1707
3558,102,911,0,1013
3559,697,567,0,1264
3560,316,201,0,517
3561,757,300,0,1057
3562,833,439,0,1272
3563,339,750,0,1089
3564,586,466,0,1052
3565,560,618,0,1178
3566,808,459,0,1267
3567,26,610,0,636
3568,830,114,0,944
3569,247,361,0,608
3570,329,771,0,1100
3571,81,80,0,161
3572,112,212,0,324
3573,409,454,0,863
3574,57,770,0,827
3575,881,661,0,1542
3576,846,125,0,971
3577,358,696,0,1054
3578,748,370,0,1118
3579,702,166,0,868
3580,648,466,0,1114
3581,461,178,0,639
3582,631,848,0,1479
3583,406,139,0,545
3584,826,634,0,1460
3585,914,653,0,1567
3586,960,810,0,1770
3587,853,707,0,1560
3588,563,586,0,1149
3589,691,888,0,1579
3590,822,779,0,1601
3591,323,291,0,614
3592,685,127,0,812
3593,399,984,0,1383
3594,654,912,0,1566
3595,581,875,0,1456
3596,115,255,0,370
3597,760,631,0,1391
3598,384,448,0,832
3599,442,212,0,654
3600,644,445,0,1089
3601,909,363,0,1272
3602,747,906,0,1653
3603,861,633,0,1494
3604,155,322,0,477
3605,958,683,0,1641
3606,611,780,0,1391
3607,854,117,0,971
3608,52,877,0,929
3609,816,805,0,1621
3610,29,386,0,415
3611,620,22,0,642
3612,733,537,0,1270
3613,120,867,0,987
3614,852,22,0,874
3615,385,96,0,481
3616,216,145,0,361
3617,974,791,0,1765
3618,266,872,0,1138
3619,444,673,0,1117
3620,551,878,0,1429
3621,21,631,0,652
3622,673,254,0,927
3623,670,250,0,920
3624,58,220,0,278
3625,785,615,0,1400
3626,847,601,0,1448
3627,108,252,0,360
3628,301,14,0,315
3629,742,173,0,915
3630,514,34,0,548
3631,14,394,0,408
3632,310,951,0,1261
3633,598,826,0,1424
3634,922,858,0,1780
3635,208,716,0,924
3636,615,548,0,1163
3637,537,626,0,1163
3638,344,964,0,1308
3639,173,774,0,947
3640,481,688,0,1169
3641,189,763,0,952
3642,895,269,0,1164
3643,186,46,0,232
3644,109,22,0,131
3645,45,50,0,95
3646,503,715,0,1218
3647,135,603,0,738
3648,808,261,0,1069
3649,651,968,0,1619
3650,919,533,0,1452
3651,202,859,0,1061
3652,165,602,0,767
3653,125,103,0,228
3654,436,490,0,926
3655,636,582,0,1218
3656,756,705,0,1461
3657,463,865,0,1328
3658,433,384,0,817
3659,318,489,0,807
3660,798,397,0,1195
3661,359,413,0,772
3662,250,449,0,699
3663,467,18,0,485
3664,993,964,0,1957
3665,887,409,0,1296
3666,50,117,0,167
3667,685,716,0,1401
3668,463,735,0,1198
3669,699,723,0,1422
3670,850,806,0,1656
3671,464,488,0,952
3672,456,857,0,1313
3673,747,732,0,1479
3674,373,178,0,551
3675,202,638,0,840
3676,436,503,0,939
3677,15,607,0,622
3678,993,738,0,1731
3679,807,544,0,1351
3680,360,309,0,669
3681,622,425,0,1047
3682,950,49,0,999
3683,302,140,0,442
3684,873,229,0,1102
3685,654,193,0,847
3686,948,660,0,1608
3687,785,116,0,901
3688,590,503,0,1093
3689,869,894,0,1763
3690,290,588,0,878
3691,401,726,0,1127
3692,462,64,0,526
3693,653,261,0,914
3694,597,825,0,1422
3695,329,957,0,1286
3696,467,351,0,818
3697,213,347,0,560
3698,574,463,0,1037
3699,397,133,0,530
3700,577,403,0,980
3701,177,281,0,458
3702,423,18,0,441
3703,376,316,0,692
3704,611,509,0,1120
3705,270,163,0,433
3706,980,462,0,1442
3707,544,668,0,1212
3708,52,944,0,996
3709,781,699,0,1480
3710,212,31,0,243
3711,936,560,0,1496
3712,64,664,0,728
3713,72,203,0,275
3714,634,267,0,901
3715,684,328,0,1012
3716,444,23,0,467
3717,885,488,0,1373
3718,103,561,0,664
3719,704,327,0,1031
3720,435,553,0,988
3721,402,449,0,851
3722,155,870,0,1025
3723,548,296,0,844
3724,829,952,0,1781
3725,801,117,0,918
3726,964,599,0,1563
3727,642,707,0,1349
3728,208,429,0,637
3729,169,580,0,749
3730,360,79,0,439
3731,946,733,0,1679
3732,126,836,0,962
3733,487,760,0,1247
3734,13,828,0,841
3735,112,816,0,928
3736,610,101,0,711
3737,837,235,0,1072
3738,326,502,0,828
3739,228,941,0,1169
3740,932,321,0,1253
3741,703,690,0,1393
3742,666,686,0,1352
3743,920,606,0,1526
3744,478,396,0,874
3745,258,503,0,761
3746,971,109,0,1080
3747,17,946,0,963
3748,553,310,0,863
3749,666,528,0,1194
3750,329,460,0,789
3751,311,510,0,821
3752,36,693,0,729
3753,542,548,0,1090
3754,460,896,0,1356
3755,149,631,0,780
3756,444,344,0,788
3757,461,40,0,501
3758,705,7,0,712
3759,335,161,0,496
3760,100,987,0,1087
3761,386,130,0,516
3762,177,703,0,880
3763,563,349,0,912
3764,817,385,0,1202
3765,569,716,0,1285
3766,572,24,0,596
3767,612,166,0,778
3768,281,307,0,588
3769,794,945,0,1739
3770,921,719,0,1640
3771,930,881,0,1811
3772,577,805,0,1382
3773,372,723,0,1095
3774,939,252,0,1191
3775,776,906,0,1682
3776,880,480,0,1360
3777,720,742,0,1462
3778,560,63,0,623
3779,397,282,0,679
3780,876,649,0,1525
3781,635,980,0,1615
3782,535,10,0,545
3783,2,957,0,959
3784,387,763,0,1150
3785,307,90,0,397
3786,495,247,0,742
3787,453,307,0,760
3788,135,938,0,1073
3789,313,779,0,1092
3790,436,848,0,1284
3791,705,524,0,1229
3792,250,754,0,1004
3793,800,391,0,1191
3794,520,297,0,817
3795,85,874,0,959
3796,722,829,0,1551
3797,832,244,0,1076
3798,716,315,0,1031
3799,93,107,0,200
3800,297,291,0,588
3801,48,583,0,631
3802,728,656,0,1384
3803,646,662,0,1308
3804,464,763,0,1227
3805,613,320,0,933
3806,521,0,0,521
3807,790,207,0,997
3808,620,409,0,1029
3809,141,298,0,439
3810,223,438,0,661
3811,476,30,0,506
3812,726,299,0,1025
3813,793,244,0,1037
3814,400,411,0,811
3815,27,63,0,90
3816,916,718,0,1634
3817,547,788,0,1335
3818,925,965,0,1890
3819,630,976,0,1606
3820,729,843,0,1572
3821,608,690,0,1298
3822,115,840,0,955
3823,690,843,0,1533
3824,234,515,0,749
3825,608,449,0,1057
3826,634,567,0,1201
3827,258,142,0,400
3828,977,489,0,1466
3829,528,114,0,642
3830,545,288,0,833
3831,895,728,0,1623
3832,320,856,0,1176
3833,756,1000,0,1756
3834,388,70,0,458
3835,18,515,0,533
3836,470,296,0,766
3837,204,479,0,683
3838,249,574,0,823
3839,262,162,0,424
3840,289,485,0,774
3841,346,649,0,995
3842,124,738,0,862
3843,371,624,0,995
3844,908,573,0,1481
3845,537,804,0,1341
3846,556,863,0,1419
3847,436,652,0,1088
3848,28,375,0,403
3849,224,726,0,950
3850,609,195,0,804
3851,963,394,0,1357
3852,607,534,0,1141
3853,959,536,0,1495
3854,160,699,0,859
3855,80,922,0,1002
3856,686,576,0,1262
3857,965,926,0,1891
3858,584,793,0,1377
3859,851,272,0,1123
3860,85,511,0,596
3861,244,318,0,562
3862,820,112,0,932
3863,157,292,0,449
3864,583,186,0,769
3865,743,660,0,1403
3866,892,881,0,1773
3867,29,647,0,676
3868,59,483,0,542
3869,722,444,0,1166
3870,882,374,0,1256
3871,606,604,0,1210
3872,906,842,0,1748
3873,141,900,0,1041
3874,664,474,0,1138
3875,73,737,0,810
3876,80,52,0,132
3877,124,561,0,685
3878,790,303,0,1093
3879,690,300,0,990
3880,756,165,0,921
3881,902,732,0,1634
3882,803,685,0,1488
3883,638,703,0,1341
3884,909,131,0,1040
3885,594,873,0,1467
3886,430,603,0,1033
3887,411,505,0,916
3888,243,295,0,538
3889,890,389,0,1279
3890,798,217,0,1015
3891,653,747,0,1400
3892,401,396,0,797
3893,631,16,0,647
3894,869,576,0,1445
3895,575,257,0,832
3896,773,36,0,809
3897,422,43,0,465
3898,239,298,0,537
3899,794,825,0,1619
3900,657,993,0,1650
3901,427,481,0,908
3902,88,818,0,906
3903,680,746,0,1426
3904,142,604,0,746
3905,909,385,0,1294
3906,333,93,0,426
3907,825,82,0,907
3908,463,376,0,839
3909,875,266,0,1141
3910,132,612,0,744
3911,502,535,0,1037
3912,134,653,0,787
3913,239,628,0,867
3914,166,303,0,469
3915,897,709,0,1606
3916,940,415,0,1355
3917,78,736,0,814
3918,638,222,0,860
3919,229,911,0,1140
3920,287,113,0,400
3921,718,758,0,1476
3922,814,774,0,1588
3923,277,19,0,296
3924,217,941,0,1158
3925,878,426,0,1304
3926,106,69,0,175
3927,831,832,0,1663
3928,558,548,0,1106
3929,951,41,0,992
3930,761,417,0,1178
3931,431,248,0,679
3932,331,489,0,820
3933,613,22,0,635
3934,686,475,0,1161
3935,862,564,0,1426
3936,824,636,0,1460
3937,863,325,0,1188
3938,511,945,0,1456
3939,786,653,0,1439
3940,421,3,0,424
3941,578,658,0,1236
3942,675,125,0,800
3943,395,551,0,946
3944,356,628,0,984
3945,630,305,0,935
3946,48,173,0,221
3947,864,530,0,1394
3948,536,876,0,1412
3949,482,371,0,853
3950,30,149,0,179
3951,999,956,0,1955
3952,861,716,0,1577
3953,287,92,0,379
3954,991,19,0,1010
3955,285,7,0,292
3956,571,937,0,1508
3957,173,92,0,265
3958,475,137,0,612
3959,908,83,0,991
3960,604,741,0,1345
3961,589,810,0,1399
3962,282,9,0,291
3963,269,472,0,741
3964,153,527,0,680
3965,331,498,0,829
3966,983,972,0,1955
3967,304,18,0,322
3968,963,916,0,1879
3969,381,507,0,888
3970,119,707,0,826
3971,952,329,0,1281
3972,685,608,0,1293
3973,55,212,0,267
3974,962,754,0,1716
3975,96,72,0,168
3976,983,946,0,1929
3977,318,726,0,1044
3978,117,16,0,133
3979,102,312,0,414
3980,272,144,0,416
3981,340,360,0,700
3982,975,223,0,1198
3983,804,594,0,1398
3984,699,522,0,1221
3985,634,823,0,1457
3986,18,496,0,514
3987,758,338,0,1096
3988,655,899,0,1554
3989,195,582,0,777
3990,214,491,0,705
3991,402,93,0,495
3992,250,267,0,517
3993,225,19,0,244
3994,769,713,0,1482
3995,810,495,0,1305
3996,826,768,0,1594
3997,687,999,0,1686
3998,503,181,0,684
3999,207,840,0,1047
4000,54,917,0,971
4001,536,165,0,701
4002,26,261,0,287
4003,94,815,0,909
4004,401,248,0,649
4005,736,332,0,1068
4006,244,887,0,1131
4007,560,575,0,1135
4008,428,745,0,1173
4009,405,150,0,555
4010,713,174,0,887
4011,735,824,0,1559
4012,852,321,0,1173
4013,415,540,0,955
4014,234,899,0,1133
4015,65,253,0,318
4016,304,358,0,662
4017,477,162,0,639
4018,214,427,0,641
4019,208,608,0,816
4020,798,794,0,1592
4021,792,475,0,1267
4022,19,538,0,557
4023,174,147,0,321
4024,500,320,0,820
4025,423,524,0,947
4026,849,744,0,1593
4027,350,789,0,1139
4028,517,586,0,1103
4029,690,679,0,1369
4030,96,913,0,1009
4031,22,936,0,958
4032,397,834,0,1231
4033,475,19,0,494
4034,815,621,0,1436
4035,790,613,0,1403
4036,104,552,0,656
4037,67,566,0,633
4038,576,588,0,1164
4039,859,973,0,1832
4040,226,46,0,272
4041,442,699,0,1141
4042,915,30,0,945
4043,937,489,0,1426
4044,631,306,0,937
4045,503,763,0,1266
4046,718,471,0,1189
4047,465,568,0,1033
4048,249,236,0,485
4049,377,378,0,755
4050,555,938,0,1493
4051,228,360,0,588
4052,130,262,0,392
4053,521,371,0,892
4054,959,630,0,1589
4055,18,499,0,517
4056,58,853,0,911
4057,732,851,0,1583
4058,661,62,0,723
4059,470,867,0,1337
4060,507,526,0,1033
4061,813,662,0,1475
4062,393,975,0,1368
4063,165,512,0,677
4064,86,805,0,891
4065,652,552,0,1204
4066,88,309,0,397
4067,617,971,0,1588
4068,710,150,0,860
4069,188,962,0,1150
4070,799,445,0,1244
4071,96,138,0,234
4072,950,209,0,1159
4073,180,107,0,287
4074,307,248,0,555
4075,642,811,0,1453
4076,13,339,0,352
4077,679,233,0,912
4078,364,725,0,1089
4079,828,853,0,1681
4080,123,26,0,149
4081,848,3,0,851
4082,551,139,0,690
4083,727,974,0,1701
4084,493,204,0,697
4085,722,379,0,1101
4086,299,858,0,1157
4087,465,66,0,531
4088,160,218,0,378
4089,761,134,0,895
4090,271,725,0,996
4091,109,469,0,578
4092,848,436,0,1284
4093,18,960,0,978
4094,891,0,0,891
4095,824,98,0,922
4096,441,279,0,720
4097,554,545,0,1099
4098,982,253,0,1235
4099,308,624,0,932
4100,947,672,0,1619
4101,324,340,0,664
4102,561,603,0,1164
4103,645,580,0,1225
4104,50,253,0,303
4105,802,448,0,1250
4106,489,242,0,731
4107,24,549,0,573
4108,609,615,0,1224
4109,943,970,0,1913
4110,826,459,0,1285
4111,821,678,0,1499
4112,619,190,0,809
4113,319,523,0,842
4114,78,763,0,841
4115,256,301,0,557
4116,548,750,0,1298
4117,852,674,0,1526
4118,671,326,0,997
4119,537,913,0,1450
4120,783,269,0,1052
4121,643,37,0,680
4122,974,922,0,1896
4123,71,773,0,844
4124,707,33,0,740
4125,294,881,0,1175
4126,357,81,0,438
4127,767,742,0,1509
4128,475,250,0,725
4129,532,87,0,619
4130,378,604,0,982
4131,157,762,0,919
4132,236,766,0,1002
4133,470,38,0,508
4134,617,230,0,847
4135,976,624,0,1600
4136,865,392,0,1257
4137,870,111,0,981
4138,247,148,0,395
4139,237,560,0,797
4140,476,160,0,636
4141,534,378,0,912
4142,84,354,0,438
4143,234,848,0,1082
4144,92,471,0,563
4145,112,129,0,241
4146,449,210,0,659
4147,69,954,0,1023
4148,389,142,0,531
4149,274,486,0,760
4150,785,286,0,1071
4151,957,467,0,1424
4152,117,204,0,321
4153,76,990,0,1066
4154,392,981,0,1373
4155,886,969,0,1855
4156,196,96,0,292
4157,681,438,0,1119
4158,18,343,0,361
4159,827,216,0,1043
4160,265,941,0,1206
4161,599,5,0,604
4162,387,599,0,986
4163,668,986,0,1654
4164,242,889,0,1131
4165,397,637,0,1034
4166,475,865,0,1340
4167,772,8,0,780
4168,747,418,0,1165
4169,954,910,0,1864
4170,522,943,0,1465
4171,818,612,0,1430
4172,98,534,0,632
4173,824,982,0,1806
4174,323,575,0,898
4175,548,354,0,902
4176,949,891,0,1840
4177,917,839,0,1756
4178,209,495,0,704
4179,827,589,0,1416
4180,551,78,0,629
4181,416,125,0,541
4182,997,161,0,1158
4183,276,37,0,313
4184,551,819,0,1370
4185,893,268,0,1161
4186,161,345,0,506
4187,699,342,0,1041
4188,855,288,0,1143
4189,848,344,0,1192
4190,658,230,0,888
4191,121,110,0,231
4192,368,760,0,1128
4193,960,292,0,1252
4194,441,94,0,535
4195,678,122,0,800
4196,642,895,0,1537
4197,802,465,0,1267
4198,227,838,0,1065
4199,182,301,0,483
4200,316,63,0,379
4201,859,173,0,1032
4202,186,399,0,585
4203,9,342,0,351
4204,947,178,0,1125
4205,382,822,0,1204
4206,224,660,0,884
4207,230,621,0,851
4208,401,513,0,914
4209,186,268,0,454
4210,663,224,0,887
4211,319,602,0,921
4212,130,87,0,217
4213,337,717,0,1054
4214,809,383,0,1192
4215,494,544,0,1038
4216,29,28,0,57
4217,186,941,0,1127
4218,785,384,0,1169
4219,192,902,0,1094
4220,578,85,0,663
4221,143,429,0,572
4222,57,799,0,856
4223,690,897,0,1587
4224,693,373,0,1066
4225,876,475,0,1351
4226,657,964,0,1621
4227,873,479,0,1352
4228,133,462,0,595
4229,157,863,0,1020
4230,103,934,0,1037
4231,288,666,0,954
4232,165,813,0,978
4233,630,783,0,1413
4234,970,683,0,1653
4235,276,843,0,1119
4236,19,141,0,160
4237,673,530,0,1203
4238,492,690,0,1182
4239,546,199,0,745
4240,570,78,0,648
4241,189,272,0,461
4242,416,662,0,1078
4243,729,467,0,1196
4244,857,861,0,1718
4245,60,361,0,421
4246,402,327,0,729
4247,698,73,0,771
4248,303,237,0,540
4249,826,305,0,1131
4250,596,365,0,961
4251,636,103,0,739
4252,426,236,0,662
4253,920,483,0,1403
4254,142,163,0,305
4255,794,978,0,1772
4256,126,953,0,1079
4257,738,405,0,1143
4258,626,336,0,962
4259,89,713,0,802
4260,73,760,0,833
4261,423,253,0,676
4262,466,117,0,583
4263,166,386,0,552
4264,485,486,0,971
4265,551,233,0,784
4266,686,335,0,1021
4267,810,691,0,1501
4268,986,236,0,1222
4269,373,241,0,614
4270,709,123,0,832
4271,714,105,0,819
4272,494,456,0,950
4273,656,516,0,1172
4274,641,34,0,675
4275,926,911,0,1837
4276,447,724,0,1171
4277,542,868,0,1410
4278,979,814,0,1793
4279,96,957,0,1053
4280,40,299,0,339
4281,494,982,0,1476
4282,144,56,0,200
4283,719,75,0,794
4284,930,784,0,1714
4285,433,400,0,833
4286,811,786,0,1597
4287,16,115,0,131
4288,49,370,0,419
4289,744,595,0,1339
4290,609,306,0,915
4291,23,17,0,40
4292,503,509,0,1012
4293,690,946,0,1636
4294,871,818,0,1689
4295,191,814,0,1005
4296,909,578,0,1487
4297,185,125,0,310
4298,37,335,0,372
4299,592,829,0,1421
4300,312,507,0,819
4301,745,995,0,1740
4302,272,185,0,457
4303,203,823,0,1026
4304,720,638,0,1358
4305,856,799,0,1655
4306,757,705,0,1462
4307,775,611,0,1386
4308,251,649,0,900
4309,758,830,0,1588
4310,823,589,0,1412
4311,664,627,0,1291
4312,471,130,0,601
4313,778,962,0,1740
4314,374,972,0,1346
4315,425,432,0,857
4316,162,126,0,288
4317,550,2,0,552
4318,652,201,0,853
4319,832,726,0,1558
4320,183,310,0,493
4321,537,942,0,1479
4322,594,879,0,1473
4323,577,51,0,628
4324,431,46,0,477
4325,198,545,0,743
4326,924,454,0,1378
4327,262,759,0,1021
4328,901,177,0,1078
4329,681,233,0,914
4330,331,179,0,510
4331,541,12,0,553
4332,731,623,0,1354
4333,677,987,0,1664
4334,310,277,0,587
4335,26,594,0,620
4336,634,886,0,1520
4337,671,980,0,1651
4338,183,303,0,486
4339,417,698,0,1115
4340,31,734,0,765
4341,558,996,0,1554
4342,953,700,0,1653
4343,605,404,0,1009
4344,460,913,0,1373
4345,978,173,0,1151
4346,406,916,0,1322
4347,857,970,0,1827
4348,524,825,0,1349
4349,553,545,0,1098
4350,729,261,0,990
4351,279,442,0,721
4352,438,656,0,1094
4353,715,100,0,815
4354,307,626,0,933
4355,863,824,0,1687
4356,785,669,0,1454
4357,794,734,0,1528
4358,618,928,0,1546
4359,73,428,0,501
4360,70,208,0,278
4361,752,726,0,1478
4362,897,824,0,1721
4363,928,476,0,1404
4364,638,730,0,1368
4365,283,650,0,933
4366,90,368,0,458
4367,431,862,0,1293
4368,371,224,0,595
4369,165,414,0,579
4370,468,973,0,1441
4371,788,613,0,1401
4372,586,90,0,676
4373,925,771,0,1696
4374,2,674,0,676
4375,558,787,0,1345
4376,123,985,0,1108
4377,908,246,0,1154
4378,855,118,0,973
4379,697,73,0,770
4380,69,115,0,184
4381,835,318,0,1153
4382,683,734,0,1417
4383,691,873,0,1564
4384,144,365,0,509
4385,617,469,0,1086
4386,535,604,0,1139
4387,44,54,0,98
4388,993,124,0,1117
4389,521,50,0,571
4390,95,48,0,143
4391,3,444,0,447
4392,918,382,0,1300
4393,798,144,0,942
4394,511,738,0,1249
4395,298,124,0,422
4396,929,511,0,1440
4397,908,982,0,1890
4398,513,586,0,1099
4399,290,96,0,386
4400,432,714,0,1146
4401,844,496,0,1340
4402,238,241,0,479
4403,467,353,0,820
4404,526,78,0,604
4405,681,49,0,730
4406,78,885,0,963
4407,648,984,0,1632
4408,538,527,0,1065
4409,932,1,0,933
4410,955,782,0,1737
4411,530,298,0,828
4412,39,562,0,601
4413,198,980,0,1178
4414,181,121,0,302
4415,719,198,0,917
4416,746,761,0,1507
4417,79,402,0,481
4418,701,231,0,932
4419,981,596,0,1577
4420,723,17,0,740
4421,698,157,0,855
4422,845,635,0,1480
4423,129,337,0,466
4424,629,892,0,1521
4425,532,275,0,807
4426,958,391,0,1349
4427,680,527,0,1207
4428,421,847,0,1268
4429,346,22,0,368
4430,2,499,0,501
4431,687,796,0,1483
4432,533,85,0,618
4433,350,936,0,1286
4434,989,33,0,1022
4435,539,856,0,1395
4436,242,934,0,1176
4437,687,920,0,1607
4438,3,716,0,719
4439,386,248,0,634
4440,461,551,0,1012
4441,156,716,0,872
4442,353,557,0,910
4443,29,147,0,176
4444,908,838,0,1746
4445,799,847,0,1646
4446,444,567,0,1011
4447,761,388,0,1149
4448,287,461,0,748
4449,542,296,0,838
4450,780,713,0,1493
4451,220,213,0,433
4452,488,18,0,506
4453,426,568,0,994
4454,988,240,0,1228
4455,416,247,0,663
4456,348,42,0,390
4457,294,653,0,947
4458,125,123,0,248
4459,943,97,0,1040
4460,442,954,0,1396
4461,92,501,0,593
4462,728,723,0,1451
4463,265,714,0,979
4464,274,959,0,1233
4465,699,389,0,1088
4466,116,106,0,222
4467,98,631,0,729
4468,151,760,0,911
4469,758,180,0,938
4470,136,667,0,803
4471,338,864,0,1202
4472,216,400,0,616
4473,940,86,0,1026
4474,366,440,0,806
4475,314,850,0,1164
4476,635,445,0,1080
4477,891,181,0,1072
4478,998,299,0,1297
4479,242,332,0,574
4480,714,812,0,1526
4481,271,709,0,980
4482,519,795,0,1314
4483,441,65,0,506
4484,743,617,0,1360
4485,326,44,0,370
4486,686,17,0,703
4487,604,802,0,1406
4488,698,597,0,1295
4489,209,85,0,294
4490,568,518,0,1086
4491,889,229,0,1118
4492,367,18,0,385
4493,737,884,0,1621
4494,640,887,0,1527
4495,402,104,0,506
4496,527,882,0,1409
4497,180,435,0,615
4498,164,992,0,1156
4499,968,966,0,1934
4500,413,752,0,1165
4501,835,464,0,1299
4502,757,412,0,1169
4503,624,127,0,751
4504,104,766,0,870
4505,826,932,0,1758
4506,458,632,0,1090
4507,366,872,0,1238
4508,251,863,0,1114
4509,663,682,0,1345
4510,737,67,0,804
4511,97,661,0,758
4512,29,722,0,751
4513,329,311,0,640
4514,891,69,0,960
4515,118,598,0,716
4516,850,169,0,1019
4517,824,651,0,1475
4518,322,203,0,525
4519,738,87,0,825
4520,666,960,0,1626
4521,359,418,0,777
4522,82,32,0,114
4523,573,677,0,1250
4524,638,756,0,1394
4525,555,431,0,986
4526,805,549,0,1354
4527,285,487,0,772
4528,43,903,0,946
4529,65,824,0,889
4530,843,123,0,966
4531,56,467,0,523
4532,710,261,0,971
4533,790,945,0,1735
4534,895,590,0,1485
4535,806,938,0,1744
4536,274,754,0,1028
4537,67,488,0,555
4538,613,821,0,1434
4539,655,284,0,939
4540,347,750,0,1097
4541,273,138,0,411
4542,201,477,0,678
4543,304,504,0,808
4544,568,349,0,917
4545,918,822,0,1740
4546,753,94,0,847
4547,107,840,0,947
4548,624,461,0,1085
4549,57,745,0,802
4550,224,376,0,600
4551,603,142,0,745
4552,586,632,0,1218
4553,383,667,0,1050
4554,863,706,0,1569
4555,265,263,0,528
4556,734,158,0,892
4557,70,894,0,964
4558,83,787,0,870
4559,468,503,0,971
4560,146,702,0,848
4561,216,592,0,808
4562,784,536,0,1320
4563,771,446,0,1217
4564,572,770,0,1342
4565,629,967,0,1596
4566,426,994,0,1420
4567,33,827,0,860
4568,246,755,0,1001
4569,119,304,0,423
4570,87,89,0,176
4571,373,130,0,503
4572,62,629,0,691
4573,479,746,0,1225
4574,805,929,0,1734
4575,824,83,0,907
4576,950,304,0,1254
4577,14,826,0,840
4578,829,455,0,1284
4579,389,438,0,827
4580,244,88,0,332
4581,882,232,0,1114
4582,979,883,0,1862
4583,85,174,0,259
4584,332,381,0,713
4585,933,606,0,1539
4586,487,646,0,1133
4587,19,846,0,865
4588,95,667,0,762
4589,162,2,0,164
4590,303,446,0,749
4591,931,208,0,1139
4592,42,653,0,695
4593,322,976,0,1298
4594,529,328,0,857
4595,794,423,0,1217
4596,72,606,0,678
4597,301,177,0,478
4598,586,657,0,1243
4599,915,45,0,960
4600,70,210,0,280
4601,167,580,0,747
4602,390,920,0,1310
4603,906,106,0,1012
4604,612,48,0,660
4605,140,7,0,147
4606,795,368,0,1163
4607,765,452,0,1217
4608,279,709,0,988
4609,640,926,0,1566
4610,538,195,0,733
4611,701,404,0,1105
4612,129,698,0,827
4613,844,316,0,1160
4614,62,610,0,672
4615,183,572,0,755
4616,380,135,0,515
4617,497,888,0,1385
4618,282,498,0,780
4619,189,905,0,1094
4620,549,13,0,562
4621,671,885,0,1556
4622,479,585,0,1064
4623,980,829,0,1809
4624,297,928,0,1225
4625,85,417,0,502
4626,249,536,0,785
4627,728,121,0,849
4628,975,698,0,1673
4629,217,105,0,322
4630,332,100,0,432
4631,61,798,0,859
4632,486,444,0,930
4633,475,551,0,1026
4634,377,265,0,642
4635,914,178,0,1092
4636,453,395,0,848
4637,770,479,0,1249
4638,451,523,0,974
4639,629,198,0,827
4640,201,612,0,813
4641,255,955,0,1210
4642,29,505,0,534
4643,751,616,0,1367
4644,192,26,0,218
4645,12,481,0,493
4646,759,573,0,1332
4647,52,323,0,375
4648,719,552,0,1271
4649,117,718,0,835
4650,141,351,0,492
4651,673,308,0,981
4652,35,859,0,894
4653,323,151,0,474
4654,266,42,0,308
4655,746,392,0,1138
4656,162,13,0,175
4657,507,144,0,651
4658,649,703,0,1352
4659,421,758,0,1179
4660,284,426,0,710
4661,131,16,0,147
4662,889,567,0,1456
4663,335,386,0,721
4664,853,26,0,879
4665,253,768,0,1021
4666,425,742,0,1167
4667,353,59,0,412
4668,545,820,0,1365
4669,479,856,0,1335
4670,950,484,0,1434
4671,774,97,0,871
4672,905,722,0,1627
4673,450,699,0,1149
4674,953,735,0,1688
4675,680,577,0,1257
4676,249,543,0,792
4677,247,479,0,726
4678,206,351,0,557
4679,978,278,0,1256
4680,382,914,0,1296
4681,467,986,0,1453
4682,844,391,0,1235
4683,904,405,0,1309
4684,840,485,0,1325
4685,216,440,0,656
4686,339,987,0,1326
4687,149,954,0,1103
4688,740,838,0,1578
4689,330,986,0,1316
4690,27,559,0,586
4691,90,352,0,442
4692,880,562,0,1442
4693,113,387,0,500
4694,17,61,0,78
4695,415,375,0,790
4696,648,685,0,1333
4697,449,868,0,1317
4698,626,945,0,1571
4699,194,261,0,455
4700,936,503,0,1439
4701,757,713,0,1470
4702,572,433,0,1005
4703,538,719,0,1257
4704,573,667,0,1240
4705,436,215,0,651
4706,277,322,0,599
4707,216,576,0,792
4708,637,669,0,1306
4709,192,659,0,851
4710,520,68,0,588
4711,110,411,0,521
4712,965,110,0,1075
4713,86,964,0,1050
4714,708,312,0,1020
4715,153,357,0,510
4716,584,125,0,709
4717,77,223,0,300
4718,73,221,0,294
4719,317,74,0,391
4720,148,24,0,172
4721,343,446,0,789
4722,723,325,0,1048
4723,888,35,0,923
4724,630,976,0,1606
4725,228,531,0,759
4726,710,502,0,1212
4727,350,862,0,1212
4728,437,899,0,1336
4729,616,400,0,1016
4730,738,54,0,792
4731,934,987,0,1921
4732,489,527,0,1016
4733,7,472,0,479
4734,953,618,0,1571
4735,952,201,0,1153
4736,655,766,0,1421
4737,670,931,0,1601
4738,128,165,0,293
4739,605,664,0,1269
4740,586,456,0,1042
4741,667,188,0,855
4742,397,581,0,978
4743,662,609,0,1271
4744,570,947,0,1517
4745,315,553,0,868
4746,392,321,0,713
4747,863,959,0,1822
4748,487,214,0,701
4749,932,260,0,1192
4750,260,981,0,1241
4751,137,567,0,704
4752,428,398,0,826
4753,360,107,0,467
4754,588,523,0,1111
4755,791,214,0,1005
4756,834,392,0,1226
4757,990,330,0,1320
4758,522,637,0,1159
4759,366,97,0,463
4760,109,695,0,804
4761,897,608,0,1505
4762,525,296,0,821
4763,359,302,0,661
4764,613,278,0,891
4765,64,411,0,475
4766,912,379,0,1291
4767,874,684,0,1558
4768,297,550,0,847
4769,132,149,0,281
4770,57,578,0,635
4771,680,268,0,948
4772,461,754,0,1215
4773,182,986,0,1168
4774,270,861,0,1131
4775,688,641,0,1329
4776,669,886,0,1555
4777,944,457,0,1401
4778,337,138,0,475
4779,169,223,0,392
4780,391,820,0,1211
4781,579,847,0,1426
4782,583,40,0,623
4783,359,586,0,945
4784,840,742,0,1582
4785,668,140,0,808
4786,38,232,0,270
4787,585,545,0,1130
4788,240,74,0,314
4789,389,599,0,988
4790,551,813,0,1364
4791,324,862,0,1186
4792,384,644,0,1028
4793,454,805,0,1259
4794,442,953,0,1395
4795,579,50,0,629
4796,594,16,0,610
4797,792,706,0,1498
4798,330,242,0,572
4799,650,366,0,1016
4800,318,911,0,1229
4801,148,78,0,226
4802,223,663,0,886
4803,169,618,0,787
4804,808,985,0,1793
4805,601,51,0,652
4806,721,437,0,1158
4807,366,828,0,1194
4808,347,474,0,821
4809,606,8,0,614
4810,129,903,0,1032
4811,359,369,0,728
4812,126,402,0,528
4813,605,504,0,1109
4814,944,169,0,1113
4815,965,624,0,1589
4816,957,446,0,1403
4817,91,107,0,198
4818,106,68,0,174
4819,68,759,0,827
4820,848,170,0,1018
4821,399,946,0,1345
4822,708,645,0,1353
4823,540,690,0,1230
4824,287,655,0,942
4825,7,943,0,950
4826,821,416,0,1237
4827,257,731,0,988
4828,217,818,0,1035
4829,213,414,0,627
4830,766,96,0,862
4831,302,647,0,949
4832,467,305,0,772
4833,192,820,0,1012
4834,306,975,0,1281
4835,717,164,0,881
4836,128,814,0,942
4837,991,942,0,1933
4838,118,801,0,919
4839,392,508,0,900
4840,799,976,0,1775
4841,190,481,0,671
4842,107,107,0,214
4843,864,255,0,1119
4844,35,523,0,558
4845,417,740,0,1157
4846,962,311,0,1273
4847,41,810,0,851
4848,27,334,0,361
4849,344,46,0,390
4850,298,448,0,746
4851,731,577,0,1308
4852,316,416,0,732
4853,562,630,0,1192
4854,864,755,0,1619
4855,145,941,0,1086
4856,488,963,0,1451
4857,146,502,0,648
4858,924,967,0,1891
4859,252,894,0,1146
4860,802,79,0,881
4861,210,31,0,241
4862,676,812,0,1488
4863,211,773,0,984
4864,906,908,0,1814
4865,943,697,0,1640
4866,869,539,0,1408
4867,124,274,0,398
4868,912,776,0,1688
4869,836,257,0,1093
4870,100,884,0,984
4871,693,45,0,738
4872,94,61,0,155
4873,277,225,0,502
4874,836,273,0,1109
4875,871,338,0,1209
4876,795,538,0,1333
4877,199,45,0,244
4878,156,538,0,694
4879,288,222,0,510
4880,974,315,0,1289
4881,392,565,0,957
4882,937,782,0,1719
4883,249,306,0,555
4884,163,883,0,1046
4885,117,484,0,601
4886,806,740,0,1546
4887,107,680,0,787
4888,677,183,0,860
4889,705,263,0,968
4890,641,260,0,901
4891,333,867,0,1200
4892,40,450,0,490
4893,724,137,0,861
4894,274,907,0,1181
4895,708,351,0,1059
4896,848,562,0,1410
4897,246,573,0,819
4898,1000,284,0,1284
4899,912,56,0,968
4900,540,323,0,863
4901,126,459,0,585
4902,107,300,0,407
4903,551,246,0,797
4904,411,200,0,611
4905,831,47,0,878
4906,116,741,0,857
4907,351,729,0,1080
4908,251,572,0,823
4909,965,836,0,1801
4910,309,342,0,651
4911,484,504,0,988
4912,450,996,0,1446
4913,301,815,0,1116
4914,56,132,0,188
4915,288,315,0,603
4916,830,231,0,1061
4917,643,958,0,1601
4918,730,475,0,1205
4919,215,14,0,229
4920,491,63,0,554
4921,354,205,0,559
4922,184,502,0,686
4923,749,766,0,1515
4924,906,141,0,1047
4925,325,923,0,1248
4926,191,453,0,644
4927,556,456,0,1012
4928,878,571,0,1449
4929,774,847,0,1621
4930,263,10,0,273
4931,337,64,0,401
4932,367,69,0,436
4933,929,337,0,1266
4934,609,720,0,1329
4935,36,321,0,357
4936,255,333,0,588
4937,466,236,0,702
4938,810,824,0,1634
4939,753,89,0,842
4940,106,873,0,979
4941,308,357,0,665
4942,37,105,0,142
4943,178,900,0,1078
4944,512,41,0,553
4945,290,371,0,661
4946,814,388,0,1202
4947,321,454,0,775
4948,116,202,0,318
4949,390,92,0,482
4950,512,524,0,1036
4951,229,302,0,531
4952,557,661,0,1218
4953,975,674,0,1649
4954,981,434,0,1415
4955,169,423,0,592
4956,55,437,0,492
4957,890,628,0,1518
4958,786,196,0,982
4959,715,912,0,1627
4960,183,611,0,794
4961,350,305,0,655
4962,820,210,0,1030
4963,597,373,0,970
4964,236,749,0,985
4965,456,282,0,738
4966,137,26,0,163
4967,797,112,0,909
4968,172,329,0,501
4969,433,614,0,1047
4970,520,766,0,1286
4971,789,779,0,1568
4972,931,1000,0,1931
4973,684,160,0,844
4974,177,307,0,484
4975,8,599,0,607
4976,386,537,0,923
4977,217,951,0,1168
4978,707,677,0,1384
4979,91,421,0,512
4980,123,470,0,593
4981,980,409,0,1389
4982,66,284,0,350
4983,207,577,0,784
4984,87,355,0,442
4985,107,831,0,938
4986,36,784,0,820
4987,232,1000,0,1232
4988,258,920,0,1178
4989,93,499,0,592
4990,70,98,0,168
4991,357,187,0,544
4992,871,849,0,1720
4993,872,433,0,1305
4994,406,904,0,1310
4995,368,939,0,1307
4996,348,102,0,450
4997,779,995,0,1774
4998,365,75,0,440
4999,650,880,0,1530
5000,822,223,0,1045
5001,943,167,0,1110
5002,44,250,0,294
5003,851,647,0,1498
5004,141,612,0,753
5005,266,155,0,421
5006,382,674,0,1056
5007,509,650,0,1159
5008,604,956,0,1560
5009,987,259,0,1246
5010,625,34,0,659
5011,153,391,0,544
5012,904,141,0,1045
5013,73,714,0,787
5014,530,369,0,899
5015,230,260,0,490
5016,772,709,0,1481
5017,191,754,0,945
5018,848,618,0,1466
5019,665,796,0,1461
5020,820,684,0,1504
5021,541,37,0,578
5022,150,867,0,1017
5023,967,608,0,1575
5024,132,137,0,269
5025,693,912,0,1605
5026,14,881,0,895
5027,519,808,0,1327
5028,501,679,0,1180
5029,843,53,0,896
5030,134,828,0,962
5031,915,685,0,1600
5032,560,624,0,1184
5033,887,564,0,1451
5034,127,522,0,649
5035,210,61,0,271
5036,652,495,0,1147
5037,720,303,0,1023
5038,617,30,0,647
5039,896,514,0,1410
5040,377,910,0,1287
5041,371,271,0,642
5042,479,968,0,1447
5043,18,461,0,479
5044,619,59,0,678
5045,521,768,0,1289
5046,225,672,0,897
5047,709,923,0,1632
5048,878,243,0,1121
5049,206,542,0,748
5050,161,393,0,554
5051,144,477,0,621
5052,575,549,0,1124
5053,972,725,0,1697
5054,761,82,0,843
5055,569,208,0,777
5056,228,501,0,729
5057,640,711,0,1351
5058,133,500,0,633
5059,732,463,0,1195
5060,129,755,0,884
5061,826,249,0,1075
5062,567,468,0,1035
5063,951,984,0,1935
5064,372,54,0,426
5065,89,306,0,395
5066,483,862,0,1345
5067,95,257,0,352
5068,784,764,0,1548
5069,262,152,0,414
5070,1000,421,0,1421
5071,500,192,0,692
5072,34,310,0,344
5073,391,261,0,652
5074,459,942,0,1401
5075,33,676,0,709
5076,137,463,0,600
5077,401,121,0,522
5078,61,510,0,571
5079,509,714,0,1223
5080,694,957,0,1651
5081,859,133,0,992
5082,134,859,0,993
5083,854,839,0,1693
5084,638,279,0,917
5085,883,275,0,1158
5086,88,556,0,644
5087,838,605,0,1443
5088,270,151,0,421
5089,950,364,0,1314
5090,164,435,0,599
5091,774,568,0,1342
5092,548,526,0,1074
5093,252,457,0,709
5094,430,247,0,677
5095,42,220,0,262
5096,30,222,0,252
5097,621,294,0,915
5098,342,468,0,810
5099,95,246,0,341
5100,793,243,0,1036
5101,817,610,0,1427
5102,653,564,0,1217
5103,782,39,0,821
5104,233,944,0,1177
5105,110,990,0,1100
5106,857,929,0,1786
5107,783,41,0,824
5108,693,17,0,710
5109,908,181,0,1089
5110,597,709,0,1306
5111,936,957,0,1893
5112,553,259,0,812
5113,83,234,0,317
5114,626,460,0,1086
5115,148,577,0,725
5116,799,283,0,1082
5117,939,793,0,1732
5118,561,181,0,742
5119,704,778,0,1482
5120,648,316,0,964
5121,405,535,0,940
5122,18,676,0,694
5123,528,589,0,1117
5124,101,172,0,273
5125,725,511,0,1236
5126,842,402,0,1244
5127,226,169,0,395
5128,189,990,0,1179
5129,380,577,0,957
5130,585,848,0,1433
5131,853,857,0,1710
5132,449,910,0,1359
5133,55,437,0,492
5134,297,776,0,1073
5135,736,170,0,906
5136,545,986,0,1531
5137,951,913,0,1864
5138,266,749,0,1015
5139,408,974,0,1382
5140,517,345,0,862
5141,948,766,0,1714
5142,811,17,0,828
5143,280,342,0,622
5144,59,224,0,283
5145,520,925,0,1445
5146,463,761,0,1224
5147,865,17,0,882
5148,565,924,0,1489
5149,279,894,0,1173
5150,555,321,0,876
5151,952,588,0,1540
5152,797,451,0,1248
5153,683,219,0,902
5154,834,708,0,1542
5155,522,922,0,1444
5156,671,268,0,939
5157,55,321,0,376
5158,904,211,0,1115
5159,269,799,0,1068
5160,205,848,0,1053
5161,715,203,0,918
5162,335,587,0,922
5163,615,812,0,1427
5164,623,651,0,1274
5165,142,800,0,942
5166,349,719,0,1068
5167,300,699,0,999
5168,206,359,0,565
5169,800,754,0,1554
5170,477,824,0,1301
5171,590,359,0,949
5172,618,665,0,1283
5173,827,417,0,1244
5174,47,830,0,877
5175,1,537,0,538
5176,408,203,0,611
5177,514,719,0,1233
5178,410,602,0,1012
5179,49,248,0,297
5180,433,21,0,454
5181,841,769,0,1610
5182,144,962,0,1106
5183,384,650,0,1034
5184,669,978,0,1647
5185,561,119,0,680
5186,226,116,0,342
5187,190,908,0,1098
5188,420,422,0,842
5189,387,64,0,451
5190,288,317,0,605
5191,638,343,0,981
5192,793,75,0,868
5193,447,558,0,1005
5194,492,445,0,937
5195,602,155,0,757
5196,892,613,0,1505
5197,173,85,0,258
5198,38,60,0,98
5199,957,130,0,1087
5200,437,890,0,1327
5201,686,494,0,1180
5202,825,553,0,1378
5203,151,839,0,990
5204,444,806,0,1250
5205,416,808,0,1224
5206,577,168,0,745
5207,787,235,0,1022
5208,584,568,0,1152
5209,129,81,0,210
5210,768,879,0,1647
5211,82,919,0,1001
5212,45,309,0,354
5213,117,731,0,848
5214,46,588,0,634
5215,339,212,0,551
5216,584,15,0,599
5217,776,312,0,1088
5218,589,604,0,1193
5219,793,669,0,1462
5220,255,63,0,318
5221,886,243,0,1129
5222,148,596,0,744
5223,976,272,0,1248
5224,663,879,0,1542
5225,657,291,0,948
5226,891,863,0,1754
5227,159,388,0,547
5228,243,537,0,780
5229,757,13,0,770
5230,820,368,0,1188
5231,642,160,0,802
5232,399,598,0,997
5233,307,350,0,657
5234,400,913,0,1313
5235,892,275,0,1167
5236,982,433,0,1415
5237,937,834,0,1771
5238,494,183,0,677
5239,734,24,0,758
5240,177,933,0,1110
5241,990,723,0,1713
5242,229,696,0,925
5243,323,117,0,440
5244,950,574,0,1524
5245,883,642,0,1525
5246,707,393,0,1100
5247,576,497,0,1073
5248,690,831,0,1521
5249,742,419,0,1161
5250,950,569,0,1519
5251,922,536,0,1458
5252,167,324,0,491
5253,910,267,0,1177
5254,569,41,0,610
5255,284,984,0,1268
5256,747,448,0,1195
5257,641,337,0,978
5258,818,562,0,1380
5259,952,302,0,1254
5260,889,653,0,1542
5261,794,891,0,1685
5262,714,946,0,1660
5263,465,639,0,1104
5264,818,733,0,1551
5265,978,69,0,1047
5266,782,122,0,904
5267,57,706,0,763
5268,884,820,0,1704
5269,223,176,0,399
5270,359,952,0,1311
5271,320,773,0,1093
5272,174,724,0,898
5273,166,846,0,1012
5274,885,49,0,934
5275,173,437,0,610
5276,788,188,0,976
5277,492,149,0,641
5278,716,619,0,1335
5279,656,887,0,1543
5280,264,786,0,1050
5281,608,39,0,647
5282,604,559,0,1163
5283,674,714,0,1388
5284,782,80,0,862
5285,700,922,0,1622
5286,321,493,0,814
5287,466,800,0,1266
5288,382,72,0,454
5289,331,472,0,803
5290,968,762,0,1730
5291,981,1000,0,1981
5292,413,731,0,1144
5293,370,727,0,1097
5294,570,963,0,1533
5295,840,914,0,1754
5296,735,168,0,903
5297,311,957,0,1268
5298,378,353,0,731
5299,266,463,0,729
5300,812,495,0,1307
5301,118,592,0,710
5302,32,210,0,242
5303,443,420,0,863
5304,460,722,0,1182
5305,622,858,0,1480
5306,183,194,0,377
5307,455,75,0,530
5308,745,221,0,966
5309,619,991,0,1610
5310,995,425,0,1420
5311,775,625,0,1400
5312,568,92,0,660
5313,312,430,0,742
5314,108,437,0,545
5315,697,801,0,1498
5316,287,515,0,802
5317,251,595,0,846
5318,684,769,0,1453
5319,81,821,0,902
5320,249,802,0,1051
5321,405,754,0,1159
5322,873,823,0,1696
5323,186,957,0,1143
5324,735,957,0,1692
5325,122,5,0,127
5326,263,42,0,305
5327,421,424,0,845
5328,131,435,0,566
5329,133,751,0,884
5330,498,781,0,1279
5331,5,269,0,274
5332,449,855,0,1304
5333,162,694,0,856
5334,619,372,0,991
5335,364,103,0,467
5336,615,571,0,1186
5337,931,708,0,1639
5338,137,110,0,247
5339,316,771,0,1087
5340,646,395,0,1041
5341,143,415,0,558
5342,552,725,0,1277
5343,33,915,0,948
5344,853,278,0,1131
5345,362,576,0,938
5346,504,102,0,606
5347,880,105,0,985
5348,478,912,0,1390
5349,634,314,0,948
5350,646,253,0,899
5351,211,14,0,225
5352,586,342,0,928
5353,698,297,0,995
5354,506,831,0,1337
5355,401,338,0,739
5356,741,689,0,1430
5357,606,184,0,790
5358,566,546,0,1112
5359,910,470,0,1380
5360,832,106,0,938
5361,630,337,0,967
5362,956,615,0,1571
5363,695,345,0,1040
5364,733,440,0,1173
5365,203,745,0,948
5366,526,172,0,698
5367,988,654,0,1642
5368,171,466,0,637
5369,427,135,0,562
5370,310,965,0,1275
5371,836,977,0,1813
5372,993,453,0,1446
5373,335,687,0,1022
5374,962,80,0,1042
5375,87,85,0,172
5376,552,231,0,783
5377,283,933,0,1216
5378,50,255,0,305
5379,322,360,0,682
5380,615,335,0,950
5381,685,758,0,1443
5382,486,640,0,1126
5383,715,15,0,730
5384,252,79,0,331
5385,662,852,0,1514
5386,41,56,0,97
5387,567,579,0,1146
5388,224,975,0,1199
5389,132,538,0,670
5390,392,452,0,844
5391,643,101,0,744
5392,754,540,0,1294
5393,23,381,0,404
5394,415,565,0,980
5395,210,160,0,370
5396,235,996,0,1231
5397,242,555,0,797
5398,269,851,0,1120
5399,415,930,0,1345
5400,120,187,0,307
5401,988,94,0,1082
5402,254,302,0,556
5403,353,248,0,601
5404,902,646,0,1548
5405,717,838,0,1555
5406,425,121,0,546
5407,237,750,0,987
5408,668,856,0,1524
5409,612,767,0,1379
5410,913,774,0,1687
5411,885,385,0,1270
5412,879,970,0,1849
5413,834,662,0,1496
5414,209,288,0,497
5415,284,190,0,474
5416,204,639,0,843
5417,618,549,0,1167
5418,883,373,0,1256
5419,736,850,0,1586
5420,577,803,0,1380
5421,635,545,0,1180
5422,720,296,0,1016
5423,793,716,0,1509
5424,282,713,0,995
5425,387,550,0,937
5426,634,896,0,1530
5427,89,913,0,1002
5428,908,316,0,1224
5429,819,896,0,1715
5430,682,397,0,1079
5431,111,638,0,749
5432,418,247,0,665
5433,552,520,0,1072
5434,607,249,0,856
5435,707,299,0,1006
5436,997,410,0,1407
5437,792,639,0,1431
5438,805,207,0,1012
5439,134,45,0,179
5440,741,830,0,1571
5441,203,434,0,637
5442,240,968,0,1208
5443,589,461,0,1050
5444,623,593,0,1216
5445,865,747,0,1612
5446,529,441,0,970
5447,78,414,0,492
5448,765,74,0,839
5449,155,841,0,996
5450,120,713,0,833
5451,89,352,0,441
5452,295,945,0,1240
5453,261,329,0,590
5454,634,518,0,1152
5455,558,898,0,1456
5456,355,601,0,956
5457,241,97,0,338
5458,915,733,0,1648
5459,591,44,0,635
5460,496,765,0,1261
5461,254,68,0,322
5462,498,786,0,1284
5463,193,52,0,245
5464,322,806,0,1128
5465,292,62,0,354
5466,211,65,0,276
5467,624,963,0,1587
5468,650,744,0,1394
5469,28,84,0,112
5470,946,464,0,1410
5471,135,629,0,764
5472,117,948,0,1065
5473,194,17,0,211
5474,620,648,0,1268
5475,787,375,0,1162
5476,538,361,0,899
5477,918,717,0,1635
5478,33,225,0,258
5479,131,330,0,461
5480,618,396,0,1014
5481,585,697,0,1282
5482,65,607,0,672
5483,27,679,0,706
5484,649,243,0,892
5485,300,304,0,604
5486,320,566,0,886
5487,512,521,0,1033
5488,559,517,0,1076
5489,764,909,0,1673
5490,686,941,0,1627
5491,355,393,0,748
5492,460,81,0,541
5493,589,991,0,1580
5494,924,655,0,1579
5495,633,401,0,1034
5496,130,326,0,456
5497,617,106,0,723
5498,198,104,0,302
5499,115,145,0,260
5500,135,572,0,707
5501,659,471,0,1130
5502,403,57,0,460
5503,841,324,0,1165
5504,241,373,0,614
5505,444,200,0,644
5506,938,539,0,1477
5507,700,262,0,962
5508,506,535,0,1041
5509,382,835,0,1217
5510,405,14,0,419
5511,671,79,0,750
5512,600,874,0,1474
5513,158,805,0,963
5514,210,875,0,1085
5515,52,483,0,535
5516,884,970,0,1854
5517,404,32,0,436
5518,291,638,0,929
5519,576,396,0,972
5520,213,610,0,823
5521,271,711,0,982
5522,354,936,0,1290
5523,283,713,0,996
5524,716,70,0,786
5525,481,904,0,1385
5526,514,772,0,1286
5527,509,769,0,1278
5528,91,299,0,390
5529,519,408,0,927
5530,436,571,0,1007
5531,117,640,0,757
5532,261,518,0,779
5533,973,26,0,999
5534,915,436,0,1351
5535,732,599,0,1331
5536,234,610,0,844
5537,275,688,0,963
5538,614,20,0,634
5539,806,207,0,1013
5540,259,332,0,591
5541,762,667,0,1429
5542,388,711,0,1099
5543,643,447,0,1090
5544,553,323,0,876
5545,204,787,0,991
5546,585,0,0,585
5547,893,1,0,894
5548,14,233,0,247
5549,482,551,0,1033
5550,326,210,0,536
5551,214,879,0,1093
5552,443,30,0,473
5553,68,667,0,735
5554,812,432,0,1244
5555,915,260,0,1175
5556,285,23,0,308
5557,489,637,0,1126
5558,381,260,0,641
5559,69,310,0,379
5560,154,965,0,1119
5561,694,66,0,760
5562,33,686,0,719
5563,773,628,0,1401
5564,530,158,0,688
5565,680,608,0,1288
5566,908,897,0,1805
5567,630,948,0,1578
5568,7,267,0,274
5569,448,4,0,452
5570,329,179,0,508
5571,435,273,0,708
5572,700,595,0,1295
5573,759,946,0,1705
5574,523,358,0,881
5575,655,873,0,1528
5576,483,171,0,654
5577,351,126,0,477
5578,638,770,0,1408
5579,396,228,0,624
5580,365,343,0,708
5581,50,679,0,729
5582,682,623,0,1305
5583,611,81,0,692
5584,478,940,0,1418
5585,601,286,0,887
5586,293,960,0,1253
5587,871,566,0,1437
5588,300,896,0,1196
5589,137,751,0,888
5590,941,458,0,1399
5591,672,694,0,1366
5592,27,589,0,616
5593,270,995,0,1265
5594,330,822,0,1152
5595,804,491,0,1295
5596,413,822,0,1235
5597,44,235,0,279
5598,946,991,0,1937
5599,357,232,0,589
5600,231,379,0,610
5601,925,27,0,952
5602,354,34,0,388
5603,308,387,0,695
5604,825,265,0,1090
5605,600,897,0,1497
5606,779,850,0,1629
5607,401,829,0,1230
5608,684,849,0,1533
5609,29,148,0,177
5610,81,900,0,981
5611,291,583,0,874
5612,925,215,0,1140
5613,293,853,0,1146
5614,963,104,0,1067
5615,560,890,0,1450
5616,779,421,0,1200
5617,866,444,0,1310
5618,199,917,0,1116
5619,946,822,0,1768
5620,657,190,0,847
5621,769,206,0,975
5622,640,919,0,1559
5623,700,208,0,908
5624,777,619,0,1396
5625,323,901,0,1224
5626,502,923,0,1425
5627,103,889,0,992
5628,306,457,0,763
5629,364,843,0,1207
5630,425,13,0,438
5631,214,958,0,1172
5632,522,737,0,1259
5633,563,159,0,722
5634,374,589,0,963
5635,510,625,0,1135
5636,290,683,0,973
5637,870,787,0,1657
5638,959,1000,0,1959
5639,848,423,0,1271
5640,282,966,0,1248
5641,746,287,0,1033
5642,955,641,0,1596
5643,466,844,0,1310
5644,262,471,0,733
5645,89,443,0,532
5646,266,131,0,397
5647,311,376,0,687
5648,951,144,0,1095
5649,487,25,0,512
5650,630,339,0,969
5651,527,173,0,700
5652,858,781,0,1639
5653,863,27,0,890
5654,780,35,0,815
5655,103,248,0,351
5656,923,337,0,1260
5657,477,576,0,1053
5658,889,349,0,1238
5659,938,546,0,1484
5660,450,418,0,868
5661,687,245,0,932
5662,83,338,0,421
5663,1,17,0,18
5664,358,271,0,629
5665,854,956,0,1810
5666,815,369,0,1184
5667,140,712,0,852
5668,419,618,0,1037
5669,837,377,0,1214
5670,149,485,0,634
5671,177,848,0,1025
5672,330,152,0,482
5673,276,868,0,1144
5674,806,730,0,1536
5675,324,608,0,932
5676,448,794,0,1242
5677,621,750,0,1371
5678,26,551,0,577
5679,622,998,0,1620
5680,134,911,0,1045
5681,769,329,0,1098
5682,547,767,0,1314
5683,316,600,0,916
5684,200,701,0,901
5685,773,454,0,1227
5686,338,144,0,482
5687,603,730,0,1333
5688,98,439,0,537
5689,843,531,0,1374
5690,531,666,0,1197
5691,820,305,0,1125
5692,913,440,0,1353
5693,591,781,0,1372
5694,55,361,0,416
5695,640,500,0,1140
5696,952,80,0,1032
5697,688,995,0,1683
5698,641,379,0,1020
5699,444,31,0,475
5700,935,299,0,1234
5701,758,657,0,1415
5702,267,71,0,338
5703,124,217,0,341
5704,113,84,0,197
5705,181,835,0,1016
5706,653,449,0,1102
5707,67,711,0,778
5708,575,676,0,1251
5709,196,208,0,404
5710,616,116,0,732
5711,236,491,0,727
5712,894,221,0,1115
5713,84,809,0,893
5714,59,820,0,879
5715,345,24,0,369
5716,361,594,0,955
5717,151,454,0,605
5718,282,495,0,777
5719,352,854,0,1206
5720,982,886,0,1868
5721,393,674,0,1067
5722,338,109,0,447
5723,754,293,0,1047
5724,708,713,0,1421
5725,433,769,0,1202
5726,950,910,0,1860
5727,554,810,0,1364
5728,308,978,0,1286
5729,596,491,0,1087
5730,646,78,0,724
5731,267,651,0,918
5732,330,432,0,762
5733,837,130,0,967
5734,649,725,0,1374
5735,48,81,0,129
5736,858,991,0,1849
5737,758,641,0,1399
5738,803,540,0,1343
5739,118,591,0,709
5740,580,589,0,1169
5741,483,589,0,1072
5742,927,580,0,1507
5743,427,512,0,939
5744,372,607,0,979
5745,724,85,0,809
5746,730,123,0,853
5747,199,960,0,1159
5748,857,683,0,1540
5749,789,496,0,1285
5750,269,235,0,504
5751,419,736,0,1155
5752,446,572,0,1018
5753,304,798,0,1102
5754,878,459,0,1337
5755,632,849,0,1481
5756,844,296,0,1140
5757,155,85,0,240
5758,967,567,0,1534
5759,587,144,0,731
5760,164,961,0,1125
5761,239,307,0,546
5762,506,704,0,1210
5763,492,835,0,1327
5764,361,445,0,806
5765,123,269,0,392
5766,999,75,0,1074
5767,45,996,0,1041
5768,810,427,0,1237
5769,219,592,0,811
5770,420,989,0,1409
5771,18,264,0,282
5772,47,804,0,851
5773,468,522,0,990
5774,223,264,0,487
5775,214,537,0,751
5776,949,289,0,1238
5777,314,363,0,677
5778,94,441,0,535
5779,230,417,0,647
5780,518,996,0,1514
5781,705,850,0,1555
5782,683,393,0,1076
5783,718,327,0,1045
5784,900,897,0,1797
5785,537,667,0,1204
5786,675,684,0,1359
5787,934,671,0,1605
5788,810,140,0,950
5789,539,258,0,797
5790,873,687,0,1560
5791,103,312,0,415
5792,171,236,0,407
5793,280,511,0,791
5794,754,630,0,1384
5795,541,739,0,1280
5796,987,12,0,999
5797,38,537,0,575
5798,182,731,0,913
5799,272,768,0,1040
5800,90,871,0,961
5801,402,555,0,957
5802,946,316,0,1262
5803,332,764,0,1096
5804,251,412,0,663
5805,422,556,0,978
5806,346,588,0,934
5807,935,425,0,1360
5808,856,774,0,1630
5809,752,929,0,1681
5810,187,787,0,974
5811,159,183,0,342
5812,743,366,0,1109
5813,129,704,0,833
5814,452,802,0,1254
5815,826,769,0,1595
5816,321,988,0,1309
5817,541,519,0,1060
5818,108,824,0,932
5819,81,602,0,683
5820,858,98,0,956
5821,74,841,0,915
5822,523,831,0,1354
5823,654,11,0,665
5824,891,227,0,1118
5825,484,592,0,1076
5826,589,466,0,1055
5827,639,357,0,996
5828,57,814,0,871
5829,262,869,0,1131
5830,777,137,0,914
5831,296,180,0,476
5832,653,149,0,802
5833,531,0,0,531
5834,553,299,0,852
5835,678,897,0,1575
5836,310,167,0,477
5837,356,939,0,1295
5838,673,734,0,1407
5839,72,790,0,862
5840,869,476,0,1345
5841,908,336,0,1244
5842,44,137,0,181
5843,568,777,0,1345
5844,170,681,0,851
5845,235,855,0,1090
5846,559,727,0,1286
5847,890,613,0,1503
5848,132,766,0,898
5849,366,954,0,1320
5850,666,34,0,700
5851,390,611,0,1001
5852,749,229,0,978
5853,745,54,0,799
5854,414,308,0,722
5855,432,87,0,519
5856,766,979,0,1745
5857,372,769,0,1141
5858,671,766,0,1437
5859,941,710,0,1651
5860,131,724,0,855
5861,279,745,0,1024
5862,635,849,0,1484
5863,698,939,0,1637
5864,31,817,0,848
5865,737,362,0,1099
5866,119,432,0,551
5867,659,348,0,1007
5868,354,811,0,1165
5869,387,211,0,598
5870,937,606,0,1543
5871,817,19,0,836
5872,690,754,0,1444
5873,973,383,0,1356
5874,146,75,0,221
5875,844,688,0,1532
5876,709,16,0,725
5877,456,839,0,1295
5878,717,628,0,1345
5879,959,334,0,1293
5880,985,354,0,1339
5881,519,852,0,1371
5882,743,835,0,1578
5883,24,84,0,108
5884,84,835,0,919
5885,859,619,0,1478
5886,169,867,0,1036
5887,571,627,0,1198
5888,305,845,0,1150
5889,368,387,0,755
5890,718,259,0,977
5891,558,844,0,1402
5892,456,626,0,1082
5893,985,405,0,1390
5894,706,723,0,1429
5895,704,980,0,1684
5896,299,805,0,1104
5897,960,81,0,1041
5898,871,185,0,1056
5899,821,211,0,1032
5900,533,812,0,1345
5901,867,685,0,1552
5902,691,19,0,710
5903,864,955,0,1819
5904,143,627,0,770
5905,479,56,0,535
5906,134,163,0,297
5907,49,63,0,112
5908,8,148,0,156
5909,967,826,0,1793
5910,282,630,0,912
5911,905,810,0,1715
5912,64,395,0,459
5913,141,886,0,1027
5914,56,790,0,846
5915,215,725,0,940
5916,427,205,0,632
5917,432,899,0,1331
5918,555,16,0,571
5919,628,431,0,1059
5920,862,832,0,1694
5921,166,235,0,401
5922,202,672,0,874
5923,155,833,0,988
5924,855,635,0,1490
5925,458,680,0,1138
5926,679,441,0,1120
5927,145,74,0,219
5928,559,533,0,1092
5929,849,182,0,1031
5930,698,496,0,1194
5931,275,183,0,458
5932,350,492,0,842
5933,36,417,0,453
5934,54,391,0,445
5935,89,733,0,822
5936,52,958,0,1010
5937,918,371,0,1289
5938,523,374,0,897
5939,413,875,0,1288
5940,664,899,0,1563
5941,324,148,0,472
5942,56,926,0,982
5943,458,820,0,1278
5944,22,818,0,840
5945,707,854,0,1561
5946,94,566,0,660
5947,147,695,0,842
5948,19,131,0,150
5949,873,469,0,1342
5950,462,593,0,1055
5951,23,995,0,1018
5952,796,827,0,1623
5953,870,979,0,1849
5954,593,498,0,1091
5955,855,946,0,1801
5956,453,291,0,744
5957,201,58,0,259
5958,654,906,0,1560
5959,830,48,0,878
5960,476,769,0,1245
5961,169,983,0,1152
5962,563,247,0,810
5963,515,987,0,1502
5964,462,495,0,957
5965,35,36,0,71
5966,640,734,0,1374
5967,61,428,0,489
5968,126,849,0,975
5969,394,466,0,860
5970,78,644,0,722
5971,441,328,0,769
5972,443,348,0,791
5973,736,769,0,1505
5974,596,364,0,960
5975,220,944,0,1164
5976,893,865,0,1758
5977,783,17,0,800
5978,1,238,0,239
5979,166,224,0,390
5980,450,183,0,633
5981,855,83,0,938
5982,545,419,0,964
5983,666,239,0,905
5984,691,494,0,1185
5985,494,685,0,1179
5986,283,473,0,756
5987,998,570,0,1568
5988,658,948,0,1606
5989,291,952,0,1243
5990,377,940,0,1317
5991,473,507,0,980
5992,148,755,0,903
5993,602,992,0,1594
5994,321,547,0,868
5995,833,855,0,1688
5996,793,338,0,1131
5997,566,482,0,1048
5998,618,607,0,1225
5999,204,512,0,716
6000,584,544,0,1128
6001,277,477,0,754
6002,998,800,0,1798
6003,345,501,0,846
6004,575,306,0,881
6005,152,807,0,959
6006,856,639,0,1495
6007,859,988,0,1847
6008,669,883,0,1552
6009,687,12,0,699
6010,197,920,0,1117
6011,884,390,0,1274
6012,260,201,0,461
6013,937,730,0,1667
6014,541,528,0,1069
6015,959,17,0,976
6016,414,29,0,443
6017,91,636,0,727
6018,688,947,0,1635
6019,204,847,0,1051
6020,197,348,0,545
6021,884,853,0,1737
6022,716,675,0,1391
6023,162,434,0,596
6024,71,771,0,842
6025,81,478,0,559
6026,423,780,0,1203
6027,871,891,0,1762
6028,777,926,0,1703
6029,164,670,0,834
6030,658,663,0,1321
6031,629,625,0,1254
6032,834,671,0,1505
6033,572,99,0,671
6034,518,117,0,635
6035,331,146,0,477
6036,252,861,0,1113
6037,280,892,0,1172
6038,596,860,0,1456
6039,348,460,0,808
6040,219,605,0,824
6041,448,606,0,1054
6042,303,396,0,699
6043,766,274,0,1040
6044,65,741,0,806
6045,532,476,0,1008
6046,89,679,0,768
6047,109,108,0,217
6048,735,51,0,786
6049,991,971,0,1962
6050,574,901,0,1475
6051,679,142,0,821
6052,914,232,0,1146
6053,803,341,0,1144
6054,97,2,0,99
6055,187,69,0,256
6056,627,707,0,1334
6057,882,576,0,1458
6058,746,166,0,912
6059,636,460,0,1096
6060,277,350,0,627
6061,265,80,0,345
6062,744,497,0,1241
6063,317,307,0,624
6064,513,174,0,687
6065,802,740,0,1542
6066,821,749,0,1570
6067,254,637,0,891
6068,13,944,0,957
6069,16,769,0,785
6070,698,230,0,928
6071,367,134,0,501
6072,517,999,0,1516
6073,65,399,0,464
6074,434,452,0,886
6075,194,107,0,301
6076,298,624,0,922
6077,292,882,0,1174
6078,237,875,0,1112
6079,394,823,0,1217
6080,219,1000,0,1219
6081,351,873,0,1224
6082,424,292,0,716
6083,38,88,0,126
6084,643,26,0,669
6085,919,684,0,1603
6086,553,714,0,1267
6087,934,369,0,1303
6088,943,24,0,967
6089,341,564,0,905
6090,637,699,0,1336
6091,876,138,0,1014
6092,741,744,0,1485
6093,858,25,0,883
6094,87,880,0,967
6095,69,640,0,709
6096,493,978,0,1471
6097,193,223,0,416
6098,0,819,0,819
6099,223,844,0,1067
6100,319,737,0,1056
6101,646,434,0,1080
6102,262,98,0,360
6103,310,845,0,1155
6104,383,223,0,606
6105,569,921,0,1490
6106,988,613,0,1601
6107,679,664,0,1343
6108,833,721,0,1554
6109,702,668,0,1370
6110,328,644,0,972
6111,262,460,0,722
6112,18,248,0,266
6113,940,655,0,1595
6114,321,273,0,594
6115,68,50,0,118
6116,2,752,0,754
6117,313,828,0,1141
6118,427,398,0,825
6119,406,630,0,1036
6120,943,725,0,1668
6121,515,455,0,970
6122,547,909,0,1456
6123,58,703,0,761
6124,108,851,0,959
6125,166,76,0,242
6126,375,709,0,1084
6127,336,558,0,894
6128,268,44,0,312
6129,389,429,0,818
6130,697,691,0,1388
6131,791,151,0,942
6132,467,928,0,1395
6133,831,960,0,1791
6134,837,94,0,931
6135,993,464,0,1457
6136,988,344,0,1332
6137,978,559,0,1537
6138,387,329,0,716
6139,894,172,0,1066
6140,782,853,0,1635
6141,142,787,0,929
6142,383,107,0,490
6143,688,935,0,1623
6144,789,581,0,1370
6145,841,297,0,1138
6146,626,333,0,959
6147,739,223,0,962
6148,160,255,0,415
6149,472,249,0,721
6150,354,593,0,947
6151,843,408,0,1251
6152,3,674,0,677
6153,30,919,0,949
6154,364,368,0,732
6155,561,861,0,1422
6156,609,468,0,1077
6157,707,127,0,834
6158,479,335,0,814
6159,164,507,0,671
6160,47,130,0,177
6161,159,241,0,400
6162,902,759,0,1661
6163,699,992,0,1691
6164,538,836,0,1374
6165,696,43,0,739
6166,635,21,0,656
6167,338,786,0,1124
6168,610,287,0,897
6169,396,792,0,1188
6170,350,300,0,650
6171,177,208,0,385
6172,494,121,0,615
6173,589,813,0,1402
6174,99,610,0,709
6175,923,377,0,1300
6176,791,98,0,889
6177,348,620,0,968
6178,273,56,0,329
6179,542,83,0,625
6180,83,162,0,245
6181,924,33,0,957
6182,358,608,0,966
6183,39,763,0,802
6184,523,919,0,1442
6185,246,909,0,1155
6186,914,156,0,1070
6187,995,287,0,1282
6188,513,51,0,564
6189,400,63,0,463
6190,97,63,0,160
6191,466,654,0,1120
6192,676,473,0,1149
6193,597,582,0,1179
6194,65,150,0,215
6195,920,200,0,1120
6196,140,198,0,338
6197,397,817,0,1214
6198,559,95,0,654
6199,99,810,0,909
6200,693,810,0,1503
6201,383,152,0,535
6202,441,6,0,447
6203,170,173,0,343
6204,674,414,0,1088
6205,936,374,0,1310
6206,917,581,0,1498
6207,511,107,0,618
6208,78,228,0,306
6209,892,961,0,1853
6210,195,514,0,709
6211,117,54,0,171
6212,139,582,0,721
6213,643,218,0,861
6214,773,13,0,786
6215,269,588,0,857
6216,402,453,0,855
6217,409,548,0,957
6218,439,592,0,1031
6219,117,336,0,453
6220,502,919,0,1421
6221,995,737,0,1732
6222,64,367,0,431
6223,146,297,0,443
6224,511,586,0,1097
6225,314,321,0,635
6226,967,473,0,1440
6227,849,954,0,1803
6228,394,538,0,932
6229,995,388,0,1383
6230,986,732,0,1718
6231,112,803,0,915
6232,381,260,0,641
6233,613,281,0,894
6234,322,269,0,591
6235,841,826,0,1667
6236,911,89,0,1000
6237,994,955,0,1949
6238,451,292,0,743
6239,485,531,0,1016
6240,108,183,0,291
6241,714,5,0,719
6242,449,875,0,1324
6243,900,780,0,1680
6244,864,178,0,1042
6245,499,692,0,1191
6246,905,714,0,1619
6247,138,586,0,724
6248,999,357,0,1356
6249,611,64,0,675
6250,466,715,0,1181
6251,928,153,0,1081
6252,719,708,0,1427
6253,391,870,0,1261
6254,353,162,0,515
6255,298,691,0,989
6256,677,598,0,1275
6257,125,292,0,417
6258,701,526,0,1227
6259,943,209,0,1152
6260,112,52,0,164
6261,691,597,0,1288
6262,423,804,0,1227
6263,641,840,0,1481
6264,778,448,0,1226
6265,149,14,0,163
6266,939,323,0,1262
6267,676,999,0,1675
6268,363,666,0,1029
6269,460,43,0,503
6270,567,40,0,607
6271,335,154,0,489
6272,956,841,0,1797
6273,625,296,0,921
6274,332,590,0,922
6275,815,438,0,1253
6276,285,938,0,1223
6277,111,464,0,575
6278,235,179,0,414
6279,867,466,0,1333
6280,639,323,0,962
6281,374,587,0,961
6282,411,649,0,1060
6283,210,615,0,825
6284,837,948,0,1785
6285,522,283,0,805
6286,410,259,0,669
6287,765,938,0,1703
6288,974,816,0,1790
6289,913,148,0,1061
6290,852,98,0,950
6291,662,161,0,823
6292,266,598,0,864
6293,376,883,0,1259
6294,223,665,0,888
6295,594,801,0,1395
6296,870,242,0,1112
6297,861,546,0,1407
6298,900,808,0,1708
6299,269,982,0,1251
6300,966,422,0,1388
6301,780,993,0,1773
6302,403,832,0,1235
6303,635,606,0,1241
6304,970,869,0,1839
6305,792,3,0,795
6306,667,725,0,1392
6307,806,5,0,811
6308,369,826,0,1195
6309,50,402,0,452
6310,817,814,0,1631
6311,678,957,0,1635
6312,862,668,0,1530
6313,428,817,0,1245
6314,541,518,0,1059
6315,747,696,0,1443
6316,886,264,0,1150
6317,226,649,0,875
6318,547,480,0,1027
6319,162,458,0,620
6320,5,613,0,618
6321,526,702,0,1228
6322,391,96,0,487
6323,980,204,0,1184
6324,702,567,0,1269
6325,573,315,0,888
6326,947,681,0,1628
6327,698,490,0,1188
6328,791,26,0,817
6329,963,346,0,1309
6330,614,47,0,661
6331,369,802,0,1171
6332,770,236,0,1006
6333,238,337,0,575
6334,151,342,0,493
6335,438,951,0,1389
6336,312,830,0,1142
6337,64,479,0,543
6338,293,93,0,386
6339,766,977,0,1743
6340,323,48,0,371
6341,812,250,0,1062
6342,792,176,0,968
6343,26,85,0,111
6344,612,614,0,1226
6345,607,134,0,741
6346,635,129,0,764
6347,423,828,0,1251
6348,891,816,0,1707
6349,836,552,0,1388
6350,220,352,0,572
6351,815,490,0,1305
6352,148,618,0,766
6353,672,514,0,1186
6354,179,185,0,364
6355,798,300,0,1098
6356,467,912,0,1379
6357,620,488,0,1108
6358,983,409,0,1392
6359,66,421,0,487
6360,669,28,0,697
6361,169,561,0,730
6362,165,727,0,892
6363,736,56,0,792
6364,787,523,0,1310
6365,67,616,0,683
6366,228,5,0,233
6367,326,605,0,931
6368,277,836,0,1113
6369,606,542,0,1148
6370,579,181,0,760
6371,160,206,0,366
6372,463,762,0,1225
6373,974,852,0,1826
6374,767,720,0,1487
6375,145,968,0,1113
6376,251,579,0,830
6377,948,123,0,1071
6378,120,412,0,532
6379,481,175,0,656
6380,683,284,0,967
6381,138,911,0,1049
6382,743,269,0,1012
6383,3,626,0,629
6384,90,792,0,882
6385,468,866,0,1334
6386,609,356,0,965
6387,620,999,0,1619
6388,614,323,0,937
6389,827,278,0,1105
6390,549,369,0,918
6391,927,748,0,1675
6392,437,851,0,1288
6393,640,754,0,1394
6394,566,411,0,977
6395,28,588,0,616
6396,513,608,0,1121
6397,634,826,0,1460
6398,538,264,0,802
6399,557,315,0,872
6400,271,273,0,544
6401,594,517,0,1111
6402,835,367,0,1202
6403,180,541,0,721
6404,106,646,0,752
6405,454,537,0,991
6406,638,315,0,953
6407,497,773,0,1270
6408,820,549,0,1369
6409,903,168,0,1071
6410,53,299,0,352
6411,649,84,0,733
6412,135,390,0,525
6413,436,779,0,1215
6414,410,755,0,1165
6415,405,350,0,755
6416,748,243,0,991
6417,862,937,0,1799
6418,98,623,0,721
6419,802,839,0,1641
6420,394,244,0,638
6421,898,255,0,1153
6422,233,369,0,602
6423,141,35,0,176
6424,546,485,0,1031
6425,29,717,0,746
6426,631,996,0,1627
6427,282,555,0,837
6428,984,513,0,1497
6429,572,632,0,1204
6430,988,217,0,1205
6431,666,531,0,1197
6432,594,222,0,816
6433,719,648,0,1367
6434,67,332,0,399
6435,753,736,0,1489
6436,965,222,0,1187
6437,742,513,0,1255
6438,591,117,0,708
6439,363,179,0,542
6440,606,328,0,934
6441,266,295,0,561
6442,266,278,0,544
6443,288,792,0,1080
6444,504,350,0,854
6445,70,418,0,488
6446,689,877,0,1566
6447,0,894,0,894
6448,933,632,0,1565
6449,339,935,0,1274
6450,208,830,0,1038
6451,236,924,0,1160
6452,63,116,0,179
6453,447,584,0,1031
6454,841,41,0,882
6455,290,379,0,669
6456,645,568,0,1213
6457,148,228,0,376
6458,555,552,0,1107
6459,47,49,0,96
6460,981,328,0,1309
6461,773,740,0,1513
6462,657,97,0,754
6463,531,17,0,548
6464,673,185,0,858
6465,294,207,0,501
6466,24,453,0,477
6467,601,659,0,1260
6468,716,346,0,1062
6469,892,826,0,1718
6470,440,828,0,1268
6471,527,831,0,1358
6472,206,91,0,297
6473,73,301,0,374
6474,739,427,0,1166
6475,759,111,0,870
6476,261,83,0,344
6477,315,126,0,441
6478,945,122,0,1067
6479,536,482,0,1018
6480,747,364,0,1111
6481,351,241,0,592
6482,770,163,0,933
6483,15,592,0,607
6484,866,581,0,1447
6485,85,676,0,761
6486,408,462,0,870
6487,850,45,0,895
6488,547,305,0,852
6489,321,650,0,971
6490,305,287,0,592
6491,755,991,0,1746
6492,6,855,0,861
6493,49,371,0,420
6494,226,277,0,503
6495,502,625,0,1127
6496,628,409,0,1037
6497,960,692,0,1652
6498,386,233,0,619
6499,932,83,0,1015
6500,805,142,0,947
6501,227,979,0,1206
6502,779,159,0,938
6503,505,501,0,1006
6504,598,695,0,1293
6505,397,51,0,448
6506,305,890,0,1195
6507,779,367,0,1146
6508,747,818,0,1565
6509,525,901,0,1426
6510,370,276,0,646
6511,776,505,0,1281
6512,143,114,0,257
6513,951,249,0,1200
6514,975,26,0,1001
6515,50,418,0,468
6516,114,227,0,341
6517,784,415,0,1199
6518,441,277,0,718
6519,510,330,0,840
6520,935,560,0,1495
6521,798,660,0,1458
6522,257,985,0,1242
6523,634,881,0,1515
6524,767,645,0,1412
6525,171,456,0,627
6526,524,168,0,692
6527,760,111,0,871
6528,449,903,0,1352
6529,866,428,0,1294
6530,590,794,0,1384
6531,668,678,0,1346
6532,724,474,0,1198
6533,989,420,0,1409
6534,100,59,0,159
6535,262,405,0,667
6536,190,373,0,563
6537,256,179,0,435
6538,590,74,0,664
6539,544,493,0,1037
6540,161,535,0,696
6541,281,338,0,619
6542,126,820,0,946
6543,863,352,0,1215
6544,981,927,0,1908
6545,79,445,0,524
6546,271,465,0,736
6547,154,887,0,1041
6548,377,695,0,1072
6549,118,559,0,677
6550,297,962,0,1259
6551,973,992,0,1965
6552,116,211,0,327
6553,344,694,0,1038
6554,344,296,0,640
6555,40,197,0,237
6556,747,438,0,1185
6557,622,100,0,722
6558,990,456,0,1446
6559,518,48,0,566
6560,15,971,0,986
6561,666,835,0,1501
6562,697,242,0,939
6563,832,487,0,1319
6564,326,826,0,1152
6565,827,446,0,1273
6566,148,962,0,1110
6567,444,821,0,1265
6568,380,943,0,1323
6569,565,604,0,1169
6570,495,353,0,848
6571,534,399,0,933
6572,267,969,0,1236
6573,736,982,0,1718
6574,966,390,0,1356
6575,277,391,0,668
6576,335,440,0,775
6577,711,481,0,1192
6578,717,146,0,863
6579,614,277,0,891
6580,321,62,0,383
6581,757,993,0,1750
6582,490,220,0,710
6583,297,936,0,1233
6584,818,649,0,1467
6585,308,531,0,839
6586,753,541,0,1294
6587,412,427,0,839
6588,229,707,0,936
6589,80,449,0,529
6590,203,640,0,843
6591,606,883,0,1489
6592,489,505,0,994
6593,354,935,0,1289
6594,993,297,0,1290
6595,885,554,0,1439
6596,295,563,0,858
6597,468,541,0,1009
6598,129,219,0,348
6599,693,47,0,740
6600,347,932,0,1279
6601,500,353,0,853
6602,525,222,0,747
6603,708,133,0,841
6604,641,20,0,661
6605,823,95,0,918
6606,36,276,0,312
6607,801,851,0,1652
6608,695,850,0,1545
6609,552,944,0,1496
6610,841,784,0,1625
6611,933,591,0,1524
6612,218,777,0,995
6613,381,165,0,546
6614,870,882,0,1752
6615,246,258,0,504
6616,232,814,0,1046
6617,367,654,0,1021
6618,561,869,0,1430
6619,468,458,0,926
6620,855,227,0,1082
6621,120,785,0,905
6622,306,161,0,467
6623,793,396,0,1189
6624,286,451,0,737
6625,19,721,0,740
6626,961,449,0,1410
6627,173,331,0,504
6628,653,525,0,1178
6629,21,457,0,478
6630,301,983,0,1284
6631,783,195,0,978
6632,429,849,0,1278
6633,689,199,0,888
6634,662,91,0,753
6635,518,312,0,830
6636,972,676,0,1648
6637,124,80,0,204
6638,157,443,0,600
6639,694,897,0,1591
6640,824,434,0,1258
6641,69,38,0,107
6642,752,142,0,894
6643,340,289,0,629
6644,865,984,0,1849
6645,119,905,0,1024
6646,530,570,0,1100
6647,181,747,0,928
6648,484,205,0,689
6649,898,247,0,1145
6650,305,679,0,984
6651,910,351,0,1261
6652,435,92,0,527
6653,316,338,0,654
6654,90,634,0,724
6655,181,153,0,334
6656,69,454,0,523
6657,366,963,0,1329
6658,228,971,0,1199
6659,26,943,0,969
6660,134,71,0,205
6661,364,873,0,1237
6662,72,838,0,910
6663,706,590,0,1296
6664,59,355,0,414
6665,357,451,0,808
6666,766,19,0,785
6667,810,946,0,1756
6668,447,392,0,839
6669,727,968,0,1695
6670,234,902,0,1136
6671,593,944,0,1537
6672,823,780,0,1603
6673,372,291,0,663
6674,759,547,0,1306
6675,773,193,0,966
6676,709,74,0,783
6677,647,154,0,801
6678,278,737,0,1015
6679,403,280,0,683
6680,547,193,0,740
6681,25,356,0,381
6682,595,211,0,806
6683,469,771,0,1240
6684,782,729,0,1511
6685,823,64,0,887
6686,371,100,0,471
6687,57,375,0,432
6688,913,919,0,1832
6689,38,99,0,137
6690,705,311,0,1016
6691,378,32,0,410
6692,364,133,0,497
6693,864,731,0,1595
6694,602,393,0,995
6695,265,536,0,801
6696,17,598,0,615
6697,149,559,0,708
6698,435,505,0,940
6699,540,830,0,1370
6700,443,237,0,680
6701,526,826,0,1352
6702,574,438,0,1012
6703,569,234,0,803
6704,710,557,0,1267
6705,838,355,0,1193
6706,658,669,0,1327
6707,948,559,0,1507
6708,834,465,0,1299
6709,485,840,0,1325
6710,815,717,0,1532
6711,283,891,0,1174
6712,1000,859,0,1859
6713,493,273,0,766
6714,825,676,0,1501
6715,155,429,0,584
6716,381,401,0,782
6717,539,532,0,1071
6718,758,692,0,1450
6719,811,698,0,1509
6720,918,833,0,1751
6721,507,6,0,513
6722,205,913,0,1118
6723,392,303,0,695
6724,163,556,0,719
6725,942,588,0,1530
6726,66,582,0,648
6727,11,386,0,397
6728,746,203,0,949
6729,520,849,0,1369
6730,62,689,0,751
6731,687,329,0,1016
6732,909,969,0,1878
6733,864,483,0,1347
6734,363,619,0,982
6735,932,205,0,1137
6736,508,645,0,1153
6737,694,718,0,1412
6738,689,671,0,1360
6739,387,601,0,988
6740,80,407,0,487
6741,145,775,0,920
6742,354,623,0,977
6743,415,405,0,820
6744,804,127,0,931
6745,618,988,0,1606
6746,227,459,0,686
6747,705,266,0,971
6748,484,255,0,739
6749,381,540,0,921
6750,959,945,0,1904
6751,448,614,0,1062
6752,512,159,0,671
6753,418,948,0,1366
6754,896,799,0,1695
6755,396,929,0,1325
6756,716,169,0,885
6757,751,686,0,1437
6758,234,573,0,807
6759,147,597,0,744
6760,495,428,0,923
6761,853,733,0,1586
6762,21,271,0,292
6763,391,971,0,1362
6764,672,654,0,1326
6765,520,109,0,629
6766,612,448,0,1060
6767,990,761,0,1751
6768,891,419,0,1310
6769,545,109,0,654
6770,246,217,0,463
6771,268,919,0,1187
6772,464,605,0,1069
6773,880,761,0,1641
6774,178,550,0,728
6775,717,3,0,720
6776,819,945,0,1764
6777,904,221,0,1125
6778,182,213,0,395
6779,92,706,0,798
6780,487,292,0,779
6781,716,593,0,1309
6782,371,96,0,467
6783,110,496,0,606
6784,246,861,0,1107
6785,272,878,0,1150
6786,16,805,0,821
6787,649,857,0,1506
6788,890,506,0,1396
6789,131,414,0,545
6790,825,893,0,1718
6791,601,348,0,949
6792,986,881,0,1867
6793,2,401,0,403
6794,414,220,0,634
6795,368,41,0,409
6796,100,726,0,826
6797,486,243,0,729
6798,658,586,0,1244
6799,158,683,0,841
6800,94,553,0,647
6801,421,675,0,1096
6802,695,149,0,844
6803,206,334,0,540
6804,389,338,0,727
6805,273,738,0,1011
6806,971,56,0,1027
6807,8,135,0,143
6808,383,285,0,668
6809,215,847,0,1062
6810,261,229,0,490
6811,979,353,0,1332
6812,2,64,0,66
6813,389,409,0,798
6814,400,903,0,1303
6815,989,418,0,1407
6816,784,28,0,812
6817,344,133,0,477
6818,347,618,0,965
6819,548,945,0,1493
6820,207,569,0,776
6821,431,168,0,599
6822,926,434,0,1360
6823,821,357,0,1178
6824,46,63,0,109
6825,490,306,0,796
6826,537,149,0,686
6827,666,31,0,697
6828,145,703,0,848
6829,543,903,0,1446
6830,464,209,0,673
6831,375,770,0,1145
6832,899,736,0,1635
6833,332,615,0,947
6834,129,28,0,157
6835,50,356,0,406
6836,711,967,0,1678
6837,922,396,0,1318
6838,750,965,0,1715
6839,591,651,0,1242
6840,448,698,0,1146
6841,367,433,0,800
6842,570,485,0,1055
6843,34,251,0,285
6844,705,2,0,707
6845,692,636,0,1328
6846,793,86,0,879
6847,547,434,0,981
6848,113,456,0,569
6849,150,960,0,1110
6850,138,245,0,383
6851,241,864,0,1105
6852,582,135,0,717
6853,247,49,0,296
6854,826,394,0,1220
6855,274,176,0,450
6856,262,161,0,423
6857,785,599,0,1384
6858,740,74,0,814
6859,411,365,0,776
6860,288,551,0,839
6861,946,425,0,1371
6862,388,400,0,788
6863,643,939,0,1582
6864,923,867,0,1790
6865,125,995,0,1120
6866,134,379,0,513
6867,553,260,0,813
6868,581,607,0,1188
6869,397,614,0,1011
6870,964,714,0,1678
6871,701,668,0,1369
6872,448,676,0,1124
6873,950,780,0,1730
6874,555,458,0,1013
6875,370,79,0,449
6876,741,498,0,1239
6877,867,875,0,1742
6878,223,884,0,1107
6879,765,609,0,1374
6880,95,62,0,157
6881,540,727,0,1267
6882,907,876,0,1783
6883,637,657,0,1294
6884,995,125,0,1120
6885,799,797,0,1596
6886,231,13,0,244
6887,570,490,0,1060
6888,326,514,0,840
6889,816,658,0,1474
6890,33,218,0,251
6891,973,289,0,1262
6892,835,720,0,1555
6893,893,84,0,977
6894,565,934,0,1499
6895,117,67,0,184
6896,217,309,0,526
6897,173,637,0,810
6898,708,19,0,727
6899,313,724,0,1037
6900,372,60,0,432
6901,204,727,0,931
6902,31,767,0,798
6903,930,544,0,1474
6904,183,240,0,423
6905,994,699,0,1693
6906,671,529,0,1200
6907,477,337,0,814
6908,582,200,0,782
6909,821,649,0,1470
6910,27,797,0,824
6911,396,216,0,612
6912,248,36,0,284
6913,145,166,0,311
6914,857,815,0,1672
6915,87,140,0,227
6916,371,916,0,1287
6917,895,356,0,1251
6918,359,688,0,1047
6919,171,171,0,342
6920,853,31,0,884
6921,16,961,0,977
6922,592,827,0,1419
6923,448,941,0,1389
6924,757,780,0,1537
6925,773,192,0,965
6926,341,12,0,353
6927,977,890,0,1867
6928,660,381,0,1041
6929,358,397,0,755
6930,870,90,0,960
6931,896,388,0,1284
6932,547,878,0,1425
6933,935,279,0,1214
6934,958,105,0,1063
6935,272,959,0,1231
6936,389,277,0,666
6937,91,434,0,525
6938,606,723,0,1329
6939,917,462,0,1379
6940,116,675,0,791
6941,568,550,0,1118
6942,867,956,0,1823
6943,636,652,0,1288
6944,426,557,0,983
6945,823,694,0,1517
6946,677,571,0,1248
6947,858,895,0,1753
6948,427,374,0,801
6949,299,269,0,568
6950,813,45,0,858
6951,171,217,0,388
6952,599,664,0,1263
6953,394,416,0,810
6954,26,152,0,178
6955,401,899,0,1300
6956,740,18,0,758
6957,609,927,0,1536
6958,251,541,0,792
6959,734,981,0,1715
6960,2,964,0,966
6961,491,446,0,937
6962,525,445,0,970
6963,740,488,0,1228
6964,316,577,0,893
6965,69,958,0,1027
6966,879,486,0,1365
6967,117,177,0,294
6968,64,394,0,458
6969,192,955,0,1147
6970,527,342,0,869
6971,255,493,0,748
6972,504,221,0,725
6973,687,203,0,890
6974,721,933,0,1654
6975,192,488,0,680
6976,973,901,0,1874
6977,192,379,0,571
6978,956,350,0,1306
6979,537,118,0,655
6980,957,84,0,1041
6981,987,910,0,1897
6982,785,636,0,1421
6983,107,28,0,135
6984,908,864,0,1772
6985,280,319,0,599
6986,510,451,0,961
6987,732,479,0,1211
6988,36,108,0,144
6989,405,970,0,1375
6990,134,318,0,452
6991,268,329,0,597
6992,235,961,0,1196
6993,363,644,0,1007
6994,734,341,0,1075
6995,35,396,0,431
6996,377,500,0,877
6997,674,981,0,1655
6998,855,546,0,1401
6999,639,455,0,1094
7000,473,389,0,862
7001,966,376,0,1342
7002,303,487,0,790
7003,244,316,0,560
7004,810,206,0,1016
7005,528,646,0,1174
7006,956,131,0,1087
7007,499,744,0,1243
7008,310,201,0,511
7009,840,826,0,1666
7010,33,752,0,785
7011,699,470,0,1169
7012,569,184,0,753
7013,806,737,0,1543
7014,614,832,0,1446
7015,135,643,0,778
7016,518,429,0,947
7017,883,911,0,1794
7018,838,700,0,1538
7019,653,93,0,746
7020,49,179,0,228
7021,353,865,0,1218
7022,342,830,0,1172
7023,207,202,0,409
7024,457,855,0,1312
7025,644,333,0,977
7026,931,133,0,1064
7027,820,23,0,843
7028,629,13,0,642
7029,437,184,0,621
7030,280,666,0,946
7031,148,968,0,1116
7032,83,508,0,591
7033,767,860,0,1627
7034,884,20,0,904
7035,436,285,0,721
7036,236,100,0,336
7037,280,367,0,647
7038,567,81,0,648
7039,215,685,0,900
7040,724,909,0,1633
7041,968,850,0,1818
7042,425,986,0,1411
7043,365,723,0,1088
7044,424,88,0,512
7045,107,488,0,595
7046,325,667,0,992
7047,648,958,0,1606
7048,110,358,0,468
7049,96,974,0,1070
7050,286,511,0,797
7051,33,317,0,350
7052,49,276,0,325
7053,908,440,0,1348
7054,210,680,0,890
7055,387,901,0,1288
7056,303,259,0,562
7057,572,295,0,867
7058,866,611,0,1477
7059,111,563,0,674
7060,179,834,0,1013
7061,226,787,0,1013
7062,720,810,0,1530
7063,588,911,0,1499
7064,686,938,0,1624
7065,261,269,0,530
7066,487,586,0,1073
7067,904,452,0,1356
7068,95,437,0,532
7069,328,57,0,385
7070,522,657,0,1179
7071,778,400,0,1178
7072,943,504,0,1447
7073,416,696,0,1112
7074,571,199,0,770
7075,753,592,0,1345
7076,940,301,0,1241
7077,240,883,0,1123
7078,226,557,0,783
7079,286,937,0,1223
7080,185,975,0,1160
7081,569,708,0,1277
7082,106,702,0,808
7083,777,901,0,1678
7084,800,492,0,1292
7085,962,506,0,1468
7086,162,672,0,834
7087,933,392,0,1325
7088,58,118,0,176
7089,178,713,0,891
7090,414,591,0,1005
7091,792,40,0,832
7092,812,227,0,1039
7093,260,909,0,1169
7094,57,619,0,676
7095,365,223,0,588
7096,652,206,0,858
7097,446,554,0,1000
7098,595,333,0,928
7099,402,535,0,937
7100,983,609,0,1592
7101,536,761,0,1297
7102,674,868,0,1542
7103,31,777,0,808
7104,268,334,0,602
7105,746,544,0,1290
7106,854,139,0,993
7107,892,724,0,1616
7108,105,235,0,340
7109,948,165,0,1113
7110,542,773,0,1315
7111,358,830,0,1188
7112,607,423,0,1030
7113,249,633,0,882
7114,365,476,0,841
7115,335,746,0,1081
7116,54,404,0,458
7117,122,962,0,1084
7118,482,178,0,660
7119,474,213,0,687
7120,147,309,0,456
7121,974,566,0,1540
7122,702,733,0,1435
7123,374,855,0,1229
7124,794,693,0,1487
7125,311,907,0,1218
7126,544,129,0,673
7127,39,94,0,133
7128,841,199,0,1040
7129,391,762,0,1153
7130,370,364,0,734
7131,952,315,0,1267
7132,484,666,0,1150
7133,588,731,0,1319
7134,944,983,0,1927
7135,810,986,0,1796
7136,371,118,0,489
7137,322,645,0,967
7138,599,162,0,761
7139,61,45,0,106
7140,746,117,0,863
7141,348,397,0,745
7142,287,236,0,523
7143,548,766,0,1314
7144,148,375,0,523
7145,956,995,0,1951
7146,1,219,0,220
7147,84,650,0,734
7148,504,882,0,1386
7149,215,839,0,1054
7150,687,765,0,1452
7151,836,327,0,1163
7152,636,49,0,685
7153,639,359,0,998
7154,685,765,0,1450
7155,690,453,0,1143
7156,388,347,0,735
7157,991,116,0,1107
7158,787,169,0,956
7159,465,233,0,698
7160,471,64,0,535
7161,209,45,0,254
7162,868,468,0,1336
7163,697,409,0,1106
7164,87,324,0,411
7165,711,215,0,926
7166,819,786,0,1605
7167,209,17,0,226
7168,627,703,0,1330
7169,351,143,0,494
7170,455,236,0,691
7171,204,390,0,594
7172,588,648,0,1236
7173,972,51,0,1023
7174,908,154,0,1062
7175,323,791,0,1114
7176,747,0,0,747
7177,271,291,0,562
7178,56,364,0,420
7179,76,842,0,918
7180,484,151,0,635
7181,905,668,0,1573
7182,330,867,0,1197
7183,34,374,0,408
7184,230,668,0,898
7185,834,770,0,1604
7186,241,712,0,953
7187,860,422,0,1282
7188,891,425,0,1316
7189,95,442,0,537
7190,9,251,0,260
7191,999,732,0,1731
7192,245,859,0,1104
7193,518,852,0,1370
7194,44,732,0,776
7195,175,270,0,445
7196,718,362,0,1080
7197,765,183,0,948
7198,228,227,0,455
7199,727,435,0,1162
7200,622,288,0,910
7201,83,880,0,963
7202,805,60,0,865
7203,31,0,0,31
7204,700,995,0,1695
7205,370,162,0,532
7206,228,731,0,959
7207,781,656,0,1437
7208,246,237,0,483
7209,8,720,0,728
7210,57,855,0,912
7211,112,701,0,813
7212,452,368,0,820
7213,488,504,0,992
7214,48,829,0,877
7215,167,843,0,1010
7216,978,723,0,1701
7217,358,793,0,1151
7218,391,411,0,802
7219,265,291,0,556
7220,490,749,0,1239
7221,892,175,0,1067
7222,205,625,0,830
7223,594,548,0,1142
7224,91,927,0,1018
7225,782,718,0,1500
7226,544,229,0,773
7227,244,616,0,860
7228,354,445,0,799
7229,303,925,0,1228
7230,882,848,0,1730
7231,342,167,0,509
7232,984,993,0,1977
7233,254,628,0,882
7234,32,896,0,928
7235,920,810,0,1730
7236,948,780,0,1728
7237,365,553,0,918
7238,735,642,0,1377
7239,201,1000,0,1201
7240,399,514,0,913
7241,46,861,0,907
7242,46,128,0,174
7243,642,817,0,1459
7244,289,625,0,914
7245,964,138,0,1102
7246,293,426,0,719
7247,127,336,0,463
7248,173,104,0,277
7249,124,164,0,288
7250,482,277,0,759
7251,738,582,0,1320
7252,72,538,0,610
7253,913,654,0,1567
7254,574,813,0,1387
7255,315,910,0,1225
7256,877,909,0,1786
7257,574,989,0,1563
7258,721,743,0,1464
7259,692,110,0,802
7260,535,254,0,789
7261,775,598,0,1373
7262,513,366,0,879
7263,354,487,0,841
7264,935,843,0,1778
7265,112,177,0,289
7266,128,440,0,568
7267,308,333,0,641
7268,154,540,0,694
7269,858,201,0,1059
7270,522,69,0,591
7271,128,617,0,745
7272,324,941,0,1265
7273,672,248,0,920
7274,143,692,0,835
7275,137,56,0,193
7276,779,277,0,1056
7277,38,488,0,526
7278,27,509,0,536
7279,614,4,0,618
7280,256,736,0,992
7281,438,363,0,801
7282,127,845,0,972
7283,516,440,0,956
7284,729,684,0,1413
7285,369,806,0,1175
7286,226,396,0,622
7287,31,672,0,703
7288,46,655,0,701
7289,138,430,0,568
7290,851,82,0,933
7291,678,375,0,1053
7292,389,509,0,898
7293,807,381,0,1188
7294,511,907,0,1418
7295,954,261,0,1215
7296,545,856,0,1401
7297,373,940,0,1313
7298,996,832,0,1828
7299,999,932,0,1931
7300,417,28,0,445
7301,539,745,0,1284
7302,437,567,0,1004
7303,874,573,0,1447
7304,553,985,0,1538
7305,30,551,0,581
7306,559,782,0,1341
7307,694,436,0,1130
7308,782,864,0,1646
7309,112,825,0,937
7310,493,84,0,577
7311,813,775,0,1588
7312,476,182,0,658
7313,12,137,0,149
7314,302,128,0,430
7315,468,210,0,678
7316,627,631,0,1258
7317,730,409,0,1139
7318,483,979,0,1462
7319,188,733,0,921
7320,162,668,0,830
7321,493,682,0,1175
7322,886,34,0,920
7323,826,239,0,1065
7324,509,85,0,594
7325,538,76,0,614
7326,209,921,0,1130
7327,148,303,0,451
7328,7,49,0,56
7329,936,839,0,1775
7330,900,497,0,1397
7331,271,783,0,1054
7332,950,220,0,1170
7333,53,542,0,595
7334,131,345,0,476
7335,381,649,0,1030
7336,71,600,0,671
7337,273,513,0,786
7338,369,996,0,1365
7339,763,168,0,931
7340,595,749,0,1344
7341,322,213,0,535
7342,191,911,0,1102
7343,634,150,0,784
7344,529,203,0,732
7345,934,575,0,1509
7346,463,2,0,465
7347,4,156,0,160
7348,625,319,0,944
7349,566,756,0,1322
7350,529,862,0,1391
7351,719,934,0,1653
7352,222,15,0,237
7353,732,209,0,941
7354,661,395,0,1056
7355,835,378,0,1213
7356,761,600,0,1361
7357,87,603,0,690
7358,322,392,0,714
7359,822,134,0,956
7360,51,441,0,492
7361,552,292,0,844
7362,70,536,0,606
7363,8,367,0,375
7364,659,357,0,1016
7365,867,459,0,1326
7366,673,599,0,1272
7367,686,719,0,1405
7368,35,581,0,616
7369,428,541,0,969
7370,158,835,0,993
7371,533,432,0,965
7372,454,811,0,1265
7373,779,979,0,1758
7374,708,693,0,1401
7375,833,326,0,1159
7376,67,221,0,288
7377,323,884,0,1207
7378,995,305,0,1300
7379,227,333,0,560
7380,377,447,0,824
7381,102,500,0,602
7382,191,264,0,455
7383,449,223,0,672
7384,632,378,0,1010
7385,840,211,0,1051
7386,126,304,0,430
7387,558,371,0,929
7388,935,1000,0,1935
7389,366,530,0,896
7390,445,547,0,992
7391,798,678,0,1476
7392,166,346,0,512
7393,758,409,0,1167
7394,659,200,0,859
7395,88,707,0,795
7396,85,128,0,213
7397,117,750,0,867
7398,165,540,0,705
7399,166,466,0,632
7400,586,686,0,1272
7401,489,268,0,757
7402,140,81,0,221
7403,888,510,0,1398
7404,168,541,0,709
7405,914,165,0,1079
7406,965,530,0,1495
7407,860,189,0,1049
7408,946,316,0,1262
7409,235,266,0,501
7410,30,520,0,550
7411,377,942,0,1319
7412,315,78,0,393
7413,834,875,0,1709
7414,975,642,0,1617
7415,714,525,0,1239
7416,222,653,0,875
7417,921,375,0,1296
7418,372,580,0,952
7419,76,750,0,826
7420,393,315,0,708
7421,942,139,0,1081
7422,778,753,0,1531
7423,26,755,0,781
7424,750,270,0,1020
7425,113,876,0,989
7426,464,526,0,990
7427,36,878,0,914
7428,71,534,0,605
7429,856,444,0,1300
7430,612,512,0,1124
7431,559,974,0,1533
7432,282,326,0,608
7433,419,975,0,1394
7434,164,325,0,489
7435,981,33,0,1014
7436,996,250,0,1246
7437,157,151,0,308
7438,932,109,0,1041
7439,535,92,0,627
7440,307,636,0,943
7441,157,351,0,508
7442,309,197,0,506
7443,39,187,0,226
7444,523,988,0,1511
7445,611,41,0,652
7446,496,215,0,711
7447,913,370,0,1283
7448,861,246,0,1107
7449,56,464,0,520
7450,522,44,0,566
7451,831,861,0,1692
7452,772,623,0,1395
7453,551,397,0,948
7454,994,370,0,1364
7455,24,133,0,157
7456,4,469,0,473
7457,179,816,0,995
7458,371,738,0,1109
7459,106,383,0,489
7460,371,887,0,1258
7461,272,675,0,947
7462,209,559,0,768
7463,394,410,0,804
7464,240,239,0,479
7465,657,897,0,1554
7466,313,195,0,508
7467,812,309,0,1121
7468,477,929,0,1406
7469,192,965,0,1157
7470,529,546,0,1075
7471,922,843,0,1765
7472,692,700,0,1392
7473,908,878,0,1786
7474,69,39,0,108
7475,351,723,0,1074
7476,955,638,0,1593
7477,826,432,0,1258
7478,897,770,0,1667
7479,440,928,0,1368
7480,248,177,0,425
7481,854,303,0,1157
7482,218,143,0,361
7483,57,722,0,779
7484,680,641,0,1321
7485,667,319,0,986
7486,830,92,0,922
7487,70,826,0,896
7488,714,858,0,1572
7489,706,672,0,1378
7490,274,350,0,624
7491,691,401,0,1092
7492,804,369,0,1173
7493,748,43,0,791
7494,100,623,0,723
7495,754,199,0,953
7496,183,620,0,803
7497,297,592,0,889
7498,265,733,0,998
7499,17,830,0,847
7500,878,331,0,1209
7501,593,657,0,1250
7502,467,311,0,778
7503,410,72,0,482
7504,217,920,0,1137
7505,135,888,0,1023
7506,599,516,0,1115
7507,570,610,0,1180
7508,354,126,0,480
7509,123,471,0,594
7510,447,904,0,1351
7511,567,777,0,1344
7512,306,514,0,820
7513,558,486,0,1044
7514,677,260,0,937
7515,344,843,0,1187
7516,962,933,0,1895
7517,79,290,0,369
7518,189,447,0,636
7519,228,423,0,651
7520,969,554,0,1523
7521,643,973,0,1616
7522,894,302,0,1196
7523,19,650,0,669
7524,202,342,0,544
7525,953,996,0,1949
7526,702,278,0,980
7527,588,710,0,1298
7528,829,634,0,1463
7529,728,116,0,844
7530,716,226,0,942
7531,233,731,0,964
7532,696,126,0,822
7533,92,742,0,834
7534,788,819,0,1607
7535,101,380,0,481
7536,891,552,0,1443
7537,773,612,0,1385
7538,426,838,0,1264
7539,698,575,0,1273
7540,856,699,0,1555
7541,2,731,0,733
7542,246,304,0,550
7543,313,221,0,534
7544,824,366,0,1190
7545,640,607,0,1247
7546,584,530,0,1114
7547,960,459,0,1419
7548,300,31,0,331
7549,669,733,0,1402
7550,914,324,0,1238
7551,957,916,0,1873
7552,296,78,0,374
7553,264,854,0,1118
7554,12,358,0,370
7555,400,138,0,538
7556,365,8,0,373
7557,534,319,0,853
7558,166,941,0,1107
7559,259,123,0,382
7560,171,12,0,183
7561,556,73,0,629
7562,220,621,0,841
7563,527,745,0,1272
7564,820,166,0,986
7565,782,116,0,898
7566,688,124,0,812
7567,497,553,0,1050
7568,167,149,0,316
7569,463,488,0,951
7570,795,123,0,918
7571,509,310,0,819
7572,863,642,0,1505
7573,562,613,0,1175
7574,640,369,0,1009
7575,780,324,0,1104
7576,411,303,0,714
7577,767,716,0,1483
7578,969,122,0,1091
7579,955,307,0,1262
7580,389,342,0,731
7581,711,40,0,751
7582,995,265,0,1260
7583,707,778,0,1485
7584,809,978,0,1787
7585,667,439,0,1106
7586,888,498,0,1386
7587,809,423,0,1232
7588,522,414,0,936
7589,163,971,0,1134
7590,120,319,0,439
7591,535,572,0,1107
7592,568,527,0,1095
7593,629,9,0,638
7594,515,760,0,1275
7595,668,726,0,1394
7596,675,78,0,753
7597,798,969,0,1767
7598,892,512,0,1404
7599,393,9,0,402
7600,359,114,0,473
7601,535,875,0,1410
7602,848,928,0,1776
7603,333,573,0,906
7604,257,573,0,830
7605,313,933,0,1246
7606,297,523,0,820
7607,479,374,0,853
7608,970,505,0,1475
7609,101,422,0,523
7610,81,597,0,678
7611,680,143,0,823
7612,934,497,0,1431
7613,585,598,0,1183
7614,400,752,0,1152
7615,35,290,0,325
7616,516,693,0,1209
7617,835,769,0,1604
7618,234,326,0,560
7619,875,280,0,1155
7620,271,832,0,1103
7621,52,22,0,74
7622,613,305,0,918
7623,958,72,0,1030
7624,43,37,0,80
7625,360,497,0,857
7626,216,310,0,526
7627,588,648,0,1236
7628,109,301,0,410
7629,424,873,0,1297
7630,253,95,0,348
7631,581,340,0,921
7632,681,698,0,1379
7633,461,985,0,1446
7634,822,847,0,1669
7635,611,284,0,895
7636,877,441,0,1318
7637,569,43,0,612
7638,509,634,0,1143
7639,148,42,0,190
7640,628,535,0,1163
7641,629,88,0,717
7642,740,195,0,935
7643,622,750,0,1372
7644,991,528,0,1519
7645,606,330,0,936
7646,324,392,0,716
7647,123,362,0,485
7648,508,534,0,1042
7649,913,108,0,1021
7650,143,14,0,157
7651,661,732,0,1393
7652,38,372,0,410
7653,168,238,0,406
7654,40,855,0,895
7655,422,127,0,549
7656,643,412,0,1055
7657,732,172,0,904
7658,69,835,0,904
7659,558,903,0,1461
7660,680,624,0,1304
7661,351,142,0,493
7662,101,999,0,1100
7663,334,762,0,1096
7664,572,991,0,1563
7665,843,165,0,1008
7666,808,980,0,1788
7667,927,786,0,1713
7668,504,517,0,1021
7669,13,819,0,832
7670,26,14,0,40
7671,306,59,0,365
7672,1000,185,0,1185
7673,320,408,0,728
7674,639,742,0,1381
7675,42,513,0,555
7676,978,855,0,1833
7677,601,760,0,1361
7678,873,961,0,1834
7679,348,210,0,558
7680,320,733,0,1053
7681,400,599,0,999
7682,494,318,0,812
7683,74,354,0,428
7684,594,618,0,1212
7685,165,235,0,400
7686,69,676,0,745
7687,667,723,0,1390
7688,502,690,0,1192
7689,363,476,0,839
7690,656,227,0,883
7691,920,653,0,1573
7692,383,821,0,1204
7693,790,819,0,1609
7694,895,169,0,1064
7695,102,161,0,263
7696,671,427,0,1098
7697,193,237,0,430
7698,975,227,0,1202
7699,783,286,0,1069
7700,600,900,0,1500
7701,780,692,0,1472
7702,903,252,0,1155
7703,650,138,0,788
7704,352,338,0,690
7705,485,345,0,830
7706,108,55,0,163
7707,120,397,0,517
7708,146,654,0,800
7709,487,856,0,1343
7710,568,880,0,1448
7711,904,965,0,1869
7712,671,885,0,1556
7713,278,384,0,662
7714,978,310,0,1288
7715,646,745,0,1391
7716,468,110,0,578
7717,762,525,0,1287
7718,905,592,0,1497
7719,812,282,0,1094
7720,329,659,0,988
7721,630,997,0,1627
7722,478,624,0,1102
7723,900,645,0,1545
7724,500,977,0,1477
7725,353,285,0,638
7726,322,889,0,1211
7727,507,527,0,1034
7728,988,741,0,1729
7729,67,272,0,339
7730,737,457,0,1194
7731,903,142,0,1045
7732,642,712,0,1354
7733,633,236,0,869
7734,310,439,0,749
7735,26,149,0,175
7736,142,20,0,162
7737,600,587,0,1187
7738,800,533,0,1333
7739,267,752,0,1019
7740,907,399,0,1306
7741,151,676,0,827
7742,42,79,0,121
7743,120,924,0,1044
7744,726,962,0,1688
7745,611,370,0,981
7746,534,780,0,1314
7747,253,363,0,616
7748,446,168,0,614
7749,780,1,0,781
7750,297,695,0,992
7751,665,844,0,1509
7752,442,991,0,1433
7753,953,997,0,1950
7754,322,6,0,328
7755,813,123,0,936
7756,362,690,0,1052
7757,263,723,0,986
7758,463,540,0,1003
7759,210,672,0,882
7760,857,997,0,1854
7761,570,307,0,877
7762,800,961,0,1761
7763,955,356,0,1311
7764,297,846,0,1143
7765,622,686,0,1308
7766,83,966,0,1049
7767,587,739,0,1326
7768,61,470,0,531
7769,846,781,0,1627
7770,77,566,0,643
7771,568,724,0,1292
7772,145,632,0,777
7773,341,411,0,752
7774,767,851,0,1618
7775,70,480,0,550
7776,49,283,0,332
7777,913,542,0,1455
7778,770,631,0,1401
7779,391,984,0,1375
7780,239,741,0,980
7781,153,232,0,385
7782,434,585,0,1019
7783,958,541,0,1499
7784,691,539,0,1230
7785,362,836,0,1198
7786,850,359,0,1209
7787,791,653,0,1444
7788,341,192,0,533
7789,505,1000,0,1505
7790,756,560,0,1316
7791,310,740,0,1050
7792,185,444,0,629
7793,343,742,0,1085
7794,54,490,0,544
7795,635,171,0,806
7796,957,126,0,1083
7797,988,931,0,1919
7798,927,713,0,1640
7799,562,284,0,846
7800,46,347,0,393
7801,579,813,0,1392
7802,933,663,0,1596
7803,112,490,0,602
7804,996,960,0,1956
7805,735,946,0,1681
7806,363,649,0,1012
7807,310,421,0,731
7808,114,93,0,207
7809,905,257,0,1162
7810,282,726,0,1008
7811,6,199,0,205
7812,862,486,0,1348
7813,426,382,0,808
7814,404,998,0,1402
7815,669,310,0,979
7816,2,553,0,555
7817,277,583,0,860
7818,282,68,0,350
7819,320,455,0,775
7820,279,501,0,780
7821,238,160,0,398
7822,176,564,0,740
7823,273,431,0,704
7824,755,444,0,1199
7825,963,119,0,1082
7826,289,93,0,382
7827,133,952,0,1085
7828,144,20,0,164
7829,813,61,0,874
7830,323,852,0,1175
7831,561,314,0,875
7832,754,509,0,1263
7833,993,554,0,1547
7834,861,790,0,1651
7835,710,986,0,1696
7836,166,28,0,194
7837,230,774,0,1004
7838,979,523,0,1502
7839,513,537,0,1050
7840,362,260,0,622
7841,208,974,0,1182
7842,392,126,0,518
7843,718,312,0,1030
7844,169,738,0,907
7845,224,997,0,1221
7846,129,0,0,129
7847,849,589,0,1438
7848,815,826,0,1641
7849,838,96,0,934
7850,233,318,0,551
7851,937,23,0,960
7852,252,713,0,965
7853,638,457,0,1095
7854,505,920,0,1425
7855,963,211,0,1174
7856,477,756,0,1233
7857,562,245,0,807
7858,642,599,0,1241
7859,10,294,0,304
7860,133,898,0,1031
7861,876,129,0,1005
7862,734,543,0,1277
7863,298,70,0,368
7864,898,614,0,1512
7865,85,289,0,374
7866,773,594,0,1367
7867,781,70,0,851
7868,145,88,0,233
7869,149,908,0,1057
7870,297,180,0,477
7871,245,816,0,1061
7872,216,646,0,862
7873,461,141,0,602
7874,117,394,0,511
7875,969,321,0,1290
7876,798,651,0,1449
7877,553,356,0,909
7878,191,78,0,269
7879,633,304,0,937
7880,256,541,0,797
7881,300,890,0,1190
7882,839,256,0,1095
7883,654,80,0,734
7884,925,485,0,1410
7885,448,390,0,838
7886,227,105,0,332
7887,254,912,0,1166
7888,358,581,0,939
7889,456,455,0,911
7890,956,508,0,1464
7891,66,689,0,755
7892,663,499,0,1162
7893,200,581,0,781
7894,661,869,0,1530
7895,233,606,0,839
7896,857,549,0,1406
7897,889,967,0,1856
7898,397,267,0,664
7899,189,794,0,983
7900,337,483,0,820
7901,592,497,0,1089
7902,408,644,0,1052
7903,694,76,0,770
7904,10,834,0,844
7905,598,560,0,1158
7906,444,196,0,640
7907,15,763,0,778
7908,588,164,0,752
7909,844,718,0,1562
7910,739,864,0,1603
7911,382,702,0,1084
7912,311,387,0,698
7913,567,314,0,881
7914,823,900,0,1723
7915,417,256,0,673
7916,406,800,0,1206
7917,542,33,0,575
7918,165,14,0,179
7919,713,714,0,1427
7920,630,904,0,1534
7921,77,497,0,574
7922,412,67,0,479
7923,454,886,0,1340
7924,999,49,0,1048
7925,529,208,0,737
7926,880,150,0,1030
7927,521,20,0,541
7928,477,36,0,513
7929,794,947,0,1741
7930,190,643,0,833
7931,306,880,0,1186
7932,693,516,0,1209
7933,982,364,0,1346
7934,343,404,0,747
7935,820,719,0,1539
7936,337,97,0,434
7937,309,818,0,1127
7938,831,123,0,954
7939,810,642,0,1452
7940,410,765,0,1175
7941,894,960,0,1854
7942,823,321,0,1144
7943,188,309,0,497
7944,159,826,0,985
7945,352,324,0,676
7946,888,196,0,1084
7947,38,951,0,989
7948,964,519,0,1483
7949,994,231,0,1225
7950,454,516,0,970
7951,816,504,0,1320
7952,892,617,0,1509
7953,475,472,0,947
7954,465,345,0,810
7955,560,455,0,1015
7956,640,539,0,1179
7957,418,213,0,631
7958,643,379,0,1022
7959,982,247,0,1229
7960,711,507,0,1218
7961,689,495,0,1184
7962,687,120,0,807
7963,339,811,0,1150
7964,589,690,0,1279
7965,205,641,0,846
7966,415,462,0,877
7967,599,814,0,1413
7968,528,581,0,1109
7969,905,457,0,1362
7970,510,580,0,1090
7971,694,979,0,1673
7972,909,616,0,1525
7973,305,649,0,954
7974,384,897,0,1281
7975,615,411,0,1026
7976,266,787,0,1053
7977,99,397,0,496
7978,344,338,0,682
7979,525,672,0,1197
7980,370,425,0,795
7981,557,547,0,1104
7982,829,166,0,995
7983,791,695,0,1486
7984,235,240,0,475
7985,168,186,0,354
7986,848,950,0,1798
7987,138,814,0,952
7988,623,433,0,1056
7989,159,519,0,678
7990,448,249,0,697
7991,234,621,0,855
7992,579,323,0,902
7993,517,963,0,1480
7994,236,427,0,663
7995,952,401,0,1353
7996,40,789,0,829
7997,162,518,0,680
7998,275,522,0,797
7999,897,865,0,1762
8000,708,141,0,849
8001,374,649,0,1023
8002,456,934,0,1390
8003,571,477,0,1048
8004,350,657,0,1007
8005,681,58,0,739
8006,264,755,0,1019
8007,665,854,0,1519
8008,544,234,0,778
8009,548,932,0,1480
8010,556,441,0,997
8011,0,520,0,520
8012,829,673,0,1502
8013,313,852,0,1165
8014,505,410,0,915
8015,471,751,0,1222
8016,941,9,0,950
8017,327,829,0,1156
8018,617,523,0,1140
8019,790,685,0,1475
8020,505,814,0,1319
8021,488,459,0,947
8022,980,317,0,1297
8023,257,106,0,363
8024,839,966,0,1805
8025,69,637,0,706
8026,146,327,0,473
8027,472,308,0,780
8028,142,265,0,407
8029,694,9,0,703
8030,252,765,0,1017
8031,771,327,0,1098
8032,426,236,0,662
8033,290,157,0,447
8034,49,577,0,626
8035,303,651,0,954
8036,43,208,0,251
8037,250,84,0,334
8038,315,358,0,673
8039,448,461,0,909
8040,416,266,0,682
8041,292,545,0,837
8042,829,105,0,934
8043,649,893,0,1542
8044,99,145,0,244
8045,483,254,0,737
8046,466,559,0,1025
8047,975,348,0,1323
8048,250,611,0,861
8049,578,212,0,790
8050,469,253,0,722
8051,142,46,0,188
8052,119,561,0,680
8053,548,303,0,851
8054,275,26,0,301
8055,105,667,0,772
8056,383,190,0,573
8057,38,914,0,952
8058,754,470,0,1224
8059,735,603,0,1338
8060,907,411,0,1318
8061,909,239,0,1148
8062,798,511,0,1309
8063,815,925,0,1740
8064,252,612,0,864
8065,608,124,0,732
8066,334,980,0,1314
8067,811,848,0,1659
8068,694,60,0,754
8069,751,741,0,1492
8070,117,681,0,798
8071,964,834,0,1798
8072,245,246,0,491
8073,737,95,0,832
8074,780,100,0,880
8075,140,407,0,547
8076,960,439,0,1399
8077,643,990,0,1633
8078,579,858,0,1437
8079,347,514,0,861
8080,197,203,0,400
8081,403,867,0,1270
8082,218,123,0,341
8083,864,590,0,1454
8084,649,901,0,1550
8085,920,822,0,1742
8086,865,214,0,1079
8087,708,144,0,852
8088,324,590,0,914
8089,979,673,0,1652
8090,182,237,0,419
8091,293,971,0,1264
8092,678,608,0,1286
8093,633,918,0,1551
8094,620,219,0,839
8095,498,659,0,1157
8096,723,382,0,1105
8097,471,519,0,990
8098,872,1000,0,1872
8099,561,499,0,1060
8100,151,936,0,1087
8101,714,825,0,1539
8102,991,600,0,1591
8103,27,353,0,380
8104,89,983,0,1072
8105,393,271,0,664
8106,438,737,0,1175
8107,540,86,0,626
8108,947,520,0,1467
8109,11,297,0,308
8110,518,564,0,1082
8111,238,365,0,603
8112,53,877,0,930
8113,72,177,0,249
8114,427,474,0,901
8115,422,888,0,1310
8116,302,589,0,891
8117,868,214,0,1082
8118,338,252,0,590
8119,393,362,0,755
8120,652,340,0,992
8121,86,377,0,463
8122,669,793,0,1462
8123,860,832,0,1692
8124,920,403,0,1323
8125,389,715,0,1104
8126,585,613,0,1198
8127,96,805,0,901
8128,912,596,0,1508
8129,319,684,0,1003
8130,868,146,0,1014
8131,379,444,0,823
8132,495,793,0,1288
8133,999,146,0,1145
8134,264,399,0,663
8135,709,784,0,1493
8136,884,496,0,1380
8137,180,546,0,726
8138,218,667,0,885
8139,72,3,0,75
8140,145,138,0,283
8141,685,86,0,771
8142,781,597,0,1378
8143,516,917,0,1433
8144,911,769,0,1680
8145,445,232,0,677
8146,77,151,0,228
8147,830,936,0,1766
8148,631,642,0,1273
8149,93,183,0,276
8150,74,475,0,549
8151,886,479,0,1365
8152,968,575,0,1543
8153,451,780,0,1231
8154,721,385,0,1106
8155,80,114,0,194
8156,8,982,0,990
8157,576,930,0,1506
8158,368,684,0,1052
8159,152,303,0,455
8160,10,225,0,235
8161,977,300,0,1277
8162,113,549,0,662
8163,629,451,0,1080
8164,854,905,0,1759
8165,704,451,0,1155
8166,216,902,0,1118
8167,491,1,0,492
8168,572,416,0,988
8169,885,629,0,1514
8170,168,399,0,567
8171,997,683,0,1680
8172,220,51,0,271
8173,308,293,0,601
8174,679,210,0,889
8175,616,303,0,919
8176,774,791,0,1565
8177,322,849,0,1171
8178,974,533,0,1507
8179,538,810,0,1348
8180,578,333,0,911
8181,715,72,0,787
8182,10,390,0,400
8183,266,235,0,501
8184,141,398,0,539
8185,57,3,0,60
8186,373,272,0,645
8187,474,827,0,1301
8188,991,534,0,1525
8189,9,545,0,554
8190,363,828,0,1191
8191,130,590,0,720
8192,582,44,0,626
8193,12,239,0,251
8194,231,717,0,948
8195,235,188,0,423
8196,215,84,0,299
8197,116,196,0,312
8198,954,1000,0,1954
8199,802,949,0,1751
8200,753,388,0,1141
8201,627,825,0,1452
8202,694,59,0,753
8203,512,841,0,1353
8204,166,135,0,301
8205,696,91,0,787
8206,742,421,0,1163
8207,686,894,0,1580
8208,458,117,0,575
8209,864,98,0,962
8210,676,470,0,1146
8211,864,83,0,947
8212,927,349,0,1276
8213,680,321,0,1001
8214,622,358,0,980
8215,54,105,0,159
8216,272,271,0,543
8217,102,177,0,279
8218,624,195,0,819
8219,808,157,0,965
8220,387,140,0,527
8221,492,722,0,1214
8222,695,751,0,1446
8223,698,899,0,1597
8224,479,988,0,1467
8225,731,381,0,1112
8226,583,916,0,1499
8227,856,9,0,865
8228,138,540,0,678
8229,132,692,0,824
8230,740,519,0,1259
8231,919,1,0,920
8232,596,311,0,907
8233,61,72,0,133
8234,647,52,0,699
8235,908,173,0,1081
8236,675,416,0,1091
8237,401,718,0,1119
8238,483,98,0,581
8239,887,607,0,1494
8240,837,675,0,1512
8241,353,592,0,945
8242,116,468,0,584
8243,630,491,0,1121
8244,356,205,0,561
8245,34,820,0,854
8246,198,111,0,309
8247,460,878,0,1338
8248,367,991,0,1358
8249,121,828,0,949
8250,7,179,0,186
8251,798,324,0,1122
8252,442,258,0,700
8253,814,150,0,964
8254,108,498,0,606
8255,573,610,0,1183
8256,323,461,0,784
8257,201,192,0,393
8258,447,587,0,1034
8259,16,325,0,341
8260,774,250,0,1024
8261,241,139,0,380
8262,157,372,0,529
8263,643,475,0,1118
8264,560,445,0,1005
8265,195,818,0,1013
8266,637,251,0,888
8267,271,348,0,619
8268,477,4,0,481
8269,386,716,0,1102
8270,974,478,0,1452
8271,439,276,0,715
8272,135,905,0,1040
8273,412,635,0,1047
8274,18,704,0,722
8275,889,490,0,1379
8276,427,289,0,716
8277,619,662,0,1281
8278,972,783,0,1755
8279,232,644,0,876
8280,455,270,0,725
8281,843,982,0,1825
8282,163,57,0,220
8283,827,432,0,1259
8284,22,329,0,351
8285,234,783,0,1017
8286,495,671,0,1166
8287,365,176,0,541
8288,554,199,0,753
8289,629,111,0,740
8290,305,904,0,1209
8291,167,123,0,290
8292,687,341,0,1028
8293,570,216,0,786
8294,836,721,0,1557
8295,94,303,0,397
8296,155,767,0,922
8297,351,709,0,1060
8298,649,613,0,1262
8299,319,976,0,1295
8300,934,814,0,1748
8301,956,966,0,1922
8302,195,30,0,225
8303,2,865,0,867
8304,265,84,0,349
8305,791,327,0,1118
8306,313,286,0,599
8307,676,542,0,1218
8308,509,376,0,885
8309,689,651,0,1340
8310,678,375,0,1053
8311,892,399,0,1291
8312,889,470,0,1359
8313,692,573,0,1265
8314,144,674,0,818
8315,705,20,0,725
8316,858,445,0,1303
8317,607,852,0,1459
8318,918,484,0,1402
8319,16,927,0,943
8320,432,62,0,494
8321,453,232,0,685
8322,294,488,0,782
8323,895,490,0,1385
8324,52,105,0,157
8325,507,736,0,1243
8326,263,73,0,336
8327,224,630,0,854
8328,514,299,0,813
8329,683,426,0,1109
8330,252,154,0,406
8331,225,134,0,359
8332,900,486,0,1386
8333,914,690,0,1604
8334,329,328,0,657
8335,680,658,0,1338
8336,808,670,0,1478
8337,768,811,0,1579
8338,550,199,0,749
8339,289,299,0,588
8340,556,427,0,983
8341,115,416,0,531
8342,731,706,0,1437
8343,123,795,0,918
8344,356,834,0,1190
8345,876,541,0,1417
8346,95,677,0,772
8347,402,582,0,984
8348,115,558,0,673
8349,611,72,0,683
8350,918,406,0,1324
8351,588,403,0,991
8352,730,722,0,1452
8353,198,815,0,1013
8354,59,355,0,414
8355,206,381,0,587
8356,22,776,0,798
8357,255,385,0,640
8358,304,331,0,635
8359,528,890,0,1418
8360,289,125,0,414
8361,640,920,0,1560
8362,298,569,0,867
8363,23,136,0,159
8364,69,579,0,648
8365,342,660,0,1002
8366,578,84,0,662
8367,333,331,0,664
8368,487,289,0,776
8369,719,287,0,1006
8370,857,511,0,1368
8371,43,258,0,301
8372,358,307,0,665
8373,855,463,0,1318
8374,720,313,0,1033
8375,770,353,0,1123
8376,445,246,0,691
8377,760,783,0,1543
8378,327,50,0,377
8379,764,396,0,1160
8380,487,360,0,847
8381,903,800,0,1703
8382,270,295,0,565
8383,157,672,0,829
8384,148,174,0,322
8385,935,918,0,1853
8386,485,550,0,1035
8387,616,789,0,1405
8388,274,264,0,538
8389,146,255,0,401
8390,185,839,0,1024
8391,295,26,0,321
8392,206,517,0,723
8393,685,438,0,1123
8394,493,219,0,712
8395,349,894,0,1243
8396,344,788,0,1132
8397,941,208,0,1149
8398,65,921,0,986
8399,831,51,0,882
8400,665,200,0,865
8401,524,857,0,1381
8402,193,835,0,1028
8403,613,246,0,859
8404,36,481,0,517
8405,915,790,0,1705
8406,491,442,0,933
8407,785,100,0,885
8408,22,708,0,730
8409,782,301,0,1083
8410,283,183,0,466
8411,194,419,0,613
8412,552,814,0,1366
8413,214,48,0,262
8414,297,738,0,1035
8415,979,799,0,1778
8416,968,110,0,1078
8417,247,965,0,1212
8418,259,523,0,782
8419,168,611,0,779
8420,447,87,0,534
8421,262,526,0,788
8422,597,919,0,1516
8423,302,540,0,842
8424,764,947,0,1711
8425,389,232,0,621
8426,769,550,0,1319
8427,190,352,0,542
8428,864,444,0,1308
8429,944,272,0,1216
8430,418,487,0,905
8431,935,248,0,1183
8432,720,414,0,1134
8433,751,139,0,890
8434,772,473,0,1245
8435,239,373,0,612
8436,439,454,0,893
8437,633,884,0,1517
8438,689,357,0,1046
8439,216,120,0,336
8440,995,308,0,1303
8441,74,445,0,519
8442,252,41,0,293
8443,190,225,0,415
8444,546,3,0,549
8445,975,770,0,1745
8446,150,74,0,224
8447,329,659,0,988
8448,294,894,0,1188
8449,792,905,0,1697
8450,926,619,0,1545
8451,453,877,0,1330
8452,30,168,0,198
8453,720,411,0,1131
8454,381,578,0,959
8455,719,906,0,1625
8456,721,146,0,867
8457,839,596,0,1435
8458,473,995,0,1468
8459,674,373,0,1047
8460,442,562,0,1004
8461,949,573,0,1522
8462,682,438,0,1120
8463,76,564,0,640
8464,860,96,0,956
8465,781,5,0,786
8466,816,771,0,1587
8467,844,13,0,857
8468,416,997,0,1413
8469,839,812,0,1651
8470,873,810,0,1683
8471,294,325,0,619
8472,76,80,0,156
8473,829,408,0,1237
8474,229,309,0,538
8475,636,561,0,1197
8476,484,255,0,739
8477,901,779,0,1680
8478,439,817,0,1256
8479,576,313,0,889
8480,594,540,0,1134
8481,975,744,0,1719
8482,381,425,0,806
8483,170,264,0,434
8484,439,350,0,789
8485,752,403,0,1155
8486,673,604,0,1277
8487,686,588,0,1274
8488,34,860,0,894
8489,747,54,0,801
8490,774,802,0,1576
8491,108,150,0,258
8492,192,308,0,500
8493,114,403,0,517
8494,565,20,0,585
8495,471,98,0,569
8496,749,568,0,1317
8497,21,603,0,624
8498,756,372,0,1128
8499,395,671,0,1066
8500,968,548,0,1516
8501,416,981,0,1397
8502,682,971,0,1653
8503,372,639,0,1011
8504,959,294,0,1253
8505,627,930,0,1557
8506,600,111,0,711
8507,147,777,0,924
8508,512,764,0,1276
8509,735,652,0,1387
8510,18,789,0,807
8511,46,530,0,576
8512,895,821,0,1716
8513,49,494,0,543
8514,892,685,0,1577
8515,658,999,0,1657
8516,520,542,0,1062
8517,783,786,0,1569
8518,313,475,0,788
8519,308,709,0,1017
8520,202,940,0,1142
8521,510,727,0,1237
8522,930,335,0,1265
8523,804,275,0,1079
8524,264,590,0,854
8525,699,56,0,755
8526,141,498,0,639
8527,98,479,0,577
8528,354,976,0,1330
8529,675,373,0,1048
8530,511,318,0,829
8531,345,711,0,1056
8532,561,780,0,1341
8533,572,524,0,1096
8534,620,223,0,843
8535,486,210,0,696
8536,975,163,0,1138
8537,730,438,0,1168
8538,832,222,0,1054
8539,584,754,0,1338
8540,184,374,0,558
8541,630,622,0,1252
8542,571,408,0,979
8543,871,370,0,1241
8544,643,650,0,1293
8545,517,55,0,572
8546,313,954,0,1267
8547,800,207,0,1007
8548,175,772,0,947
8549,723,485,0,1208
8550,747,966,0,1713
8551,293,792,0,1085
8552,801,185,0,986
8553,821,223,0,1044
8554,945,291,0,1236
8555,919,814,0,1733
8556,159,578,0,737
8557,305,309,0,614
8558,223,516,0,739
8559,591,115,0,706
8560,545,678,0,1223
8561,994,246,0,1240
8562,507,423,0,930
8563,361,307,0,668
8564,5,5,0,10
8565,785,994,0,1779
8566,583,146,0,729
8567,151,953,0,1104
8568,78,235,0,313
8569,283,321,0,604
8570,64,129,0,193
8571,407,73,0,480
8572,614,542,0,1156
8573,894,301,0,1195
8574,217,893,0,1110
8575,750,526,0,1276
8576,535,422,0,957
8577,796,761,0,1557
8578,487,203,0,690
8579,33,316,0,349
8580,195,747,0,942
8581,445,636,0,1081
8582,323,916,0,1239
8583,229,813,0,1042
8584,846,976,0,1822
8585,927,516,0,1443
8586,183,789,0,972
8587,463,937,0,1400
8588,344,104,0,448
8589,465,229,0,694
8590,552,932,0,1484
8591,908,676,0,1584
8592,274,798,0,1072
8593,423,492,0,915
8594,640,51,0,691
8595,739,793,0,1532
8596,293,830,0,1123
8597,319,442,0,761
8598,196,195,0,391
8599,309,790,0,1099
8600,523,830,0,1353
8601,453,373,0,826
8602,808,530,0,1338
8603,723,399,0,1122
8604,578,29,0,607
8605,869,651,0,1520
8606,713,697,0,1410
8607,786,790,0,1576
8608,815,16,0,831
8609,423,456,0,879
8610,44,824,0,868
8611,922,665,0,1587
8612,203,649,0,852
8613,72,981,0,1053
8614,27,951,0,978
8615,890,593,0,1483
8616,33,721,0,754
8617,418,191,0,609
8618,918,526,0,1444
8619,930,393,0,1323
8620,20,558,0,578
8621,176,711,0,887
8622,21,587,0,608
8623,126,960,0,1086
8624,898,706,0,1604
8625,426,643,0,1069
8626,680,621,0,1301
8627,990,391,0,1381
8628,899,84,0,983
8629,51,702,0,753
8630,654,930,0,1584
8631,992,941,0,1933
8632,937,65,0,1002
8633,17,872,0,889
8634,549,729,0,1278
8635,704,386,0,1090
8636,180,963,0,1143
8637,107,569,0,676
8638,547,888,0,1435
8639,564,494,0,1058
8640,437,150,0,587
8641,130,831,0,961
8642,918,129,0,1047
8643,381,284,0,665
8644,432,805,0,1237
8645,909,472,0,1381
8646,512,386,0,898
8647,832,746,0,1578
8648,259,330,0,589
8649,222,569,0,791
8650,475,512,0,987
8651,289,572,0,861
8652,692,9,0,701
8653,180,83,0,263
8654,913,788,0,1701
8655,748,277,0,1025
8656,845,919,0,1764
8657,254,130,0,384
8658,337,353,0,690
8659,576,743,0,1319
8660,401,200,0,601
8661,62,115,0,177
8662,117,21,0,138
8663,118,539,0,657
8664,468,993,0,1461
8665,603,158,0,761
8666,564,454,0,1018
8667,105,570,0,675
8668,104,373,0,477
8669,886,752,0,1638
8670,54,588,0,642
8671,319,360,0,679
8672,240,1000,0,1240
8673,675,976,0,1651
8674,283,707,0,990
8675,1,922,0,923
8676,930,538,0,1468
8677,833,182,0,1015
8678,942,911,0,1853
8679,194,424,0,618
8680,252,171,0,423
8681,110,75,0,185
8682,717,57,0,774
8683,571,170,0,741
8684,710,109,0,819
8685,645,85,0,730
8686,821,153,0,974
8687,678,339,0,1017
8688,158,74,0,232
8689,352,933,0,1285
8690,790,983,0,1773
8691,528,705,0,1233
8692,158,743,0,901
8693,34,307,0,341
8694,147,615,0,762
8695,438,930,0,1368
8696,451,652,0,1103
8697,794,122,0,916
8698,655,693,0,1348
8699,720,340,0,1060
8700,289,565,0,854
8701,753,672,0,1425
8702,62,234,0,296
8703,581,239,0,820
8704,506,890,0,1396
8705,42,43,0,85
8706,142,658,0,800
8707,682,725,0,1407
8708,655,716,0,1371
8709,535,972,0,1507
8710,364,637,0,1001
8711,717,773,0,1490
8712,781,493,0,1274
8713,811,86,0,897
8714,6,154,0,160
8715,147,245,0,392
8716,511,394,0,905
8717,833,372,0,1205
8718,467,572,0,1039
8719,930,206,0,1136
8720,184,616,0,800
8721,941,124,0,1065
8722,131,215,0,346
8723,913,858,0,1771
8724,890,362,0,1252
8725,660,597,0,1257
8726,793,862,0,1655
8727,832,99,0,931
8728,933,635,0,1568
8729,14,734,0,748
8730,366,519,0,885
8731,151,393,0,544
8732,846,964,0,1810
8733,419,737,0,1156
8734,260,556,0,816
8735,877,100,0,977
8736,395,7,0,402
8737,180,662,0,842
8738,886,369,0,1255
8739,677,489,0,1166
8740,959,556,0,1515
8741,832,766,0,1598
8742,676,912,0,1588
8743,100,686,0,786
8744,692,561,0,1253
8745,851,853,0,1704
8746,582,634,0,1216
8747,830,899,0,1729
8748,889,63,0,952
8749,164,985,0,1149
8750,81,262,0,343
8751,717,482,0,1199
8752,743,764,0,1507
8753,322,865,0,1187
8754,399,450,0,849
8755,219,369,0,588
8756,227,186,0,413
8757,460,694,0,1154
8758,389,476,0,865
8759,532,23,0,555
8760,982,793,0,1775
8761,987,772,0,1759
8762,796,679,0,1475
8763,168,720,0,888
8764,265,914,0,1179
8765,964,175,0,1139
8766,128,996,0,1124
8767,687,422,0,1109
8768,641,158,0,799
8769,525,243,0,768
8770,798,738,0,1536
8771,133,559,0,692
8772,596,185,0,781
8773,536,541,0,1077
8774,87,813,0,900
8775,601,466,0,1067
8776,319,258,0,577
8777,886,333,0,1219
8778,411,389,0,800
8779,107,19,0,126
8780,782,293,0,1075
8781,264,284,0,548
8782,987,381,0,1368
8783,217,248,0,465
8784,225,407,0,632
8785,135,538,0,673
8786,136,85,0,221
8787,455,700,0,1155
8788,437,236,0,673
8789,888,857,0,1745
8790,482,86,0,568
8791,102,468,0,570
8792,885,327,0,1212
8793,465,245,0,710
8794,229,646,0,875
8795,908,598,0,1506
8796,695,71,0,766
8797,498,615,0,1113
8798,1,638,0,639
8799,158,160,0,318
8800,350,957,0,1307
8801,573,161,0,734
8802,340,471,0,811
8803,257,743,0,1000
8804,178,604,0,782
8805,532,673,0,1205
8806,761,669,0,1430
8807,477,135,0,612
8808,145,259,0,404
8809,53,823,0,876
8810,554,18,0,572
8811,165,23,0,188
8812,390,542,0,932
8813,346,392,0,738
8814,914,248,0,1162
8815,371,120,0,491
8816,491,723,0,1214
8817,725,338,0,1063
8818,478,613,0,1091
8819,573,273,0,846
8820,189,902,0,1091
8821,210,113,0,323
8822,357,385,0,742
8823,866,46,0,912
8824,968,783,0,1751
8825,457,934,0,1391
8826,53,194,0,247
8827,568,607,0,1175
8828,256,172,0,428
8829,526,432,0,958
8830,568,837,0,1405
8831,356,181,0,537
8832,690,280,0,970
8833,233,972,0,1205
8834,92,974,0,1066
8835,287,847,0,1134
8836,48,984,0,1032
8837,687,499,0,1186
8838,957,487,0,1444
8839,763,541,0,1304
8840,307,469,0,776
8841,840,629,0,1469
8842,188,600,0,788
8843,484,119,0,603
8844,853,53,0,906
8845,215,808,0,1023
8846,326,71,0,397
8847,819,954,0,1773
8848,54,481,0,535
8849,110,530,0,640
8850,576,392,0,968
8851,613,502,0,1115
8852,92,311,0,403
8853,405,8,0,413
8854,232,9,0,241
8855,519,491,0,1010
8856,871,186,0,1057
8857,360,964,0,1324
8858,848,262,0,1110
8859,212,586,0,798
8860,34,162,0,196
8861,616,65,0,681
8862,498,972,0,1470
8863,916,623,0,1539
8864,459,277,0,736
8865,670,887,0,1557
8866,924,753,0,1677
8867,620,332,0,952
8868,949,880,0,1829
8869,378,547,0,925
8870,720,983,0,1703
8871,462,832,0,1294
8872,663,619,0,1282
8873,228,81,0,309
8874,563,44,0,607
8875,747,881,0,1628
8876,340,586,0,926
8877,885,418,0,1303
8878,532,557,0,1089
8879,635,119,0,754
8880,862,225,0,1087
8881,47,756,0,803
8882,548,472,0,1020
8883,171,561,0,732
8884,177,81,0,258
8885,928,818,0,1746
8886,287,304,0,591
8887,516,523,0,1039
8888,391,748,0,1139
8889,22,843,0,865
8890,365,286,0,651
8891,524,271,0,795
8892,762,498,0,1260
8893,169,461,0,630
8894,646,667,0,1313
8895,325,888,0,1213
8896,305,521,0,826
8897,732,194,0,926
8898,227,48,0,275
8899,906,70,0,976
8900,522,630,0,1152
8901,900,1,0,901
8902,580,810,0,1390
8903,641,811,0,1452
8904,948,720,0,1668
8905,623,260,0,883
8906,696,680,0,1376
8907,912,630,0,1542
8908,595,401,0,996
8909,963,691,0,1654
8910,825,553,0,1378
8911,199,792,0,991
8912,953,587,0,1540
8913,49,263,0,312
8914,518,682,0,1200
8915,991,136,0,1127
8916,24,632,0,656
8917,794,718,0,1512
8918,275,588,0,863
8919,53,461,0,514
8920,681,626,0,1307
8921,57,537,0,594
8922,729,272,0,1001
8923,554,514,0,1068
8924,354,777,0,1131
8925,565,398,0,963
8926,402,393,0,795
8927,471,587,0,1058
8928,431,95,0,526
8929,692,832,0,1524
8930,338,367,0,705
8931,843,751,0,1594
8932,108,420,0,528
8933,163,596,0,759
8934,393,47,0,440
8935,734,871,0,1605
8936,179,2,0,181
8937,994,872,0,1866
8938,892,469,0,1361
8939,137,819,0,956
8940,221,176,0,397
8941,597,230,0,827
8942,352,76,0,428
8943,294,154,0,448
8944,65,614,0,679
8945,764,373,0,1137
8946,198,86,0,284
8947,162,635,0,797
8948,580,228,0,808
8949,913,786,0,1699
8950,107,167,0,274
8951,855,140,0,995
8952,526,79,0,605
8953,916,386,0,1302
8954,71,471,0,542
8955,278,774,0,1052
8956,273,768,0,1041
8957,784,468,0,1252
8958,70,603,0,673
8959,116,376,0,492
8960,147,143,0,290
8961,617,665,0,1282
8962,467,118,0,585
8963,424,568,0,992
8964,864,430,0,1294
8965,115,132,0,247
8966,49,811,0,860
8967,41,449,0,490
8968,408,15,0,423
8969,416,509,0,925
8970,952,207,0,1159
8971,976,281,0,1257
8972,913,312,0,1225
8973,688,834,0,1522
8974,809,406,0,1215
8975,834,162,0,996
8976,811,542,0,1353
8977,496,213,0,709
8978,124,113,0,237
8979,322,372,0,694
8980,9,173,0,182
8981,364,56,0,420
8982,526,49,0,575
8983,297,834,0,1131
8984,903,72,0,975
8985,557,535,0,1092
8986,870,240,0,1110
8987,484,225,0,709
8988,782,513,0,1295
8989,790,132,0,922
8990,311,363,0,674
8991,679,34,0,713
8992,418,247,0,665
8993,448,54,0,502
8994,396,55,0,451
8995,625,700,0,1325
8996,70,740,0,810
8997,624,744,0,1368
8998,425,513,0,938
8999,312,734,0,1046
9000,71,850,0,921
9001,532,166,0,698
9002,760,243,0,1003
9003,136,721,0,857
9004,671,156,0,827
9005,593,7,0,600
9006,721,512,0,1233
9007,12,603,0,615
9008,311,634,0,945
9009,372,617,0,989
9010,627,871,0,1498
9011,72,94,0,166
9012,677,759,0,1436
9013,502,182,0,684
9014,73,515,0,588
9015,699,441,0,1140
9016,999,137,0,1136
9017,301,24,0,325
9018,389,604,0,993
9019,787,322,0,1109
9020,338,769,0,1107
9021,462,951,0,1413
9022,785,248,0,1033
9023,444,887,0,1331
9024,604,148,0,752
9025,65,186,0,251
9026,285,301,0,586
9027,452,249,0,701
9028,326,622,0,948
9029,572,711,0,1283
9030,392,913,0,1305
9031,684,944,0,1628
9032,692,61,0,753
9033,729,438,0,1167
9034,201,816,0,1017
9035,991,198,0,1189
9036,883,663,0,1546
9037,784,76,0,860
9038,77,44,0,121
9039,786,526,0,1312
9040,58,504,0,562
9041,194,333,0,527
9042,826,281,0,1107
9043,640,115,0,755
9044,637,724,0,1361
9045,680,141,0,821
9046,678,27,0,705
9047,725,283,0,1008
9048,600,458,0,1058
9049,1000,425,0,1425
9050,203,84,0,287
9051,657,96,0,753
9052,134,134,0,268
9053,480,715,0,1195
9054,179,147,0,326
9055,968,371,0,1339
9056,192,575,0,767
9057,13,650,0,663
9058,570,86,0,656
9059,985,51,0,1036
9060,789,990,0,1779
9061,872,167,0,1039
9062,201,179,0,380
9063,316,847,0,1163
9064,229,573,0,802
9065,535,66,0,601
9066,473,4,0,477
9067,606,494,0,1100
9068,438,106,0,544
9069,830,549,0,1379
9070,542,21,0,563
9071,387,290,0,677
9072,778,76,0,854
9073,956,135,0,1091
9074,224,234,0,458
9075,306,805,0,1111
9076,382,766,0,1148
9077,755,761,0,1516
9078,794,210,0,1004
9079,536,87,0,623
9080,593,807,0,1400
9081,485,712,0,1197
9082,758,189,0,947
9083,120,254,0,374
9084,507,677,0,1184
9085,708,918,0,1626
9086,404,978,0,1382
9087,797,405,0,1202
9088,177,438,0,615
9089,276,942,0,1218
9090,257,913,0,1170
9091,421,763,0,1184
9092,926,134,0,1060
9093,71,965,0,1036
9094,905,421,0,1326
9095,777,756,0,1533
9096,505,765,0,1270
9097,6,852,0,858
9098,391,709,0,1100
9099,870,497,0,1367
9100,160,291,0,451
9101,223,657,0,880
9102,792,842,0,1634
9103,61,804,0,865
9104,342,968,0,1310
9105,302,526,0,828
9106,656,20,0,676
9107,619,727,0,1346
9108,522,69,0,591
9109,994,347,0,1341
9110,437,846,0,1283
9111,350,527,0,877
9112,731,921,0,1652
9113,249,678,0,927
9114,816,596,0,1412
9115,715,404,0,1119
9116,333,10,0,343
9117,610,760,0,1370
9118,776,217,0,993
9119,33,956,0,989
9120,605,135,0,740
9121,759,594,0,1353
9122,74,850,0,924
9123,367,970,0,1337
9124,35,76,0,111
9125,231,980,0,1211
9126,896,334,0,1230
9127,27,859,0,886
9128,43,468,0,511
9129,728,661,0,1389
9130,668,727,0,1395
9131,197,476,0,673
9132,702,519,0,1221
9133,517,997,0,1514
9134,338,413,0,751
9135,716,828,0,1544
9136,216,541,0,757
9137,962,916,0,1878
9138,959,878,0,1837
9139,924,317,0,1241
9140,621,135,0,756
9141,817,306,0,1123
9142,582,209,0,791
9143,862,871,0,1733
9144,831,748,0,1579
9145,495,165,0,660
9146,418,779,0,1197
9147,473,580,0,1053
9148,553,193,0,746
9149,631,818,0,1449
9150,271,503,0,774
9151,97,179,0,276
9152,536,7,0,543
9153,858,490,0,1348
9154,962,581,0,1543
9155,736,566,0,1302
9156,98,985,0,1083
9157,244,623,0,867
9158,409,10,0,419
9159,378,942,0,1320
9160,427,910,0,1337
9161,340,536,0,876
9162,45,214,0,259
9163,723,189,0,912
9164,391,69,0,460
9165,266,655,0,921
9166,934,984,0,1918
9167,266,446,0,712
9168,973,894,0,1867
9169,11,682,0,693
9170,717,589,0,1306
9171,297,340,0,637
9172,128,543,0,671
9173,831,202,0,1033
9174,65,22,0,87
9175,547,857,0,1404
9176,813,847,0,1660
9177,161,723,0,884
9178,403,613,0,1016
9179,558,159,0,717
9180,597,648,0,1245
9181,381,527,0,908
9182,241,128,0,369
9183,300,744,0,1044
9184,29,943,0,972
9185,506,462,0,968
9186,816,155,0,971
9187,416,246,0,662
9188,323,463,0,786
9189,195,382,0,577
9190,184,168,0,352
9191,377,611,0,988
9192,6,295,0,301
9193,610,878,0,1488
9194,282,158,0,440
9195,76,928,0,1004
9196,285,839,0,1124
9197,705,784,0,1489
9198,715,765,0,1480
9199,844,306,0,1150
9200,156,940,0,1096
9201,536,373,0,909
9202,860,309,0,1169
9203,604,773,0,1377
9204,575,465,0,1040
9205,498,612,0,1110
9206,673,98,0,771
9207,780,125,0,905
9208,338,242,0,580
9209,973,507,0,1480
9210,39,103,0,142
9211,667,340,0,1007
9212,982,493,0,1475
9213,998,746,0,1744
9214,718,50,0,768
9215,583,958,0,1541
9216,48,781,0,829
9217,354,896,0,1250
9218,584,748,0,1332
9219,266,760,0,1026
9220,746,265,0,1011
9221,862,889,0,1751
9222,977,340,0,1317
9223,372,374,0,746
9224,472,474,0,946
9225,62,183,0,245
9226,981,576,0,1557
9227,144,453,0,597
9228,91,265,0,356
9229,900,489,0,1389
9230,828,79,0,907
9231,762,406,0,1168
9232,177,925,0,1102
9233,560,586,0,1146
9234,876,464,0,1340
9235,640,206,0,846
9236,675,924,0,1599
9237,420,652,0,1072
9238,413,522,0,935
9239,505,423,0,928
9240,248,959,0,1207
9241,514,47,0,561
9242,349,11,0,360
9243,516,123,0,639
9244,285,604,0,889
9245,917,686,0,1603
9246,156,348,0,504
9247,450,753,0,1203
9248,422,753,0,1175
9249,694,932,0,1626
9250,113,107,0,220
9251,261,438,0,699
9252,173,243,0,416
9253,811,455,0,1266
9254,929,431,0,1360
9255,813,192,0,1005
9256,564,134,0,698
9257,934,700,0,1634
9258,549,427,0,976
9259,370,669,0,1039
9260,49,940,0,989
9261,39,317,0,356
9262,938,334,0,1272
9263,992,893,0,1885
9264,400,776,0,1176
9265,26,24,0,50
9266,855,573,0,1428
9267,548,661,0,1209
9268,849,28,0,877
9269,119,248,0,367
9270,224,341,0,565
9271,816,518,0,1334
9272,143,871,0,1014
9273,169,59,0,228
9274,351,538,0,889
9275,982,492,0,1474
9276,358,12,0,370
9277,845,585,0,1430
9278,537,572,0,1109
9279,827,306,0,1133
9280,590,893,0,1483
9281,0,301,0,301
9282,660,541,0,1201
9283,621,716,0,1337
9284,635,982,0,1617
9285,690,669,0,1359
9286,435,957,0,1392
9287,27,636,0,663
9288,196,161,0,357
9289,366,783,0,1149
9290,750,33,0,783
9291,108,470,0,578
9292,389,525,0,914
9293,659,125,0,784
9294,570,725,0,1295
9295,870,4,0,874
9296,280,863,0,1143
9297,387,398,0,785
9298,962,109,0,1071
9299,801,559,0,1360
9300,974,414,0,1388
9301,412,613,0,1025
9302,337,6,0,343
9303,500,654,0,1154
9304,166,606,0,772
9305,6,760,0,766
9306,514,418,0,932
9307,234,16,0,250
9308,798,826,0,1624
9309,687,789,0,1476
9310,264,370,0,634
9311,561,292,0,853
9312,210,634,0,844
9313,818,780,0,1598
9314,331,726,0,1057
9315,179,903,0,1082
9316,98,262,0,360
9317,893,315,0,1208
9318,477,493,0,970
9319,722,976,0,1698
9320,729,82,0,811
9321,172,459,0,631
9322,764,909,0,1673
9323,768,316,0,1084
9324,914,725,0,1639
9325,594,592,0,1186
9326,911,160,0,1071
9327,688,179,0,867
9328,185,521,0,706
9329,23,441,0,464
9330,827,943,0,1770
9331,789,662,0,1451
9332,320,713,0,1033
9333,415,778,0,1193
9334,439,728,0,1167
9335,709,790,0,1499
9336,395,567,0,962
9337,816,218,0,1034
9338,552,752,0,1304
9339,850,513,0,1363
9340,219,97,0,316
9341,806,729,0,1535
9342,657,271,0,928
9343,176,839,0,1015
9344,651,126,0,777
9345,195,864,0,1059
9346,278,416,0,694
9347,922,766,0,1688
9348,226,205,0,431
9349,162,34,0,196
9350,172,689,0,861
9351,803,630,0,1433
9352,727,365,0,1092
9353,956,72,0,1028
9354,4,747,0,751
9355,432,224,0,656
9356,218,180,0,398
9357,978,531,0,1509
9358,682,750,0,1432
9359,770,666,0,1436
9360,300,939,0,1239
9361,673,216,0,889
9362,37,673,0,710
9363,118,772,0,890
9364,775,338,0,1113
9365,250,555,0,805
9366,3,75,0,78
9367,506,347,0,853
9368,581,353,0,934
9369,810,983,0,1793
9370,739,137,0,876
9371,671,154,0,825
9372,343,621,0,964
9373,245,380,0,625
9374,307,404,0,711
9375,974,477,0,1451
9376,965,438,0,1403
9377,553,871,0,1424
9378,760,184,0,944
9379,558,380,0,938
9380,992,408,0,1400
9381,455,759,0,1214
9382,438,279,0,717
9383,972,612,0,1584
9384,415,7,0,422
9385,299,314,0,613
9386,279,197,0,476
9387,15,978,0,993
9388,852,847,0,1699
9389,667,926,0,1593
9390,6,617,0,623
9391,198,46,0,244
9392,536,990,0,1526
9393,530,799,0,1329
9394,237,864,0,1101
9395,155,110,0,265
9396,186,1,0,187
9397,479,564,0,1043
9398,189,799,0,988
9399,483,270,0,753
9400,253,757,0,1010
9401,920,427,0,1347
9402,644,920,0,1564
9403,269,158,0,427
9404,430,963,0,1393
9405,702,80,0,782
9406,688,282,0,970
9407,330,157,0,487
9408,976,678,0,1654
9409,823,771,0,1594
9410,272,356,0,628
9411,911,113,0,1024
9412,870,141,0,1011
9413,998,311,0,1309
9414,973,665,0,1638
9415,430,985,0,1415
9416,154,848,0,1002
9417,706,128,0,834
9418,542,27,0,569
9419,28,857,0,885
9420,434,945,0,1379
9421,199,73,0,272
9422,858,987,0,1845
9423,680,539,0,1219
9424,348,180,0,528
9425,334,527,0,861
9426,536,880,0,1416
9427,228,20,0,248
9428,271,367,0,638
9429,297,726,0,1023
9430,520,235,0,755
9431,70,976,0,1046
9432,311,895,0,1206
9433,397,351,0,748
9434,267,201,0,468
9435,696,421,0,1117
9436,428,326,0,754
9437,654,499,0,1153
9438,246,652,0,898
9439,113,722,0,835
9440,790,872,0,1662
9441,526,802,0,1328
9442,542,959,0,1501
9443,77,644,0,721
9444,564,873,0,1437
9445,386,40,0,426
9446,648,495,0,1143
9447,7,626,0,633
9448,407,470,0,877
9449,587,34,0,621
9450,369,126,0,495
9451,479,746,0,1225
9452,356,174,0,530
9453,851,985,0,1836
9454,914,818,0,1732
9455,908,698,0,1606
9456,587,699,0,1286
9457,161,297,0,458
9458,499,830,0,1329
9459,154,445,0,599
9460,967,828,0,1795
9461,146,247,0,393
9462,64,622,0,686
9463,243,981,0,1224
9464,0,181,0,181
9465,105,699,0,804
9466,65,84,0,149
9467,654,140,0,794
9468,897,15,0,912
9469,390,185,0,575
9470,651,291,0,942
9471,705,143,0,848
9472,456,742,0,1198
9473,461,80,0,541
9474,766,393,0,1159
9475,20,384,0,404
9476,885,57,0,942
9477,127,959,0,1086
9478,706,305,0,1011
9479,191,100,0,291
9480,610,548,0,1158
9481,52,799,0,851
9482,298,308,0,606
9483,874,521,0,1395
9484,752,884,0,1636
9485,311,23,0,334
9486,73,166,0,239
9487,104,914,0,1018
9488,646,683,0,1329
9489,11,2,0,13
9490,27,983,0,1010
9491,775,928,0,1703
9492,536,811,0,1347
9493,389,743,0,1132
9494,765,230,0,995
9495,632,739,0,1371
9496,496,760,0,1256
9497,423,88,0,511
9498,212,265,0,477
9499,904,27,0,931
9500,93,46,0,139
9501,28,224,0,252
9502,206,948,0,1154
9503,706,910,0,1616
9504,307,558,0,865
9505,814,370,0,1184
9506,758,216,0,974
9507,982,58,0,1040
9508,489,874,0,1363
9509,974,22,0,996
9510,0,348,0,348
9511,370,639,0,1009
9512,395,166,0,561
9513,183,130,0,313
9514,33,202,0,235
9515,746,20,0,766
9516,741,112,0,853
9517,458,896,0,1354
9518,445,755,0,1200
9519,288,250,0,538
9520,878,11,0,889
9521,468,962,0,1430
9522,968,454,0,1422
9523,689,137,0,826
9524,689,367,0,1056
9525,454,474,0,928
9526,441,462,0,903
9527,276,121,0,397
9528,29,726,0,755
9529,271,26,0,297
9530,806,167,0,973
9531,483,271,0,754
9532,108,9,0,117
9533,349,563,0,912
9534,218,709,0,927
9535,839,322,0,1161
9536,894,137,0,1031
9537,660,684,0,1344
9538,625,735,0,1360
9539,379,265,0,644
9540,783,541,0,1324
9541,323,39,0,362
9542,186,537,0,723
9543,741,566,0,1307
9544,321,983,0,1304
9545,992,988,0,1980
9546,375,517,0,892
9547,870,835,0,1705
9548,786,130,0,916
9549,407,46,0,453
9550,594,293,0,887
9551,21,132,0,153
9552,495,417,0,912
9553,886,633,0,1519
9554,258,490,0,748
9555,182,246,0,428
9556,875,567,0,1442
9557,658,23,0,681
9558,342,953,0,1295
9559,204,638,0,842
9560,442,73,0,515
9561,710,108,0,818
9562,807,277,0,1084
9563,560,605,0,1165
9564,119,295,0,414
9565,271,145,0,416
9566,147,441,0,588
9567,366,258,0,624
9568,917,740,0,1657
9569,595,58,0,653
9570,48,364,0,412
9571,103,918,0,1021
9572,191,532,0,723
9573,69,166,0,235
9574,688,333,0,1021
9575,615,809,0,1424
9576,41,129,0,170
9577,330,121,0,451
9578,822,775,0,1597
9579,780,885,0,1665
9580,424,816,0,1240
9581,622,287,0,909
9582,117,127,0,244
9583,736,853,0,1589
9584,631,2,0,633
9585,386,977,0,1363
9586,396,617,0,1013
9587,387,545,0,932
9588,733,244,0,977
9589,993,148,0,1141
9590,69,331,0,400
9591,107,926,0,1033
9592,332,661,0,993
9593,498,426,0,924
9594,458,385,0,843
9595,591,909,0,1500
9596,392,108,0,500
9597,613,325,0,938
9598,328,171,0,499
9599,294,33,0,327
9600,341,891,0,1232
9601,745,752,0,1497
9602,174,554,0,728
9603,192,738,0,930
9604,610,562,0,1172
9605,267,302,0,569
9606,94,833,0,927
9607,826,816,0,1642
9608,620,482,0,1102
9609,953,609,0,1562
9610,342,254,0,596
9611,685,680,0,1365
9612,933,311,0,1244
9613,902,926,0,1828
9614,953,959,0,1912
9615,582,166,0,748
9616,648,459,0,1107
9617,61,645,0,706
9618,103,658,0,761
9619,284,583,0,867
9620,680,379,0,1059
9621,2,375,0,377
9622,101,786,0,887
9623,13,942,0,955
9624,683,403,0,1086
9625,323,774,0,1097
9626,199,476,0,675
9627,297,284,0,581
9628,688,247,0,935
9629,405,53,0,458
9630,118,477,0,595
9631,277,406,0,683
9632,479,578,0,1057
9633,790,871,0,1661
9634,793,188,0,981
9635,492,114,0,606
9636,954,24,0,978
9637,501,879,0,1380
9638,873,51,0,924
9639,201,684,0,885
9640,373,884,0,1257
9641,918,33,0,951
9642,549,839,0,1388
9643,717,457,0,1174
9644,294,106,0,400
9645,334,723,0,1057
9646,184,988,0,1172
9647,314,289,0,603
9648,532,143,0,675
9649,994,628,0,1622
9650,738,676,0,1414
9651,104,605,0,709
9652,1000,233,0,1233
9653,212,353,0,565
9654,729,609,0,1338
9655,404,57,0,461
9656,955,430,0,1385
9657,858,110,0,968
9658,613,883,0,1496
9659,926,946,0,1872
9660,427,462,0,889
9661,973,296,0,1269
9662,740,251,0,991
9663,222,725,0,947
9664,15,448,0,463
9665,888,829,0,1717
9666,905,883,0,1788
9667,695,672,0,1367
9668,317,576,0,893
9669,384,869,0,1253
9670,763,49,0,812
9671,411,271,0,682
9672,772,496,0,1268
9673,42,846,0,888
9674,693,123,0,816
9675,657,817,0,1474
9676,166,270,0,436
9677,200,620,0,820
9678,769,782,0,1551
9679,741,410,0,1151
9680,809,91,0,900
9681,736,977,0,1713
9682,289,713,0,1002
9683,49,356,0,405
9684,200,612,0,812
9685,633,10,0,643
9686,486,684,0,1170
9687,194,491,0,685
9688,787,636,0,1423
9689,537,526,0,1063
9690,723,367,0,1090
9691,516,460,0,976
9692,700,554,0,1254
9693,360,476,0,836
9694,515,639,0,1154
9695,864,172,0,1036
9696,822,943,0,1765
9697,463,394,0,857
9698,707,256,0,963
9699,164,643,0,807
9700,556,420,0,976
9701,654,734,0,1388
9702,182,319,0,501
9703,821,484,0,1305
9704,769,389,0,1158
9705,605,915,0,1520
9706,305,787,0,1092
9707,769,780,0,1549
9708,534,95,0,629
9709,265,518,0,783
9710,714,325,0,1039
9711,682,98,0,780
9712,615,121,0,736
9713,959,663,0,1622
9714,141,545,0,686
9715,272,307,0,579
9716,473,732,0,1205
9717,424,915,0,1339
9718,855,424,0,1279
9719,182,422,0,604
9720,798,238,0,1036
9721,446,696,0,1142
9722,347,657,0,1004
9723,575,401,0,976
9724,414,544,0,958
9725,2,962,0,964
9726,102,439,0,541
9727,241,522,0,763
9728,956,473,0,1429
9729,472,674,0,1146
9730,188,717,0,905
9731,140,558,0,698
9732,448,277,0,725
9733,472,863,0,1335
9734,857,582,0,1439
9735,72,671,0,743
9736,739,687,0,1426
9737,4,882,0,886
9738,670,578,0,1248
9739,464,430,0,894
9740,12,582,0,594
9741,277,730,0,1007
9742,662,524,0,1186
9743,59,885,0,944
9744,345,398,0,743
9745,338,829,0,1167
9746,417,928,0,1345
9747,857,162,0,1019
9748,373,758,0,1131
9749,547,819,0,1366
9750,890,185,0,1075
9751,907,972,0,1879
9752,992,918,0,1910
9753,566,571,0,1137
9754,678,406,0,1084
9755,3,493,0,496
9756,874,319,0,1193
9757,992,851,0,1843
9758,152,904,0,1056
9759,848,943,0,1791
9760,640,417,0,1057
9761,219,175,0,394
9762,313,979,0,1292
9763,649,487,0,1136
9764,929,654,0,1583
9765,193,422,0,615
9766,79,320,0,399
9767,775,46,0,821
9768,463,537,0,1000
9769,964,93,0,1057
9770,411,53,0,464
9771,319,46,0,365
9772,75,267,0,342
9773,597,517,0,1114
9774,569,904,0,1473
9775,188,514,0,702
9776,493,888,0,1381
9777,305,609,0,914
9778,593,602,0,1195
9779,327,104,0,431
9780,976,810,0,1786
9781,229,468,0,697
9782,669,527,0,1196
9783,613,868,0,1481
9784,357,503,0,860
9785,974,547,0,1521
9786,186,238,0,424
9787,170,894,0,1064
9788,592,873,0,1465
9789,435,777,0,1212
9790,956,646,0,1602
9791,518,583,0,1101
9792,228,611,0,839
9793,114,372,0,486
9794,346,35,0,381
9795,306,620,0,926
9796,416,309,0,725
9797,71,693,0,764
9798,311,611,0,922
9799,993,716,0,1709
9800,939,677,0,1616
9801,453,173,0,626
9802,714,754,0,1468
9803,518,645,0,1163
9804,636,494,0,1130
9805,398,941,0,1339
9806,502,927,0,1429
9807,300,694,0,994
9808,327,884,0,1211
9809,42,270,0,312
9810,767,659,0,1426
9811,441,899,0,1340
9812,818,751,0,1569
9813,554,117,0,671
9814,784,923,0,1707
9815,605,121,0,726
9816,230,995,0,1225
9817,290,880,0,1170
9818,356,157,0,513
9819,579,829,0,1408
9820,767,902,0,1669
9821,600,653,0,1253
9822,416,531,0,947
9823,466,158,0,624
9824,749,324,0,1073
9825,762,683,0,1445
9826,922,824,0,1746
9827,452,633,0,1085
9828,231,681,0,912
9829,18,828,0,846
9830,895,118,0,1013
9831,649,648,0,1297
9832,777,250,0,1027
9833,671,895,0,1566
9834,549,90,0,639
9835,868,824,0,1692
9836,735,576,0,1311
9837,117,834,0,951
9838,884,799,0,1683
9839,415,843,0,1258
9840,658,211,0,869
9841,972,322,0,1294
9842,297,319,0,616
9843,394,230,0,624
9844,62,654,0,716
9845,792,568,0,1360
9846,399,67,0,466
9847,789,605,0,1394
9848,781,829,0,1610
9849,786,548,0,1334
9850,957,887,0,1844
9851,628,850,0,1478
9852,290,272,0,562
9853,720,121,0,841
9854,264,727,0,991
9855,561,794,0,1355
9856,776,230,0,1006
9857,327,515,0,842
9858,764,497,0,1261
9859,763,924,0,1687
9860,841,471,0,1312
9861,509,314,0,823
9862,161,200,0,361
9863,318,444,0,762
9864,423,4,0,427
9865,741,401,0,1142
9866,793,292,0,1085
9867,178,285,0,463
9868,66,619,0,685
9869,763,459,0,1222
9870,278,0,0,278
9871,844,55,0,899
9872,813,172,0,985
9873,962,777,0,1739
9874,260,865,0,1125
9875,680,332,0,1012
9876,739,829,0,1568
9877,806,112,0,918
9878,609,129,0,738
9879,358,667,0,1025
9880,65,229,0,294
9881,483,62,0,545
9882,532,509,0,1041
9883,331,717,0,1048
9884,737,802,0,1539
9885,567,260,0,827
9886,213,471,0,684
9887,124,699,0,823
9888,606,854,0,1460
9889,53,607,0,660
9890,388,10,0,398
9891,558,456,0,1014
9892,261,530,0,791
9893,383,333,0,716
9894,387,11,0,398
9895,979,852,0,1831
9896,651,604,0,1255
9897,187,532,0,719
9898,657,404,0,1061
9899,97,225,0,322
9900,93,187,0,280
9901,931,774,0,1705
9902,278,116,0,394
9903,660,215,0,875
9904,898,137,0,1035
9905,92,625,0,717
9906,916,205,0,1121
9907,861,209,0,1070
9908,629,64,0,693
9909,475,602,0,1077
9910,841,175,0,1016
9911,89,818,0,907
9912,697,651,0,1348
9913,932,57,0,989
9914,793,847,0,1640
9915,990,863,0,1853
9916,842,340,0,1182
9917,868,936,0,1804
9918,655,479,0,1134
9919,200,177,0,377
9920,572,793,0,1365
9921,816,902,0,1718
9922,497,334,0,831
9923,157,287,0,444
9924,173,64,0,237
9925,142,675,0,817
9926,324,163,0,487
9927,139,510,0,649
9928,909,738,0,1647
9929,922,805,0,1727
9930,81,666,0,747
9931,868,366,0,1234
9932,615,234,0,849
9933,218,412,0,630
9934,49,860,0,909
9935,516,549,0,1065
9936,726,660,0,1386
9937,462,761,0,1223
9938,939,772,0,1711
9939,547,114,0,661
9940,758,16,0,774
9941,908,355,0,1263
9942,418,769,0,1187
9943,202,572,0,774
9944,130,781,0,911
9945,319,600,0,919
9946,431,88,0,519
9947,918,932,0,1850
9948,631,238,0,869
9949,761,361,0,1122
9950,417,209,0,626
9951,514,362,0,876
9952,901,470,0,1371
9953,754,555,0,1309
9954,285,730,0,1015
9955,722,948,0,1670
9956,34,524,0,558
9957,399,142,0,541
9958,771,981,0,1752
9959,909,449,0,1358
9960,807,513,0,1320
9961,373,122,0,495
9962,113,411,0,524
9963,388,827,0,1215
9964,365,30,0,395
9965,980,270,0,1250
9966,758,475,0,1233
9967,282,307,0,589
9968,849,885,0,1734
9969,3,490,0,493
9970,365,45,0,410
9971,506,640,0,1146
9972,80,182,0,262
9973,284,179,0,463
9974,457,552,0,1009
9975,586,504,0,1090
9976,633,663,0,1296
9977,645,275,0,920
9978,841,685,0,1526
9979,647,872,0,1519
9980,302,408,0,710
9981,779,536,0,1315
9982,943,894,0,1837
9983,970,32,0,1002
9984,891,294,0,1185
9985,786,538,0,1324
9986,78,213,0,291
9987,689,833,0,1522
9988,882,405,0,1287
9989,42,322,0,364
9990,660,839,0,1499
9991,493,500,0,993
9992,99,619,0,718
9993,276,406,0,682
9994,848,336,0,1184
9995,513,664,0,1177
9996,921,830,0,1751
9997,835,542,0,1377
9998,548,685,0,1233
9999,715,287,0,1002
