id,number_1,operator,number_2,solution
0,39,0,957,996
1,78,0,652,730
2,940,0,699,1639
3,965,0,306,1271
4,884,0,655,1539
5,227,0,138,365
6,285,0,2,287
7,852,0,424,1276
8,512,0,564,1076
9,461,0,2,463
10,409,0,157,566
11,45,0,964,1009
12,90,0,194,284
13,458,0,362,820
14,957,0,464,1421
15,605,0,270,875
16,810,0,269,1079
17,582,0,773,1355
18,36,0,640,676
19,63,0,762,825
20,68,0,5,73
21,900,0,359,1259
22,731,0,699,1430
23,52,0,58,110
24,394,0,583,977
25,132,0,96,228
26,178,0,925,1103
27,407,0,822,1229
28,524,0,676,1200
29,275,0,255,530
30,384,0,451,835
31,249,0,323,572
32,910,0,7,917
33,433,0,485,918
34,300,0,348,648
35,714,0,396,1110
36,670,0,228,898
37,872,0,426,1298
38,670,0,521,1191
39,261,0,437,698
40,194,0,210,404
41,781,0,30,811
42,246,0,808,1054
43,614,0,374,988
44,398,0,710,1108
45,834,0,571,1405
46,487,0,371,858
47,860,0,441,1301
48,77,0,866,943
49,994,0,738,1732
50,588,0,400,988
51,934,0,458,1392
52,534,0,899,1433
53,723,0,502,1225
54,32,0,678,710
55,691,0,604,1295
56,593,0,43,636
57,17,0,355,372
58,810,0,586,1396
59,765,0,842,1607
60,41,0,168,209
61,97,0,79,176
62,836,0,418,1254
63,823,0,76,899
64,785,0,903,1688
65,867,0,331,1198
66,798,0,313,1111
67,561,0,866,1427
68,10,0,460,470
69,818,0,696,1514
70,894,0,202,1096
71,587,0,728,1315
72,920,0,751,1671
73,388,0,42,430
74,760,0,335,1095
75,523,0,329,852
76,94,0,646,740
77,849,0,240,1089
78,408,0,420,828
79,554,0,564,1118
80,156,0,721,877
81,127,0,383,510
82,383,0,187,570
83,415,0,779,1194
84,9,0,310,319
85,810,0,917,1727
86,98,0,223,321
87,164,0,465,629
88,880,0,605,1485
89,71,0,452,523
90,531,0,408,939
91,59,0,580,639
92,271,0,389,660
93,312,0,555,867
94,75,0,522,597
95,132,0,830,962
96,992,0,228,1220
97,869,0,168,1037
98,665,0,448,1113
99,69,0,921,990
100,719,0,279,998
101,343,0,7,350
102,918,0,364,1282
103,448,0,747,1195
104,87,0,962,1049
105,933,0,288,1221
106,150,0,813,963
107,176,0,187,363
108,721,0,3,724
109,258,0,757,1015
110,592,0,793,1385
111,292,0,229,521
112,629,0,532,1161
113,76,0,794,870
114,155,0,783,938
115,651,0,133,784
116,412,0,650,1062
117,521,0,466,987
118,378,0,438,816
119,492,0,710,1202
120,749,0,334,1083
121,368,0,306,674
122,992,0,391,1383
123,132,0,770,902
124,704,0,376,1080
125,795,0,273,1068
126,286,0,336,622
127,487,0,508,995
128,735,0,175,910
129,925,0,20,945
130,503,0,592,1095
131,632,0,405,1037
132,494,0,814,1308
133,302,0,892,1194
134,193,0,111,304
135,51,0,405,456
136,716,0,495,1211
137,136,0,823,959
138,547,0,371,918
139,516,0,286,802
140,471,0,725,1196
141,213,0,961,1174
142,920,0,787,1707
143,397,0,217,614
144,870,0,236,1106
145,113,0,743,856
146,326,0,374,700
147,212,0,28,240
148,767,0,806,1573
149,758,0,870,1628
150,693,0,542,1235
151,630,0,845,1475
152,791,0,618,1409
153,569,0,807,1376
154,77,0,979,1056
155,995,0,365,1360
156,225,0,521,746
157,114,0,63,177
158,797,0,64,861
159,329,0,880,1209
160,962,0,844,1806
161,284,0,413,697
162,138,0,429,567
163,260,0,50,310
164,406,0,568,974
165,268,0,103,371
166,285,0,507,792
167,332,0,819,1151
168,611,0,692,1303
169,838,0,960,1798
170,366,0,445,811
171,833,0,356,1189
172,10,0,254,264
173,767,0,646,1413
174,960,0,970,1930
175,279,0,720,999
176,783,0,112,895
177,936,0,503,1439
178,797,0,804,1601
179,429,0,163,592
180,130,0,980,1110
181,667,0,187,854
182,762,0,603,1365
183,401,0,453,854
184,712,0,181,893
185,326,0,872,1198
186,865,0,26,891
187,780,0,982,1762
188,618,0,520,1138
189,184,0,940,1124
190,917,0,230,1147
191,22,0,654,676
192,418,0,68,486
193,329,0,782,1111
194,45,0,471,516
195,91,0,770,861
196,421,0,158,579
197,551,0,375,926
198,550,0,256,806
199,871,0,911,1782
200,967,0,284,1251
201,648,0,449,1097
202,132,0,962,1094
203,416,0,971,1387
204,326,0,370,696
205,40,0,405,445
206,671,0,540,1211
207,472,0,712,1184
208,755,0,774,1529
209,353,0,576,929
210,375,0,463,838
211,218,0,92,310
212,955,0,166,1121
213,8,0,291,299
214,613,0,894,1507
215,363,0,29,392
216,499,0,106,605
217,714,0,567,1281
218,632,0,818,1450
219,757,0,754,1511
220,959,0,158,1117
221,263,0,429,692
222,333,0,565,898
223,687,0,551,1238
224,202,0,231,433
225,260,0,335,595
226,733,0,171,904
227,6,0,372,378
228,287,0,68,355
229,675,0,797,1472
230,744,0,815,1559
231,848,0,247,1095
232,239,0,937,1176
233,779,0,971,1750
234,130,0,231,361
235,823,0,422,1245
236,569,0,261,830
237,705,0,673,1378
238,71,0,82,153
239,759,0,135,894
240,224,0,410,634
241,675,0,306,981
242,701,0,410,1111
243,360,0,389,749
244,639,0,118,757
245,840,0,724,1564
246,502,0,468,970
247,734,0,697,1431
248,537,0,345,882
249,210,0,973,1183
250,984,0,972,1956
251,480,0,972,1452
252,649,0,171,820
253,452,0,604,1056
254,621,0,947,1568
255,778,0,710,1488
256,819,0,140,959
257,834,0,119,953
258,392,0,380,772
259,133,0,771,904
260,681,0,21,702
261,690,0,743,1433
262,762,0,879,1641
263,520,0,567,1087
264,575,0,168,743
265,703,0,165,868
266,146,0,216,362
267,130,0,697,827
268,714,0,788,1502
269,449,0,632,1081
270,342,0,115,457
271,816,0,913,1729
272,188,0,665,853
273,700,0,47,747
274,635,0,876,1511
275,470,0,956,1426
276,7,0,97,104
277,137,0,404,541
278,355,0,889,1244
279,388,0,2,390
280,582,0,175,757
281,808,0,150,958
282,881,0,925,1806
283,911,0,575,1486
284,828,0,684,1512
285,527,0,475,1002
286,392,0,561,953
287,792,0,969,1761
288,386,0,451,837
289,973,0,129,1102
290,503,0,772,1275
291,176,0,584,760
292,122,0,245,367
293,741,0,223,964
294,400,0,520,920
295,817,0,764,1581
296,24,0,661,685
297,546,0,262,808
298,519,0,496,1015
299,300,0,306,606
300,694,0,200,894
301,888,0,703,1591
302,791,0,83,874
303,552,0,510,1062
304,353,0,813,1166
305,286,0,295,581
306,363,0,333,696
307,167,0,178,345
308,467,0,953,1420
309,125,0,905,1030
310,775,0,416,1191
311,45,0,920,965
312,320,0,27,347
313,571,0,817,1388
314,575,0,992,1567
315,315,0,265,580
316,879,0,371,1250
317,832,0,291,1123
318,526,0,688,1214
319,841,0,669,1510
320,615,0,872,1487
321,480,0,317,797
322,358,0,6,364
323,346,0,588,934
324,993,0,953,1946
325,934,0,421,1355
326,871,0,323,1194
327,810,0,352,1162
328,873,0,432,1305
329,56,0,383,439
330,930,0,878,1808
331,97,0,399,496
332,346,0,699,1045
333,690,0,245,935
334,379,0,329,708
335,406,0,459,865
336,965,0,586,1551
337,702,0,842,1544
338,788,0,378,1166
339,757,0,928,1685
340,1000,0,859,1859
341,906,0,83,989
342,425,0,960,1385
343,705,0,23,728
344,755,0,521,1276
345,872,0,157,1029
346,174,0,510,684
347,523,0,939,1462
348,46,0,819,865
349,222,0,872,1094
350,950,0,472,1422
351,667,0,120,787
352,108,0,570,678
353,186,0,606,792
354,829,0,788,1617
355,915,0,455,1370
356,119,0,183,302
357,81,0,661,742
358,780,0,672,1452
359,779,0,985,1764
360,782,0,502,1284
361,854,0,424,1278
362,869,0,407,1276
363,618,0,268,886
364,234,0,174,408
365,538,0,126,664
366,351,0,218,569
367,849,0,56,905
368,754,0,217,971
369,66,0,120,186
370,586,0,831,1417
371,760,0,158,918
372,409,0,587,996
373,619,0,239,858
374,653,0,323,976
375,951,0,287,1238
376,961,0,312,1273
377,237,0,852,1089
378,243,0,502,745
379,766,0,876,1642
380,144,0,385,529
381,289,0,35,324
382,162,0,504,666
383,806,0,135,941
384,908,0,835,1743
385,128,0,656,784
386,709,0,287,996
387,27,0,161,188
388,992,0,57,1049
389,686,0,689,1375
390,76,0,838,914
391,877,0,620,1497
392,408,0,617,1025
393,166,0,378,544
394,894,0,140,1034
395,840,0,776,1616
396,328,0,966,1294
397,132,0,762,894
398,525,0,13,538
399,44,0,785,829
400,238,0,775,1013
401,246,0,285,531
402,871,0,962,1833
403,608,0,579,1187
404,64,0,404,468
405,991,0,961,1952
406,67,0,833,900
407,26,0,359,385
408,308,0,959,1267
409,465,0,756,1221
410,969,0,205,1174
411,996,0,561,1557
412,865,0,98,963
413,992,0,56,1048
414,345,0,694,1039
415,188,0,70,258
416,50,0,645,695
417,630,0,217,847
418,627,0,981,1608
419,490,0,416,906
420,644,0,672,1316
421,276,0,209,485
422,958,0,529,1487
423,622,0,157,779
424,990,0,108,1098
425,334,0,192,526
426,283,0,753,1036
427,249,0,740,989
428,154,0,765,919
429,135,0,939,1074
430,604,0,771,1375
431,454,0,992,1446
432,548,0,43,591
433,930,0,663,1593
434,323,0,339,662
435,606,0,984,1590
436,710,0,956,1666
437,971,0,734,1705
438,562,0,673,1235
439,928,0,469,1397
440,919,0,334,1253
441,822,0,934,1756
442,671,0,623,1294
443,427,0,230,657
444,920,0,222,1142
445,12,0,894,906
446,102,0,401,503
447,969,0,490,1459
448,970,0,420,1390
449,114,0,444,558
450,471,0,266,737
451,242,0,136,378
452,270,0,640,910
453,795,0,915,1710
454,927,0,287,1214
455,926,0,870,1796
456,87,0,473,560
457,267,0,413,680
458,867,0,512,1379
459,978,0,205,1183
460,121,0,281,402
461,555,0,891,1446
462,579,0,158,737
463,619,0,307,926
464,135,0,1,136
465,868,0,582,1450
466,187,0,314,501
467,176,0,248,424
468,503,0,485,988
469,252,0,659,911
470,502,0,643,1145
471,980,0,51,1031
472,110,0,185,295
473,961,0,26,987
474,143,0,948,1091
475,47,0,743,790
476,199,0,202,401
477,347,0,12,359
478,851,0,666,1517
479,808,0,938,1746
480,772,0,76,848
481,719,0,180,899
482,611,0,740,1351
483,44,0,10,54
484,197,0,508,705
485,495,0,785,1280
486,962,0,501,1463
487,722,0,327,1049
488,21,0,243,264
489,335,0,322,657
490,551,0,315,866
491,43,0,199,242
492,962,0,13,975
493,168,0,264,432
494,823,0,607,1430
495,275,0,973,1248
496,39,0,802,841
497,608,0,393,1001
498,936,0,750,1686
499,763,0,813,1576
500,830,0,109,939
501,520,0,177,697
502,75,0,301,376
503,349,0,709,1058
504,244,0,942,1186
505,849,0,50,899
506,970,0,560,1530
507,125,0,332,457
508,918,0,878,1796
509,738,0,821,1559
510,534,0,280,814
511,598,0,478,1076
512,566,0,154,720
513,891,0,925,1816
514,251,0,84,335
515,125,0,424,549
516,168,0,891,1059
517,241,0,166,407
518,845,0,750,1595
519,665,0,176,841
520,353,0,843,1196
521,399,0,225,624
522,719,0,512,1231
523,619,0,356,975
524,531,0,910,1441
525,693,0,958,1651
526,143,0,84,227
527,670,0,93,763
528,709,0,241,950
529,4,0,995,999
530,84,0,215,299
531,28,0,595,623
532,904,0,271,1175
533,844,0,449,1293
534,651,0,688,1339
535,367,0,98,465
536,632,0,520,1152
537,131,0,977,1108
538,404,0,809,1213
539,452,0,450,902
540,192,0,890,1082
541,44,0,472,516
542,596,0,665,1261
543,88,0,332,420
544,131,0,899,1030
545,987,0,259,1246
546,102,0,819,921
547,766,0,0,766
548,851,0,452,1303
549,108,0,464,572
550,3,0,389,392
551,57,0,441,498
552,995,0,269,1264
553,554,0,151,705
554,607,0,980,1587
555,87,0,13,100
556,395,0,494,889
557,835,0,672,1507
558,822,0,152,974
559,892,0,236,1128
560,314,0,898,1212
561,265,0,491,756
562,890,0,909,1799
563,517,0,223,740
564,682,0,459,1141
565,601,0,824,1425
566,73,0,2,75
567,700,0,807,1507
568,212,0,443,655
569,660,0,867,1527
570,246,0,614,860
571,988,0,575,1563
572,30,0,518,548
573,148,0,933,1081
574,583,0,767,1350
575,691,0,339,1030
576,393,0,508,901
577,960,0,927,1887
578,186,0,984,1170
579,642,0,852,1494
580,422,0,295,717
581,217,0,597,814
582,103,0,116,219
583,167,0,390,557
584,173,0,568,741
585,886,0,615,1501
586,115,0,22,137
587,146,0,392,538
588,389,0,970,1359
589,144,0,336,480
590,239,0,749,988
591,126,0,80,206
592,960,0,585,1545
593,396,0,521,917
594,531,0,460,991
595,505,0,105,610
596,769,0,45,814
597,6,0,128,134
598,923,0,518,1441
599,425,0,194,619
600,770,0,734,1504
601,297,0,561,858
602,404,0,943,1347
603,907,0,286,1193
604,439,0,324,763
605,313,0,307,620
606,895,0,779,1674
607,948,0,995,1943
608,467,0,749,1216
609,529,0,814,1343
610,768,0,204,972
611,779,0,0,779
612,654,0,114,768
613,0,0,673,673
614,857,0,437,1294
615,635,0,453,1088
616,134,0,682,816
617,749,0,466,1215
618,170,0,320,490
619,627,0,899,1526
620,250,0,645,895
621,173,0,754,927
622,436,0,628,1064
623,538,0,310,848
624,984,0,983,1967
625,407,0,580,987
626,656,0,837,1493
627,400,0,193,593
628,233,0,230,463
629,649,0,640,1289
630,797,0,303,1100
631,261,0,238,499
632,329,0,146,475
633,503,0,66,569
634,732,0,285,1017
635,739,0,780,1519
636,744,0,188,932
637,495,0,434,929
638,867,0,547,1414
639,520,0,774,1294
640,729,0,50,779
641,830,0,353,1183
642,163,0,158,321
643,156,0,864,1020
644,883,0,890,1773
645,602,0,759,1361
646,567,0,694,1261
647,354,0,792,1146
648,139,0,303,442
649,383,0,845,1228
650,22,0,125,147
651,758,0,503,1261
652,269,0,373,642
653,182,0,720,902
654,72,0,431,503
655,808,0,592,1400
656,96,0,387,483
657,11,0,849,860
658,431,0,61,492
659,693,0,507,1200
660,813,0,543,1356
661,627,0,30,657
662,981,0,495,1476
663,255,0,411,666
664,840,0,612,1452
665,384,0,130,514
666,151,0,514,665
667,253,0,515,768
668,997,0,468,1465
669,199,0,586,785
670,429,0,768,1197
671,116,0,999,1115
672,330,0,875,1205
673,953,0,367,1320
674,396,0,624,1020
675,568,0,615,1183
676,930,0,258,1188
677,893,0,531,1424
678,479,0,373,852
679,244,0,685,929
680,172,0,473,645
681,821,0,515,1336
682,35,0,201,236
683,79,0,891,970
684,577,0,259,836
685,376,0,212,588
686,261,0,463,724
687,440,0,460,900
688,831,0,389,1220
689,346,0,702,1048
690,365,0,426,791
691,714,0,228,942
692,609,0,64,673
693,805,0,939,1744
694,253,0,337,590
695,635,0,346,981
696,760,0,662,1422
697,62,0,545,607
698,768,0,63,831
699,338,0,536,874
700,43,0,346,389
701,822,0,220,1042
702,543,0,569,1112
703,222,0,712,934
704,861,0,660,1521
705,177,0,424,601
706,177,0,596,773
707,585,0,62,647
708,936,0,856,1792
709,859,0,355,1214
710,168,0,906,1074
711,979,0,564,1543
712,645,0,29,674
713,320,0,550,870
714,188,0,371,559
715,462,0,352,814
716,261,0,875,1136
717,981,0,711,1692
718,101,0,825,926
719,813,0,245,1058
720,427,0,632,1059
721,195,0,756,951
722,881,0,127,1008
723,655,0,864,1519
724,376,0,941,1317
725,978,0,695,1673
726,229,0,847,1076
727,776,0,176,952
728,522,0,301,823
729,381,0,967,1348
730,937,0,163,1100
731,764,0,226,990
732,611,0,345,956
733,824,0,238,1062
734,928,0,688,1616
735,576,0,289,865
736,866,0,928,1794
737,95,0,808,903
738,772,0,23,795
739,281,0,999,1280
740,57,0,920,977
741,37,0,261,298
742,302,0,998,1300
743,209,0,610,819
744,218,0,367,585
745,45,0,138,183
746,394,0,318,712
747,320,0,185,505
748,249,0,85,334
749,968,0,926,1894
750,165,0,25,190
751,142,0,610,752
752,539,0,129,668
753,701,0,482,1183
754,931,0,703,1634
755,133,0,447,580
756,486,0,302,788
757,776,0,884,1660
758,880,0,122,1002
759,444,0,939,1383
760,844,0,764,1608
761,597,0,721,1318
762,212,0,628,840
763,52,0,9,61
764,869,0,636,1505
765,108,0,937,1045
766,387,0,475,862
767,320,0,868,1188
768,174,0,755,929
769,40,0,637,677
770,565,0,986,1551
771,737,0,464,1201
772,28,0,496,524
773,274,0,559,833
774,268,0,271,539
775,534,0,591,1125
776,584,0,358,942
777,447,0,51,498
778,596,0,291,887
779,268,0,687,955
780,719,0,208,927
781,989,0,181,1170
782,823,0,336,1159
783,44,0,931,975
784,834,0,565,1399
785,993,0,686,1679
786,398,0,281,679
787,772,0,874,1646
788,772,0,705,1477
789,323,0,174,497
790,33,0,439,472
791,345,0,156,501
792,288,0,326,614
793,432,0,548,980
794,773,0,723,1496
795,967,0,354,1321
796,804,0,350,1154
797,475,0,882,1357
798,641,0,60,701
799,251,0,731,982
800,551,0,120,671
801,550,0,317,867
802,399,0,81,480
803,741,0,850,1591
804,393,0,551,944
805,826,0,806,1632
806,648,0,820,1468
807,411,0,612,1023
808,49,0,557,606
809,105,0,251,356
810,331,0,109,440
811,813,0,518,1331
812,898,0,304,1202
813,714,0,310,1024
814,216,0,733,949
815,77,0,425,502
816,372,0,437,809
817,589,0,156,745
818,745,0,832,1577
819,631,0,355,986
820,287,0,56,343
821,532,0,174,706
822,990,0,666,1656
823,999,0,822,1821
824,694,0,560,1254
825,241,0,128,369
826,672,0,139,811
827,166,0,423,589
828,931,0,744,1675
829,767,0,112,879
830,172,0,146,318
831,438,0,103,541
832,539,0,236,775
833,938,0,939,1877
834,566,0,980,1546
835,671,0,582,1253
836,506,0,800,1306
837,104,0,957,1061
838,968,0,102,1070
839,786,0,935,1721
840,858,0,848,1706
841,26,0,241,267
842,391,0,720,1111
843,276,0,985,1261
844,880,0,870,1750
845,83,0,581,664
846,956,0,896,1852
847,317,0,191,508
848,480,0,340,820
849,224,0,550,774
850,201,0,9,210
851,959,0,488,1447
852,272,0,988,1260
853,246,0,28,274
854,288,0,135,423
855,352,0,209,561
856,848,0,646,1494
857,870,0,265,1135
858,273,0,955,1228
859,273,0,228,501
860,801,0,213,1014
861,383,0,707,1090
862,426,0,65,491
863,490,0,77,567
864,745,0,829,1574
865,446,0,213,659
866,748,0,515,1263
867,504,0,396,900
868,812,0,289,1101
869,2,0,941,943
870,719,0,16,735
871,870,0,661,1531
872,252,0,800,1052
873,549,0,560,1109
874,754,0,811,1565
875,641,0,343,984
876,850,0,498,1348
877,261,0,990,1251
878,334,0,392,726
879,897,0,589,1486
880,582,0,148,730
881,611,0,417,1028
882,417,0,396,813
883,604,0,548,1152
884,392,0,204,596
885,649,0,546,1195
886,528,0,575,1103
887,94,0,861,955
888,568,0,15,583
889,510,0,0,510
890,977,0,970,1947
891,714,0,633,1347
892,366,0,392,758
893,722,0,556,1278
894,20,0,479,499
895,338,0,908,1246
896,444,0,663,1107
897,188,0,407,595
898,298,0,372,670
899,482,0,453,935
900,5,0,313,318
901,966,0,448,1414
902,929,0,217,1146
903,198,0,249,447
904,946,0,358,1304
905,354,0,355,709
906,334,0,394,728
907,134,0,819,953
908,549,0,696,1245
909,321,0,956,1277
910,31,0,878,909
911,96,0,569,665
912,464,0,584,1048
913,123,0,292,415
914,259,0,112,371
915,629,0,775,1404
916,331,0,194,525
917,180,0,574,754
918,706,0,115,821
919,894,0,891,1785
920,906,0,139,1045
921,190,0,809,999
922,172,0,443,615
923,484,0,769,1253
924,871,0,862,1733
925,271,0,132,403
926,256,0,930,1186
927,710,0,44,754
928,476,0,655,1131
929,998,0,681,1679
930,591,0,582,1173
931,338,0,518,856
932,576,0,349,925
933,2,0,953,955
934,362,0,847,1209
935,318,0,517,835
936,252,0,208,460
937,427,0,845,1272
938,845,0,540,1385
939,374,0,883,1257
940,994,0,927,1921
941,844,0,971,1815
942,166,0,965,1131
943,324,0,624,948
944,398,0,706,1104
945,542,0,210,752
946,901,0,812,1713
947,621,0,711,1332
948,558,0,697,1255
949,16,0,929,945
950,142,0,704,846
951,538,0,97,635
952,941,0,40,981
953,698,0,976,1674
954,330,0,837,1167
955,28,0,349,377
956,816,0,741,1557
957,952,0,592,1544
958,552,0,439,991
959,698,0,93,791
960,855,0,472,1327
961,569,0,740,1309
962,934,0,676,1610
963,852,0,955,1807
964,706,0,836,1542
965,642,0,579,1221
966,163,0,955,1118
967,156,0,910,1066
968,740,0,502,1242
969,138,0,114,252
970,428,0,376,804
971,772,0,175,947
972,555,0,261,816
973,618,0,831,1449
974,307,0,181,488
975,669,0,439,1108
976,437,0,567,1004
977,808,0,920,1728
978,489,0,367,856
979,163,0,67,230
980,878,0,445,1323
981,839,0,335,1174
982,228,0,2,230
983,331,0,408,739
984,154,0,922,1076
985,502,0,406,908
986,251,0,356,607
987,407,0,841,1248
988,306,0,789,1095
989,656,0,1000,1656
990,114,0,355,469
991,78,0,674,752
992,914,0,522,1436
993,633,0,748,1381
994,439,0,310,749
995,189,0,871,1060
996,412,0,192,604
997,73,0,403,476
998,67,0,360,427
999,572,0,732,1304
1000,817,0,7,824
1001,528,0,89,617
1002,716,0,694,1410
1003,365,0,882,1247
1004,775,0,142,917
1005,999,0,305,1304
1006,388,0,172,560
1007,320,0,853,1173
1008,944,0,663,1607
1009,495,0,503,998
1010,926,0,743,1669
1011,864,0,429,1293
1012,259,0,750,1009
1013,501,0,665,1166
1014,269,0,621,890
1015,325,0,635,960
1016,136,0,954,1090
1017,460,0,307,767
1018,474,0,54,528
1019,356,0,823,1179
1020,60,0,649,709
1021,269,0,731,1000
1022,49,0,350,399
1023,195,0,721,916
1024,456,0,490,946
1025,329,0,768,1097
1026,989,0,381,1370
1027,582,0,968,1550
1028,422,0,0,422
1029,491,0,845,1336
1030,23,0,517,540
1031,704,0,464,1168
1032,821,0,918,1739
1033,91,0,104,195
1034,990,0,917,1907
1035,206,0,746,952
1036,25,0,256,281
1037,391,0,910,1301
1038,46,0,87,133
1039,653,0,857,1510
1040,453,0,833,1286
1041,162,0,38,200
1042,136,0,808,944
1043,321,0,805,1126
1044,321,0,179,500
1045,178,0,205,383
1046,508,0,809,1317
1047,946,0,167,1113
1048,248,0,861,1109
1049,744,0,931,1675
1050,873,0,533,1406
1051,41,0,708,749
1052,782,0,611,1393
1053,310,0,586,896
1054,965,0,607,1572
1055,631,0,287,918
1056,865,0,340,1205
1057,25,0,733,758
1058,364,0,318,682
1059,765,0,145,910
1060,476,0,555,1031
1061,920,0,986,1906
1062,853,0,311,1164
1063,699,0,274,973
1064,666,0,204,870
1065,600,0,682,1282
1066,432,0,144,576
1067,292,0,400,692
1068,274,0,130,404
1069,501,0,750,1251
1070,197,0,170,367
1071,208,0,5,213
1072,22,0,499,521
1073,62,0,550,612
1074,28,0,721,749
1075,661,0,231,892
1076,573,0,769,1342
1077,451,0,95,546
1078,253,0,410,663
1079,180,0,230,410
1080,400,0,371,771
1081,952,0,360,1312
1082,300,0,320,620
1083,292,0,427,719
1084,740,0,716,1456
1085,715,0,860,1575
1086,784,0,947,1731
1087,380,0,195,575
1088,169,0,301,470
1089,793,0,34,827
1090,123,0,510,633
1091,577,0,217,794
1092,26,0,383,409
1093,505,0,926,1431
1094,184,0,850,1034
1095,501,0,120,621
1096,551,0,822,1373
1097,235,0,323,558
1098,505,0,501,1006
1099,648,0,442,1090
1100,42,0,641,683
1101,32,0,505,537
1102,505,0,614,1119
1103,520,0,498,1018
1104,521,0,469,990
1105,771,0,311,1082
1106,234,0,0,234
1107,510,0,609,1119
1108,48,0,286,334
1109,940,0,27,967
1110,684,0,481,1165
1111,159,0,791,950
1112,507,0,877,1384
1113,522,0,871,1393
1114,727,0,496,1223
1115,838,0,596,1434
1116,661,0,959,1620
1117,730,0,699,1429
1118,841,0,142,983
1119,895,0,982,1877
1120,345,0,730,1075
1121,149,0,601,750
1122,210,0,387,597
1123,740,0,328,1068
1124,316,0,273,589
1125,143,0,961,1104
1126,78,0,926,1004
1127,837,0,760,1597
1128,336,0,712,1048
1129,693,0,199,892
1130,60,0,965,1025
1131,68,0,764,832
1132,722,0,911,1633
1133,429,0,858,1287
1134,375,0,647,1022
1135,518,0,777,1295
1136,728,0,170,898
1137,0,0,996,996
1138,442,0,902,1344
1139,290,0,977,1267
1140,807,0,947,1754
1141,359,0,338,697
1142,662,0,43,705
1143,10,0,905,915
1144,571,0,332,903
1145,122,0,333,455
1146,956,0,558,1514
1147,160,0,333,493
1148,346,0,561,907
1149,50,0,958,1008
1150,349,0,33,382
1151,184,0,899,1083
1152,446,0,736,1182
1153,217,0,374,591
1154,990,0,290,1280
1155,376,0,865,1241
1156,757,0,48,805
1157,506,0,311,817
1158,29,0,277,306
1159,463,0,458,921
1160,168,0,980,1148
1161,212,0,12,224
1162,849,0,936,1785
1163,405,0,102,507
1164,498,0,788,1286
1165,287,0,298,585
1166,909,0,285,1194
1167,939,0,840,1779
1168,478,0,288,766
1169,565,0,937,1502
1170,496,0,989,1485
1171,429,0,347,776
1172,197,0,418,615
1173,42,0,6,48
1174,791,0,608,1399
1175,826,0,234,1060
1176,495,0,665,1160
1177,669,0,557,1226
1178,803,0,199,1002
1179,359,0,636,995
1180,330,0,296,626
1181,999,0,827,1826
1182,414,0,160,574
1183,76,0,878,954
1184,266,0,582,848
1185,180,0,127,307
1186,156,0,825,981
1187,977,0,244,1221
1188,815,0,488,1303
1189,509,0,284,793
1190,715,0,281,996
1191,514,0,403,917
1192,844,0,406,1250
1193,369,0,181,550
1194,773,0,633,1406
1195,489,0,229,718
1196,812,0,437,1249
1197,225,0,398,623
1198,399,0,491,890
1199,950,0,133,1083
1200,498,0,594,1092
1201,2,0,186,188
1202,148,0,551,699
1203,2,0,198,200
1204,924,0,156,1080
1205,965,0,937,1902
1206,900,0,865,1765
1207,917,0,94,1011
1208,739,0,486,1225
1209,598,0,754,1352
1210,518,0,371,889
1211,846,0,144,990
1212,211,0,65,276
1213,137,0,491,628
1214,818,0,679,1497
1215,561,0,444,1005
1216,776,0,656,1432
1217,172,0,275,447
1218,590,0,580,1170
1219,845,0,844,1689
1220,881,0,340,1221
1221,429,0,710,1139
1222,472,0,24,496
1223,791,0,23,814
1224,762,0,615,1377
1225,539,0,313,852
1226,425,0,541,966
1227,388,0,799,1187
1228,452,0,528,980
1229,416,0,951,1367
1230,570,0,465,1035
1231,146,0,625,771
1232,512,0,753,1265
1233,823,0,672,1495
1234,433,0,129,562
1235,483,0,488,971
1236,678,0,980,1658
1237,41,0,671,712
1238,490,0,707,1197
1239,362,0,370,732
1240,908,0,753,1661
1241,697,0,103,800
1242,222,0,634,856
1243,421,0,307,728
1244,910,0,967,1877
1245,712,0,554,1266
1246,336,0,823,1159
1247,287,0,727,1014
1248,303,0,50,353
1249,880,0,155,1035
1250,211,0,674,885
1251,786,0,827,1613
1252,867,0,764,1631
1253,614,0,874,1488
1254,253,0,554,807
1255,861,0,455,1316
1256,450,0,193,643
1257,144,0,441,585
1258,373,0,582,955
1259,200,0,315,515
1260,488,0,320,808
1261,476,0,265,741
1262,366,0,735,1101
1263,308,0,962,1270
1264,912,0,402,1314
1265,740,0,643,1383
1266,260,0,58,318
1267,831,0,827,1658
1268,40,0,765,805
1269,195,0,437,632
1270,28,0,731,759
1271,788,0,789,1577
1272,146,0,305,451
1273,125,0,732,857
1274,327,0,115,442
1275,971,0,498,1469
1276,539,0,277,816
1277,88,0,415,503
1278,380,0,948,1328
1279,414,0,993,1407
1280,455,0,294,749
1281,699,0,440,1139
1282,510,0,409,919
1283,702,0,26,728
1284,559,0,277,836
1285,829,0,709,1538
1286,416,0,771,1187
1287,411,0,162,573
1288,731,0,679,1410
1289,606,0,320,926
1290,853,0,691,1544
1291,613,0,360,973
1292,145,0,727,872
1293,6,0,508,514
1294,727,0,407,1134
1295,469,0,41,510
1296,193,0,445,638
1297,817,0,183,1000
1298,179,0,147,326
1299,822,0,348,1170
1300,897,0,125,1022
1301,65,0,864,929
1302,742,0,870,1612
1303,760,0,258,1018
1304,805,0,514,1319
1305,299,0,557,856
1306,204,0,119,323
1307,469,0,802,1271
1308,190,0,339,529
1309,83,0,634,717
1310,752,0,637,1389
1311,896,0,36,932
1312,537,0,62,599
1313,239,0,997,1236
1314,287,0,20,307
1315,560,0,153,713
1316,649,0,753,1402
1317,605,0,386,991
1318,23,0,502,525
1319,298,0,136,434
1320,243,0,535,778
1321,504,0,693,1197
1322,562,0,881,1443
1323,139,0,240,379
1324,278,0,183,461
1325,483,0,879,1362
1326,339,0,115,454
1327,163,0,301,464
1328,374,0,994,1368
1329,767,0,655,1422
1330,728,0,429,1157
1331,28,0,711,739
1332,491,0,821,1312
1333,760,0,83,843
1334,739,0,486,1225
1335,867,0,276,1143
1336,241,0,220,461
1337,307,0,743,1050
1338,490,0,357,847
1339,114,0,611,725
1340,282,0,80,362
1341,434,0,959,1393
1342,28,0,194,222
1343,36,0,722,758
1344,947,0,457,1404
1345,958,0,27,985
1346,368,0,668,1036
1347,750,0,954,1704
1348,203,0,485,688
1349,755,0,815,1570
1350,680,0,166,846
1351,792,0,347,1139
1352,49,0,816,865
1353,503,0,615,1118
1354,9,0,480,489
1355,435,0,803,1238
1356,9,0,678,687
1357,522,0,421,943
1358,712,0,964,1676
1359,312,0,183,495
1360,451,0,334,785
1361,611,0,790,1401
1362,963,0,281,1244
1363,89,0,185,274
1364,639,0,812,1451
1365,210,0,913,1123
1366,786,0,150,936
1367,572,0,227,799
1368,24,0,774,798
1369,853,0,672,1525
1370,501,0,655,1156
1371,80,0,94,174
1372,985,0,861,1846
1373,999,0,197,1196
1374,729,0,497,1226
1375,297,0,220,517
1376,535,0,252,787
1377,482,0,598,1080
1378,380,0,66,446
1379,134,0,88,222
1380,890,0,148,1038
1381,84,0,493,577
1382,7,0,883,890
1383,442,0,979,1421
1384,259,0,487,746
1385,816,0,717,1533
1386,539,0,376,915
1387,497,0,504,1001
1388,406,0,206,612
1389,104,0,899,1003
1390,897,0,115,1012
1391,672,0,951,1623
1392,645,0,524,1169
1393,290,0,925,1215
1394,43,0,364,407
1395,310,0,405,715
1396,643,0,612,1255
1397,724,0,807,1531
1398,804,0,278,1082
1399,395,0,691,1086
1400,705,0,463,1168
1401,566,0,521,1087
1402,692,0,782,1474
1403,286,0,876,1162
1404,173,0,943,1116
1405,940,0,956,1896
1406,157,0,891,1048
1407,308,0,320,628
1408,143,0,999,1142
1409,191,0,357,548
1410,340,0,72,412
1411,581,0,825,1406
1412,210,0,367,577
1413,860,0,380,1240
1414,117,0,289,406
1415,769,0,636,1405
1416,945,0,294,1239
1417,356,0,939,1295
1418,938,0,154,1092
1419,665,0,657,1322
1420,883,0,646,1529
1421,113,0,165,278
1422,399,0,461,860
1423,275,0,416,691
1424,797,0,110,907
1425,370,0,233,603
1426,397,0,30,427
1427,534,0,136,670
1428,256,0,354,610
1429,407,0,893,1300
1430,651,0,80,731
1431,822,0,960,1782
1432,763,0,757,1520
1433,719,0,859,1578
1434,658,0,673,1331
1435,395,0,513,908
1436,82,0,607,689
1437,920,0,189,1109
1438,369,0,935,1304
1439,440,0,789,1229
1440,371,0,545,916
1441,570,0,455,1025
1442,364,0,471,835
1443,998,0,165,1163
1444,260,0,415,675
1445,290,0,509,799
1446,532,0,786,1318
1447,762,0,641,1403
1448,934,0,532,1466
1449,378,0,298,676
1450,564,0,513,1077
1451,606,0,314,920
1452,115,0,948,1063
1453,405,0,288,693
1454,541,0,811,1352
1455,722,0,468,1190
1456,610,0,161,771
1457,700,0,816,1516
1458,837,0,829,1666
1459,11,0,256,267
1460,596,0,958,1554
1461,13,0,676,689
1462,297,0,316,613
1463,760,0,906,1666
1464,377,0,275,652
1465,614,0,157,771
1466,268,0,491,759
1467,28,0,601,629
1468,175,0,463,638
1469,42,0,756,798
1470,467,0,19,486
1471,86,0,939,1025
1472,841,0,750,1591
1473,756,0,763,1519
1474,76,0,934,1010
1475,275,0,329,604
1476,719,0,685,1404
1477,645,0,993,1638
1478,390,0,930,1320
1479,5,0,966,971
1480,306,0,632,938
1481,860,0,133,993
1482,811,0,22,833
1483,96,0,16,112
1484,607,0,176,783
1485,262,0,805,1067
1486,204,0,293,497
1487,761,0,323,1084
1488,570,0,669,1239
1489,649,0,156,805
1490,779,0,257,1036
1491,595,0,597,1192
1492,642,0,604,1246
1493,11,0,787,798
1494,182,0,880,1062
1495,825,0,326,1151
1496,655,0,560,1215
1497,580,0,10,590
1498,560,0,308,868
1499,225,0,831,1056
1500,227,0,700,927
1501,2,0,349,351
1502,623,0,737,1360
1503,609,0,490,1099
1504,71,0,823,894
1505,875,0,942,1817
1506,717,0,412,1129
1507,157,0,633,790
1508,540,0,525,1065
1509,454,0,300,754
1510,87,0,342,429
1511,575,0,385,960
1512,612,0,57,669
1513,380,0,99,479
1514,489,0,281,770
1515,381,0,549,930
1516,885,0,677,1562
1517,147,0,977,1124
1518,375,0,415,790
1519,77,0,785,862
1520,720,0,232,952
1521,89,0,721,810
1522,130,0,616,746
1523,670,0,601,1271
1524,927,0,804,1731
1525,374,0,207,581
1526,552,0,714,1266
1527,9,0,611,620
1528,534,0,51,585
1529,152,0,3,155
1530,120,0,854,974
1531,183,0,280,463
1532,969,0,232,1201
1533,132,0,959,1091
1534,161,0,164,325
1535,107,0,645,752
1536,386,0,784,1170
1537,804,0,917,1721
1538,204,0,86,290
1539,975,0,238,1213
1540,179,0,141,320
1541,429,0,824,1253
1542,612,0,990,1602
1543,20,0,596,616
1544,429,0,596,1025
1545,994,0,61,1055
1546,337,0,362,699
1547,872,0,257,1129
1548,862,0,858,1720
1549,205,0,988,1193
1550,362,0,803,1165
1551,294,0,333,627
1552,396,0,341,737
1553,92,0,503,595
1554,509,0,324,833
1555,176,0,972,1148
1556,643,0,978,1621
1557,304,0,488,792
1558,638,0,652,1290
1559,286,0,33,319
1560,887,0,767,1654
1561,976,0,962,1938
1562,575,0,653,1228
1563,299,0,558,857
1564,124,0,591,715
1565,441,0,519,960
1566,447,0,613,1060
1567,597,0,61,658
1568,120,0,930,1050
1569,649,0,383,1032
1570,342,0,529,871
1571,233,0,946,1179
1572,556,0,6,562
1573,258,0,19,277
1574,309,0,372,681
1575,439,0,826,1265
1576,890,0,376,1266
1577,994,0,590,1584
1578,171,0,362,533
1579,193,0,392,585
1580,156,0,680,836
1581,499,0,478,977
1582,59,0,730,789
1583,284,0,430,714
1584,747,0,450,1197
1585,991,0,203,1194
1586,214,0,888,1102
1587,191,0,586,777
1588,921,0,593,1514
1589,268,0,179,447
1590,681,0,40,721
1591,962,0,480,1442
1592,812,0,90,902
1593,342,0,907,1249
1594,230,0,763,993
1595,306,0,549,855
1596,339,0,244,583
1597,175,0,763,938
1598,191,0,309,500
1599,256,0,172,428
1600,607,0,550,1157
1601,39,0,289,328
1602,198,0,169,367
1603,40,0,973,1013
1604,935,0,126,1061
1605,717,0,733,1450
1606,600,0,287,887
1607,271,0,408,679
1608,134,0,417,551
1609,741,0,443,1184
1610,58,0,16,74
1611,711,0,666,1377
1612,961,0,92,1053
1613,624,0,419,1043
1614,947,0,276,1223
1615,636,0,801,1437
1616,87,0,999,1086
1617,219,0,643,862
1618,493,0,593,1086
1619,161,0,917,1078
1620,15,0,156,171
1621,258,0,281,539
1622,993,0,729,1722
1623,751,0,450,1201
1624,991,0,321,1312
1625,312,0,174,486
1626,373,0,177,550
1627,958,0,880,1838
1628,717,0,906,1623
1629,954,0,385,1339
1630,534,0,390,924
1631,415,0,631,1046
1632,323,0,326,649
1633,166,0,580,746
1634,881,0,836,1717
1635,519,0,903,1422
1636,357,0,888,1245
1637,599,0,81,680
1638,796,0,342,1138
1639,823,0,887,1710
1640,546,0,784,1330
1641,943,0,959,1902
1642,950,0,123,1073
1643,950,0,690,1640
1644,299,0,965,1264
1645,873,0,13,886
1646,670,0,495,1165
1647,396,0,204,600
1648,243,0,907,1150
1649,78,0,130,208
1650,8,0,199,207
1651,22,0,397,419
1652,584,0,11,595
1653,238,0,298,536
1654,999,0,880,1879
1655,387,0,89,476
1656,130,0,614,744
1657,711,0,715,1426
1658,872,0,624,1496
1659,910,0,907,1817
1660,432,0,387,819
1661,156,0,970,1126
1662,615,0,959,1574
1663,872,0,507,1379
1664,804,0,103,907
1665,524,0,550,1074
1666,646,0,837,1483
1667,449,0,982,1431
1668,861,0,417,1278
1669,33,0,448,481
1670,982,0,895,1877
1671,252,0,222,474
1672,573,0,706,1279
1673,184,0,670,854
1674,676,0,915,1591
1675,492,0,43,535
1676,455,0,836,1291
1677,692,0,19,711
1678,43,0,57,100
1679,256,0,673,929
1680,432,0,272,704
1681,271,0,672,943
1682,992,0,979,1971
1683,434,0,933,1367
1684,95,0,310,405
1685,332,0,317,649
1686,600,0,807,1407
1687,287,0,548,835
1688,965,0,477,1442
1689,810,0,380,1190
1690,844,0,745,1589
1691,512,0,456,968
1692,856,0,999,1855
1693,753,0,465,1218
1694,825,0,717,1542
1695,13,0,822,835
1696,191,0,626,817
1697,460,0,158,618
1698,440,0,785,1225
1699,995,0,477,1472
1700,632,0,942,1574
1701,868,0,854,1722
1702,835,0,311,1146
1703,302,0,212,514
1704,134,0,759,893
1705,67,0,67,134
1706,277,0,465,742
1707,594,0,678,1272
1708,441,0,32,473
1709,342,0,354,696
1710,239,0,178,417
1711,202,0,776,978
1712,349,0,327,676
1713,539,0,434,973
1714,865,0,575,1440
1715,319,0,147,466
1716,301,0,886,1187
1717,749,0,144,893
1718,734,0,294,1028
1719,601,0,180,781
1720,459,0,175,634
1721,724,0,818,1542
1722,902,0,375,1277
1723,338,0,91,429
1724,583,0,16,599
1725,364,0,922,1286
1726,559,0,266,825
1727,5,0,681,686
1728,784,0,622,1406
1729,259,0,358,617
1730,719,0,792,1511
1731,886,0,912,1798
1732,404,0,449,853
1733,637,0,199,836
1734,353,0,752,1105
1735,781,0,556,1337
1736,226,0,744,970
1737,284,0,477,761
1738,665,0,959,1624
1739,665,0,197,862
1740,205,0,559,764
1741,742,0,148,890
1742,190,0,694,884
1743,505,0,636,1141
1744,131,0,380,511
1745,555,0,132,687
1746,191,0,916,1107
1747,765,0,519,1284
1748,300,0,185,485
1749,444,0,876,1320
1750,734,0,654,1388
1751,775,0,694,1469
1752,905,0,538,1443
1753,711,0,62,773
1754,620,0,590,1210
1755,359,0,511,870
1756,548,0,189,737
1757,163,0,163,326
1758,651,0,749,1400
1759,12,0,478,490
1760,719,0,936,1655
1761,852,0,322,1174
1762,47,0,858,905
1763,210,0,250,460
1764,828,0,230,1058
1765,216,0,492,708
1766,100,0,354,454
1767,300,0,625,925
1768,181,0,301,482
1769,936,0,980,1916
1770,794,0,487,1281
1771,462,0,648,1110
1772,676,0,772,1448
1773,508,0,263,771
1774,427,0,826,1253
1775,933,0,653,1586
1776,781,0,214,995
1777,12,0,622,634
1778,518,0,793,1311
1779,975,0,959,1934
1780,624,0,313,937
1781,652,0,923,1575
1782,265,0,352,617
1783,753,0,536,1289
1784,524,0,766,1290
1785,753,0,429,1182
1786,657,0,449,1106
1787,761,0,77,838
1788,82,0,743,825
1789,389,0,838,1227
1790,682,0,666,1348
1791,353,0,726,1079
1792,229,0,183,412
1793,229,0,339,568
1794,823,0,308,1131
1795,464,0,981,1445
1796,536,0,799,1335
1797,322,0,923,1245
1798,938,0,372,1310
1799,927,0,664,1591
1800,47,0,447,494
1801,944,0,809,1753
1802,661,0,192,853
1803,138,0,524,662
1804,887,0,703,1590
1805,89,0,454,543
1806,508,0,880,1388
1807,564,0,335,899
1808,251,0,706,957
1809,450,0,202,652
1810,236,0,238,474
1811,416,0,608,1024
1812,542,0,717,1259
1813,725,0,934,1659
1814,950,0,185,1135
1815,817,0,802,1619
1816,2,0,46,48
1817,158,0,337,495
1818,43,0,161,204
1819,237,0,407,644
1820,290,0,378,668
1821,525,0,238,763
1822,881,0,689,1570
1823,91,0,972,1063
1824,570,0,782,1352
1825,356,0,455,811
1826,766,0,629,1395
1827,686,0,50,736
1828,820,0,888,1708
1829,681,0,336,1017
1830,624,0,390,1014
1831,971,0,314,1285
1832,446,0,729,1175
1833,886,0,27,913
1834,831,0,702,1533
1835,481,0,433,914
1836,192,0,832,1024
1837,660,0,151,811
1838,798,0,617,1415
1839,881,0,108,989
1840,576,0,495,1071
1841,729,0,821,1550
1842,285,0,350,635
1843,170,0,301,471
1844,208,0,712,920
1845,852,0,860,1712
1846,390,0,486,876
1847,154,0,827,981
1848,740,0,449,1189
1849,14,0,779,793
1850,23,0,577,600
1851,510,0,368,878
1852,32,0,970,1002
1853,330,0,849,1179
1854,316,0,419,735
1855,141,0,887,1028
1856,508,0,510,1018
1857,598,0,261,859
1858,223,0,480,703
1859,442,0,800,1242
1860,843,0,594,1437
1861,850,0,59,909
1862,48,0,57,105
1863,14,0,512,526
1864,419,0,814,1233
1865,451,0,751,1202
1866,422,0,597,1019
1867,345,0,922,1267
1868,226,0,962,1188
1869,984,0,129,1113
1870,467,0,466,933
1871,539,0,533,1072
1872,51,0,951,1002
1873,183,0,763,946
1874,688,0,547,1235
1875,33,0,368,401
1876,498,0,83,581
1877,910,0,862,1772
1878,483,0,987,1470
1879,228,0,256,484
1880,627,0,716,1343
1881,858,0,391,1249
1882,498,0,973,1471
1883,901,0,589,1490
1884,835,0,399,1234
1885,476,0,930,1406
1886,807,0,23,830
1887,509,0,990,1499
1888,189,0,616,805
1889,66,0,397,463
1890,602,0,461,1063
1891,320,0,952,1272
1892,233,0,619,852
1893,72,0,583,655
1894,746,0,635,1381
1895,175,0,561,736
1896,172,0,480,652
1897,845,0,677,1522
1898,599,0,86,685
1899,466,0,970,1436
1900,462,0,89,551
1901,273,0,46,319
1902,16,0,788,804
1903,330,0,392,722
1904,201,0,688,889
1905,320,0,178,498
1906,454,0,858,1312
1907,784,0,859,1643
1908,982,0,745,1727
1909,696,0,588,1284
1910,359,0,333,692
1911,751,0,605,1356
1912,645,0,584,1229
1913,347,0,407,754
1914,211,0,778,989
1915,149,0,479,628
1916,35,0,210,245
1917,745,0,837,1582
1918,83,0,93,176
1919,95,0,310,405
1920,126,0,891,1017
1921,366,0,223,589
1922,839,0,774,1613
1923,379,0,101,480
1924,421,0,78,499
1925,827,0,990,1817
1926,666,0,746,1412
1927,352,0,671,1023
1928,835,0,996,1831
1929,942,0,690,1632
1930,678,0,95,773
1931,991,0,738,1729
1932,684,0,869,1553
1933,27,0,510,537
1934,410,0,134,544
1935,396,0,577,973
1936,611,0,840,1451
1937,487,0,356,843
1938,362,0,675,1037
1939,13,0,88,101
1940,746,0,333,1079
1941,742,0,848,1590
1942,56,0,297,353
1943,374,0,649,1023
1944,626,0,162,788
1945,417,0,673,1090
1946,758,0,802,1560
1947,113,0,304,417
1948,650,0,359,1009
1949,158,0,705,863
1950,941,0,550,1491
1951,317,0,941,1258
1952,148,0,453,601
1953,512,0,645,1157
1954,930,0,334,1264
1955,519,0,244,763
1956,599,0,995,1594
1957,261,0,292,553
1958,745,0,567,1312
1959,539,0,241,780
1960,636,0,561,1197
1961,533,0,573,1106
1962,522,0,866,1388
1963,395,0,836,1231
1964,827,0,551,1378
1965,666,0,191,857
1966,370,0,174,544
1967,807,0,348,1155
1968,119,0,498,617
1969,507,0,127,634
1970,33,0,808,841
1971,787,0,202,989
1972,362,0,494,856
1973,147,0,245,392
1974,388,0,458,846
1975,318,0,110,428
1976,47,0,598,645
1977,414,0,478,892
1978,729,0,919,1648
1979,325,0,316,641
1980,64,0,670,734
1981,39,0,962,1001
1982,737,0,643,1380
1983,543,0,736,1279
1984,991,0,988,1979
1985,58,0,960,1018
1986,739,0,232,971
1987,517,0,399,916
1988,597,0,781,1378
1989,399,0,580,979
1990,754,0,875,1629
1991,179,0,398,577
1992,858,0,86,944
1993,591,0,776,1367
1994,153,0,951,1104
1995,178,0,14,192
1996,374,0,998,1372
1997,565,0,485,1050
1998,708,0,861,1569
1999,161,0,534,695
2000,340,0,150,490
2001,547,0,179,726
2002,869,0,433,1302
2003,544,0,651,1195
2004,278,0,884,1162
2005,795,0,293,1088
2006,433,0,116,549
2007,503,0,49,552
2008,776,0,430,1206
2009,228,0,261,489
2010,555,0,426,981
2011,719,0,848,1567
2012,439,0,125,564
2013,614,0,748,1362
2014,725,0,529,1254
2015,77,0,113,190
2016,719,0,246,965
2017,94,0,665,759
2018,362,0,0,362
2019,471,0,149,620
2020,656,0,977,1633
2021,978,0,917,1895
2022,444,0,852,1296
2023,874,0,575,1449
2024,329,0,708,1037
2025,166,0,169,335
2026,269,0,945,1214
2027,735,0,954,1689
2028,736,0,870,1606
2029,135,0,799,934
2030,954,0,945,1899
2031,510,0,235,745
2032,559,0,342,901
2033,159,0,321,480
2034,560,0,468,1028
2035,801,0,57,858
2036,554,0,342,896
2037,327,0,272,599
2038,280,0,380,660
2039,334,0,607,941
2040,887,0,813,1700
2041,124,0,515,639
2042,718,0,751,1469
2043,319,0,86,405
2044,538,0,458,996
2045,641,0,832,1473
2046,965,0,135,1100
2047,201,0,976,1177
2048,423,0,243,666
2049,683,0,76,759
2050,755,0,847,1602
2051,991,0,216,1207
2052,168,0,673,841
2053,98,0,804,902
2054,571,0,971,1542
2055,20,0,19,39
2056,658,0,381,1039
2057,382,0,894,1276
2058,322,0,802,1124
2059,279,0,554,833
2060,823,0,164,987
2061,652,0,969,1621
2062,170,0,819,989
2063,717,0,462,1179
2064,87,0,937,1024
2065,17,0,875,892
2066,635,0,226,861
2067,622,0,311,933
2068,97,0,558,655
2069,291,0,370,661
2070,297,0,468,765
2071,63,0,437,500
2072,387,0,987,1374
2073,511,0,401,912
2074,328,0,351,679
2075,819,0,171,990
2076,22,0,856,878
2077,571,0,405,976
2078,928,0,664,1592
2079,235,0,282,517
2080,918,0,298,1216
2081,708,0,293,1001
2082,461,0,101,562
2083,520,0,326,846
2084,344,0,299,643
2085,975,0,289,1264
2086,747,0,924,1671
2087,900,0,899,1799
2088,516,0,616,1132
2089,581,0,124,705
2090,738,0,144,882
2091,741,0,43,784
2092,745,0,48,793
2093,641,0,249,890
2094,488,0,375,863
2095,410,0,641,1051
2096,493,0,308,801
2097,50,0,568,618
2098,468,0,390,858
2099,869,0,211,1080
2100,4,0,893,897
2101,470,0,450,920
2102,63,0,763,826
2103,741,0,247,988
2104,733,0,7,740
2105,423,0,534,957
2106,805,0,166,971
2107,617,0,934,1551
2108,985,0,919,1904
2109,320,0,253,573
2110,321,0,895,1216
2111,926,0,621,1547
2112,307,0,854,1161
2113,692,0,966,1658
2114,25,0,503,528
2115,245,0,548,793
2116,449,0,880,1329
2117,647,0,566,1213
2118,522,0,942,1464
2119,382,0,664,1046
2120,834,0,293,1127
2121,815,0,76,891
2122,326,0,801,1127
2123,717,0,157,874
2124,936,0,668,1604
2125,55,0,532,587
2126,794,0,646,1440
2127,72,0,831,903
2128,627,0,807,1434
2129,105,0,273,378
2130,641,0,409,1050
2131,291,0,532,823
2132,464,0,64,528
2133,678,0,509,1187
2134,827,0,566,1393
2135,654,0,86,740
2136,331,0,251,582
2137,244,0,208,452
2138,112,0,259,371
2139,341,0,306,647
2140,567,0,795,1362
2141,309,0,296,605
2142,816,0,734,1550
2143,622,0,430,1052
2144,900,0,7,907
2145,910,0,744,1654
2146,787,0,518,1305
2147,479,0,250,729
2148,774,0,243,1017
2149,282,0,608,890
2150,323,0,502,825
2151,995,0,353,1348
2152,875,0,850,1725
2153,318,0,62,380
2154,61,0,372,433
2155,44,0,320,364
2156,678,0,708,1386
2157,343,0,978,1321
2158,741,0,679,1420
2159,250,0,520,770
2160,382,0,68,450
2161,799,0,930,1729
2162,886,0,68,954
2163,524,0,483,1007
2164,596,0,821,1417
2165,638,0,933,1571
2166,920,0,144,1064
2167,745,0,106,851
2168,77,0,196,273
2169,556,0,302,858
2170,587,0,86,673
2171,984,0,802,1786
2172,0,0,787,787
2173,267,0,989,1256
2174,512,0,620,1132
2175,390,0,189,579
2176,996,0,742,1738
2177,321,0,566,887
2178,48,0,284,332
2179,688,0,221,909
2180,963,0,990,1953
2181,89,0,81,170
2182,137,0,274,411
2183,550,0,671,1221
2184,227,0,653,880
2185,113,0,144,257
2186,407,0,869,1276
2187,585,0,968,1553
2188,830,0,728,1558
2189,896,0,655,1551
2190,807,0,721,1528
2191,624,0,689,1313
2192,911,0,777,1688
2193,115,0,757,872
2194,725,0,287,1012
2195,493,0,582,1075
2196,539,0,784,1323
2197,62,0,341,403
2198,257,0,377,634
2199,967,0,282,1249
2200,36,0,649,685
2201,590,0,444,1034
2202,373,0,938,1311
2203,443,0,660,1103
2204,377,0,76,453
2205,1,0,227,228
2206,797,0,316,1113
2207,434,0,406,840
2208,918,0,928,1846
2209,866,0,785,1651
2210,715,0,745,1460
2211,763,0,304,1067
2212,165,0,444,609
2213,857,0,237,1094
2214,156,0,792,948
2215,53,0,135,188
2216,162,0,624,786
2217,667,0,296,963
2218,122,0,303,425
2219,24,0,358,382
2220,997,0,426,1423
2221,26,0,825,851
2222,628,0,554,1182
2223,449,0,993,1442
2224,134,0,428,562
2225,888,0,991,1879
2226,914,0,618,1532
2227,806,0,100,906
2228,389,0,347,736
2229,335,0,605,940
2230,745,0,664,1409
2231,899,0,775,1674
2232,292,0,88,380
2233,141,0,132,273
2234,562,0,539,1101
2235,548,0,444,992
2236,482,0,800,1282
2237,957,0,316,1273
2238,995,0,577,1572
2239,447,0,984,1431
2240,770,0,813,1583
2241,680,0,647,1327
2242,549,0,352,901
2243,853,0,44,897
2244,163,0,214,377
2245,973,0,454,1427
2246,749,0,749,1498
2247,170,0,885,1055
2248,467,0,432,899
2249,920,0,742,1662
2250,424,0,268,692
2251,998,0,593,1591
2252,258,0,926,1184
2253,380,0,623,1003
2254,142,0,320,462
2255,960,0,649,1609
2256,344,0,614,958
2257,497,0,12,509
2258,978,0,386,1364
2259,359,0,297,656
2260,131,0,999,1130
2261,110,0,588,698
2262,449,0,673,1122
2263,233,0,902,1135
2264,611,0,304,915
2265,563,0,662,1225
2266,475,0,69,544
2267,577,0,820,1397
2268,372,0,40,412
2269,61,0,830,891
2270,367,0,258,625
2271,214,0,628,842
2272,695,0,195,890
2273,752,0,883,1635
2274,587,0,682,1269
2275,744,0,645,1389
2276,395,0,54,449
2277,582,0,692,1274
2278,831,0,268,1099
2279,834,0,491,1325
2280,429,0,967,1396
2281,542,0,80,622
2282,710,0,303,1013
2283,25,0,727,752
2284,949,0,982,1931
2285,528,0,625,1153
2286,536,0,496,1032
2287,790,0,430,1220
2288,857,0,802,1659
2289,774,0,414,1188
2290,241,0,315,556
2291,655,0,686,1341
2292,729,0,133,862
2293,205,0,26,231
2294,665,0,533,1198
2295,465,0,969,1434
2296,355,0,580,935
2297,272,0,743,1015
2298,622,0,512,1134
2299,773,0,943,1716
2300,950,0,764,1714
2301,543,0,887,1430
2302,697,0,459,1156
2303,380,0,530,910
2304,22,0,237,259
2305,713,0,843,1556
2306,6,0,117,123
2307,2,0,356,358
2308,997,0,112,1109
2309,569,0,870,1439
2310,616,0,250,866
2311,821,0,134,955
2312,437,0,489,926
2313,541,0,155,696
2314,499,0,680,1179
2315,824,0,970,1794
2316,78,0,399,477
2317,817,0,989,1806
2318,95,0,149,244
2319,396,0,847,1243
2320,932,0,314,1246
2321,305,0,263,568
2322,209,0,206,415
2323,62,0,385,447
2324,877,0,591,1468
2325,399,0,194,593
2326,83,0,426,509
2327,979,0,441,1420
2328,583,0,797,1380
2329,249,0,815,1064
2330,931,0,502,1433
2331,829,0,248,1077
2332,182,0,841,1023
2333,985,0,770,1755
2334,277,0,313,590
2335,509,0,122,631
2336,795,0,608,1403
2337,526,0,987,1513
2338,614,0,838,1452
2339,694,0,264,958
2340,475,0,681,1156
2341,717,0,133,850
2342,428,0,289,717
2343,236,0,729,965
2344,962,0,785,1747
2345,485,0,940,1425
2346,280,0,931,1211
2347,830,0,868,1698
2348,384,0,361,745
2349,757,0,306,1063
2350,674,0,233,907
2351,800,0,649,1449
2352,605,0,44,649
2353,183,0,855,1038
2354,304,0,435,739
2355,848,0,240,1088
2356,6,0,563,569
2357,185,0,466,651
2358,445,0,512,957
2359,274,0,814,1088
2360,651,0,625,1276
2361,97,0,439,536
2362,344,0,702,1046
2363,139,0,872,1011
2364,400,0,593,993
2365,332,0,493,825
2366,533,0,405,938
2367,100,0,670,770
2368,708,0,318,1026
2369,798,0,812,1610
2370,725,0,576,1301
2371,378,0,658,1036
2372,286,0,227,513
2373,36,0,373,409
2374,886,0,531,1417
2375,550,0,858,1408
2376,705,0,934,1639
2377,123,0,448,571
2378,340,0,2,342
2379,842,0,743,1585
2380,156,0,957,1113
2381,438,0,740,1178
2382,111,0,280,391
2383,508,0,751,1259
2384,170,0,861,1031
2385,187,0,735,922
2386,803,0,958,1761
2387,92,0,639,731
2388,435,0,940,1375
2389,324,0,950,1274
2390,374,0,664,1038
2391,357,0,910,1267
2392,966,0,192,1158
2393,357,0,264,621
2394,860,0,282,1142
2395,725,0,936,1661
2396,442,0,165,607
2397,154,0,187,341
2398,386,0,687,1073
2399,148,0,216,364
2400,623,0,153,776
2401,215,0,95,310
2402,368,0,700,1068
2403,61,0,777,838
2404,16,0,511,527
2405,551,0,951,1502
2406,622,0,809,1431
2407,838,0,39,877
2408,274,0,507,781
2409,493,0,378,871
2410,77,0,475,552
2411,884,0,99,983
2412,496,0,39,535
2413,837,0,277,1114
2414,393,0,948,1341
2415,567,0,609,1176
2416,462,0,653,1115
2417,366,0,808,1174
2418,873,0,404,1277
2419,460,0,304,764
2420,968,0,368,1336
2421,486,0,334,820
2422,190,0,789,979
2423,483,0,804,1287
2424,559,0,347,906
2425,480,0,780,1260
2426,684,0,484,1168
2427,990,0,49,1039
2428,846,0,880,1726
2429,275,0,782,1057
2430,988,0,72,1060
2431,659,0,638,1297
2432,657,0,963,1620
2433,891,0,544,1435
2434,48,0,11,59
2435,202,0,779,981
2436,263,0,351,614
2437,17,0,570,587
2438,285,0,357,642
2439,124,0,206,330
2440,399,0,193,592
2441,600,0,743,1343
2442,998,0,273,1271
2443,981,0,170,1151
2444,395,0,253,648
2445,724,0,969,1693
2446,938,0,94,1032
2447,937,0,609,1546
2448,920,0,633,1553
2449,558,0,466,1024
2450,115,0,476,591
2451,333,0,895,1228
2452,729,0,572,1301
2453,802,0,963,1765
2454,207,0,938,1145
2455,256,0,564,820
2456,260,0,858,1118
2457,693,0,919,1612
2458,135,0,678,813
2459,792,0,839,1631
2460,703,0,283,986
2461,746,0,533,1279
2462,942,0,11,953
2463,919,0,528,1447
2464,511,0,327,838
2465,110,0,530,640
2466,816,0,174,990
2467,990,0,806,1796
2468,29,0,308,337
2469,209,0,15,224
2470,690,0,368,1058
2471,475,0,89,564
2472,474,0,56,530
2473,547,0,692,1239
2474,478,0,471,949
2475,653,0,359,1012
2476,474,0,683,1157
2477,632,0,423,1055
2478,576,0,694,1270
2479,880,0,903,1783
2480,341,0,891,1232
2481,654,0,301,955
2482,783,0,221,1004
2483,540,0,136,676
2484,437,0,164,601
2485,919,0,301,1220
2486,955,0,636,1591
2487,536,0,2,538
2488,806,0,492,1298
2489,991,0,502,1493
2490,744,0,561,1305
2491,855,0,586,1441
2492,282,0,285,567
2493,432,0,317,749
2494,867,0,148,1015
2495,41,0,739,780
2496,917,0,397,1314
2497,496,0,825,1321
2498,194,0,691,885
2499,335,0,212,547
2500,222,0,385,607
2501,963,0,543,1506
2502,742,0,424,1166
2503,756,0,347,1103
2504,601,0,122,723
2505,185,0,141,326
2506,640,0,277,917
2507,591,0,452,1043
2508,400,0,364,764
2509,937,0,113,1050
2510,40,0,37,77
2511,540,0,801,1341
2512,966,0,923,1889
2513,634,0,121,755
2514,816,0,40,856
2515,731,0,124,855
2516,667,0,480,1147
2517,641,0,879,1520
2518,973,0,637,1610
2519,718,0,368,1086
2520,63,0,710,773
2521,273,0,747,1020
2522,661,0,531,1192
2523,4,0,331,335
2524,946,0,286,1232
2525,987,0,754,1741
2526,226,0,749,975
2527,463,0,165,628
2528,688,0,899,1587
2529,907,0,184,1091
2530,582,0,747,1329
2531,137,0,936,1073
2532,696,0,757,1453
2533,747,0,62,809
2534,743,0,145,888
2535,141,0,165,306
2536,597,0,798,1395
2537,667,0,400,1067
2538,970,0,176,1146
2539,523,0,432,955
2540,460,0,963,1423
2541,432,0,963,1395
2542,492,0,733,1225
2543,452,0,939,1391
2544,346,0,378,724
2545,524,0,806,1330
2546,973,0,990,1963
2547,788,0,386,1174
2548,125,0,534,659
2549,385,0,671,1056
2550,287,0,217,504
2551,151,0,982,1133
2552,131,0,821,952
2553,733,0,212,945
2554,618,0,830,1448
2555,767,0,810,1577
2556,410,0,974,1384
2557,528,0,208,736
2558,36,0,264,300
2559,878,0,678,1556
2560,802,0,988,1790
2561,367,0,482,849
2562,404,0,99,503
2563,136,0,271,407
2564,344,0,386,730
2565,248,0,483,731
2566,629,0,401,1030
2567,774,0,236,1010
2568,310,0,767,1077
2569,363,0,237,600
2570,198,0,150,348
2571,942,0,597,1539
2572,587,0,580,1167
2573,75,0,744,819
2574,475,0,201,676
2575,574,0,822,1396
2576,85,0,598,683
2577,316,0,417,733
2578,695,0,724,1419
2579,58,0,666,724
2580,100,0,226,326
2581,618,0,73,691
2582,511,0,574,1085
2583,499,0,646,1145
2584,616,0,308,924
2585,220,0,863,1083
2586,97,0,256,353
2587,92,0,467,559
2588,387,0,719,1106
2589,683,0,757,1440
2590,961,0,827,1788
2591,590,0,594,1184
2592,550,0,546,1096
2593,42,0,629,671
2594,120,0,37,157
2595,190,0,543,733
2596,914,0,154,1068
2597,49,0,472,521
2598,244,0,953,1197
2599,739,0,102,841
2600,682,0,697,1379
2601,886,0,470,1356
2602,768,0,963,1731
2603,251,0,88,339
2604,661,0,431,1092
2605,821,0,331,1152
2606,953,0,754,1707
2607,456,0,109,565
2608,501,0,23,524
2609,904,0,54,958
2610,286,0,520,806
2611,885,0,31,916
2612,413,0,691,1104
2613,976,0,236,1212
2614,914,0,833,1747
2615,582,0,502,1084
2616,251,0,416,667
2617,46,0,551,597
2618,26,0,212,238
2619,28,0,754,782
2620,163,0,921,1084
2621,198,0,89,287
2622,59,0,55,114
2623,521,0,132,653
2624,272,0,636,908
2625,387,0,999,1386
2626,255,0,358,613
2627,434,0,654,1088
2628,320,0,982,1302
2629,259,0,693,952
2630,757,0,65,822
2631,468,0,516,984
2632,261,0,263,524
2633,392,0,416,808
2634,647,0,174,821
2635,567,0,833,1400
2636,310,0,344,654
2637,366,0,166,532
2638,165,0,277,442
2639,5,0,28,33
2640,346,0,889,1235
2641,936,0,663,1599
2642,27,0,52,79
2643,215,0,667,882
2644,833,0,687,1520
2645,269,0,706,975
2646,830,0,877,1707
2647,168,0,849,1017
2648,335,0,593,928
2649,972,0,74,1046
2650,53,0,519,572
2651,461,0,10,471
2652,37,0,600,637
2653,970,0,602,1572
2654,831,0,174,1005
2655,567,0,367,934
2656,144,0,803,947
2657,636,0,923,1559
2658,890,0,221,1111
2659,722,0,914,1636
2660,927,0,304,1231
2661,620,0,200,820
2662,46,0,544,590
2663,102,0,163,265
2664,134,0,530,664
2665,304,0,268,572
2666,782,0,222,1004
2667,711,0,97,808
2668,725,0,125,850
2669,845,0,751,1596
2670,276,0,370,646
2671,159,0,204,363
2672,305,0,5,310
2673,775,0,450,1225
2674,179,0,213,392
2675,350,0,818,1168
2676,867,0,972,1839
2677,121,0,449,570
2678,217,0,2,219
2679,497,0,983,1480
2680,723,0,179,902
2681,375,0,957,1332
2682,884,0,317,1201
2683,649,0,400,1049
2684,632,0,642,1274
2685,885,0,782,1667
2686,282,0,651,933
2687,331,0,429,760
2688,499,0,132,631
2689,248,0,730,978
2690,618,0,295,913
2691,30,0,358,388
2692,933,0,723,1656
2693,331,0,398,729
2694,173,0,387,560
2695,418,0,178,596
2696,706,0,130,836
2697,848,0,427,1275
2698,993,0,505,1498
2699,132,0,179,311
2700,600,0,973,1573
2701,687,0,262,949
2702,191,0,383,574
2703,681,0,719,1400
2704,221,0,738,959
2705,446,0,826,1272
2706,976,0,824,1800
2707,979,0,315,1294
2708,486,0,476,962
2709,261,0,705,966
2710,341,0,438,779
2711,227,0,803,1030
2712,648,0,194,842
2713,990,0,318,1308
2714,398,0,576,974
2715,311,0,800,1111
2716,763,0,202,965
2717,672,0,530,1202
2718,385,0,842,1227
2719,484,0,806,1290
2720,149,0,285,434
2721,584,0,393,977
2722,562,0,758,1320
2723,152,0,481,633
2724,666,0,375,1041
2725,498,0,910,1408
2726,385,0,538,923
2727,847,0,152,999
2728,285,0,818,1103
2729,798,0,554,1352
2730,697,0,945,1642
2731,760,0,904,1664
2732,218,0,229,447
2733,225,0,403,628
2734,450,0,196,646
2735,26,0,318,344
2736,389,0,788,1177
2737,628,0,785,1413
2738,447,0,86,533
2739,676,0,404,1080
2740,473,0,209,682
2741,418,0,541,959
2742,660,0,104,764
2743,976,0,957,1933
2744,644,0,203,847
2745,370,0,930,1300
2746,350,0,699,1049
2747,643,0,778,1421
2748,17,0,640,657
2749,57,0,21,78
2750,119,0,943,1062
2751,226,0,671,897
2752,492,0,810,1302
2753,780,0,906,1686
2754,944,0,581,1525
2755,374,0,108,482
2756,244,0,809,1053
2757,763,0,425,1188
2758,79,0,316,395
2759,148,0,3,151
2760,407,0,701,1108
2761,951,0,827,1778
2762,52,0,581,633
2763,451,0,503,954
2764,40,0,24,64
2765,277,0,727,1004
2766,721,0,109,830
2767,523,0,843,1366
2768,798,0,806,1604
2769,1,0,806,807
2770,347,0,130,477
2771,831,0,445,1276
2772,600,0,333,933
2773,874,0,253,1127
2774,597,0,338,935
2775,565,0,839,1404
2776,462,0,816,1278
2777,769,0,241,1010
2778,392,0,434,826
2779,637,0,93,730
2780,987,0,621,1608
2781,366,0,126,492
2782,527,0,136,663
2783,35,0,661,696
2784,262,0,127,389
2785,434,0,560,994
2786,357,0,572,929
2787,466,0,534,1000
2788,343,0,618,961
2789,977,0,94,1071
2790,667,0,820,1487
2791,643,0,915,1558
2792,986,0,359,1345
2793,451,0,105,556
2794,287,0,692,979
2795,950,0,746,1696
2796,609,0,294,903
2797,266,0,699,965
2798,908,0,647,1555
2799,518,0,396,914
2800,945,0,910,1855
2801,332,0,463,795
2802,717,0,815,1532
2803,129,0,351,480
2804,485,0,932,1417
2805,541,0,312,853
2806,227,0,689,916
2807,397,0,524,921
2808,216,0,853,1069
2809,481,0,290,771
2810,863,0,321,1184
2811,77,0,665,742
2812,413,0,187,600
2813,8,0,467,475
2814,249,0,774,1023
2815,679,0,13,692
2816,547,0,963,1510
2817,321,0,490,811
2818,616,0,39,655
2819,219,0,994,1213
2820,321,0,527,848
2821,444,0,308,752
2822,559,0,479,1038
2823,745,0,163,908
2824,342,0,294,636
2825,14,0,365,379
2826,121,0,677,798
2827,743,0,234,977
2828,868,0,348,1216
2829,820,0,553,1373
2830,400,0,433,833
2831,145,0,47,192
2832,652,0,479,1131
2833,940,0,735,1675
2834,153,0,165,318
2835,848,0,581,1429
2836,157,0,666,823
2837,95,0,99,194
2838,781,0,680,1461
2839,936,0,381,1317
2840,538,0,272,810
2841,378,0,370,748
2842,802,0,834,1636
2843,612,0,727,1339
2844,629,0,358,987
2845,910,0,988,1898
2846,700,0,937,1637
2847,228,0,190,418
2848,778,0,249,1027
2849,373,0,522,895
2850,686,0,460,1146
2851,262,0,126,388
2852,196,0,222,418
2853,243,0,336,579
2854,621,0,980,1601
2855,716,0,636,1352
2856,409,0,194,603
2857,847,0,82,929
2858,471,0,742,1213
2859,492,0,656,1148
2860,614,0,917,1531
2861,214,0,244,458
2862,677,0,504,1181
2863,81,0,1000,1081
2864,98,0,225,323
2865,442,0,474,916
2866,621,0,513,1134
2867,697,0,138,835
2868,103,0,289,392
2869,882,0,713,1595
2870,304,0,237,541
2871,863,0,324,1187
2872,542,0,18,560
2873,188,0,682,870
2874,897,0,473,1370
2875,84,0,592,676
2876,246,0,142,388
2877,880,0,609,1489
2878,507,0,788,1295
2879,4,0,641,645
2880,227,0,920,1147
2881,317,0,883,1200
2882,380,0,677,1057
2883,103,0,901,1004
2884,679,0,238,917
2885,191,0,325,516
2886,369,0,572,941
2887,823,0,310,1133
2888,999,0,478,1477
2889,573,0,112,685
2890,61,0,981,1042
2891,485,0,703,1188
2892,854,0,581,1435
2893,269,0,537,806
2894,527,0,226,753
2895,212,0,517,729
2896,31,0,294,325
2897,736,0,239,975
2898,9,0,222,231
2899,54,0,902,956
2900,24,0,391,415
2901,953,0,557,1510
2902,785,0,896,1681
2903,164,0,426,590
2904,103,0,377,480
2905,206,0,669,875
2906,586,0,463,1049
2907,276,0,215,491
2908,376,0,831,1207
2909,153,0,48,201
2910,500,0,552,1052
2911,747,0,260,1007
2912,941,0,250,1191
2913,346,0,512,858
2914,331,0,236,567
2915,605,0,54,659
2916,609,0,906,1515
2917,640,0,261,901
2918,754,0,322,1076
2919,598,0,960,1558
2920,976,0,356,1332
2921,953,0,126,1079
2922,774,0,807,1581
2923,716,0,73,789
2924,466,0,246,712
2925,242,0,814,1056
2926,427,0,77,504
2927,94,0,252,346
2928,404,0,464,868
2929,509,0,160,669
2930,602,0,541,1143
2931,723,0,115,838
2932,845,0,64,909
2933,296,0,712,1008
2934,599,0,606,1205
2935,144,0,473,617
2936,222,0,704,926
2937,378,0,311,689
2938,678,0,111,789
2939,298,0,531,829
2940,733,0,964,1697
2941,903,0,16,919
2942,866,0,459,1325
2943,699,0,117,816
2944,407,0,939,1346
2945,589,0,485,1074
2946,796,0,310,1106
2947,636,0,142,778
2948,523,0,874,1397
2949,40,0,602,642
2950,139,0,749,888
2951,706,0,986,1692
2952,393,0,129,522
2953,498,0,503,1001
2954,651,0,323,974
2955,143,0,948,1091
2956,920,0,803,1723
2957,492,0,173,665
2958,815,0,123,938
2959,44,0,148,192
2960,567,0,418,985
2961,972,0,944,1916
2962,772,0,885,1657
2963,491,0,243,734
2964,382,0,806,1188
2965,504,0,28,532
2966,637,0,264,901
2967,227,0,917,1144
2968,269,0,861,1130
2969,12,0,647,659
2970,894,0,589,1483
2971,28,0,652,680
2972,781,0,829,1610
2973,641,0,570,1211
2974,781,0,719,1500
2975,228,0,577,805
2976,10,0,270,280
2977,548,0,202,750
2978,31,0,175,206
2979,253,0,826,1079
2980,81,0,643,724
2981,599,0,169,768
2982,443,0,720,1163
2983,285,0,602,887
2984,290,0,555,845
2985,290,0,357,647
2986,811,0,342,1153
2987,543,0,161,704
2988,948,0,800,1748
2989,571,0,236,807
2990,2,0,52,54
2991,593,0,594,1187
2992,999,0,525,1524
2993,799,0,613,1412
2994,271,0,933,1204
2995,504,0,890,1394
2996,567,0,966,1533
2997,368,0,883,1251
2998,699,0,479,1178
2999,778,0,135,913
3000,532,0,467,999
3001,393,0,690,1083
3002,328,0,585,913
3003,711,0,752,1463
3004,553,0,51,604
3005,649,0,613,1262
3006,769,0,228,997
3007,304,0,953,1257
3008,36,0,899,935
3009,857,0,203,1060
3010,533,0,782,1315
3011,788,0,93,881
3012,716,0,542,1258
3013,523,0,459,982
3014,279,0,413,692
3015,701,0,391,1092
3016,793,0,505,1298
3017,933,0,780,1713
3018,476,0,276,752
3019,558,0,922,1480
3020,474,0,371,845
3021,380,0,125,505
3022,65,0,865,930
3023,65,0,558,623
3024,560,0,477,1037
3025,757,0,670,1427
3026,504,0,705,1209
3027,141,0,19,160
3028,594,0,434,1028
3029,830,0,367,1197
3030,154,0,328,482
3031,228,0,977,1205
3032,461,0,165,626
3033,173,0,509,682
3034,29,0,801,830
3035,817,0,778,1595
3036,257,0,736,993
3037,70,0,622,692
3038,745,0,564,1309
3039,129,0,683,812
3040,494,0,714,1208
3041,898,0,720,1618
3042,587,0,6,593
3043,195,0,801,996
3044,424,0,116,540
3045,37,0,235,272
3046,834,0,446,1280
3047,53,0,567,620
3048,202,0,361,563
3049,462,0,572,1034
3050,166,0,892,1058
3051,579,0,666,1245
3052,93,0,779,872
3053,863,0,643,1506
3054,844,0,990,1834
3055,504,0,439,943
3056,619,0,998,1617
3057,184,0,19,203
3058,74,0,456,530
3059,919,0,394,1313
3060,668,0,717,1385
3061,873,0,409,1282
3062,303,0,260,563
3063,60,0,951,1011
3064,858,0,70,928
3065,81,0,132,213
3066,868,0,156,1024
3067,811,0,24,835
3068,766,0,441,1207
3069,895,0,982,1877
3070,222,0,169,391
3071,6,0,394,400
3072,415,0,796,1211
3073,190,0,647,837
3074,593,0,696,1289
3075,466,0,250,716
3076,236,0,491,727
3077,905,0,392,1297
3078,309,0,593,902
3079,195,0,408,603
3080,452,0,872,1324
3081,275,0,342,617
3082,191,0,442,633
3083,355,0,47,402
3084,28,0,309,337
3085,796,0,963,1759
3086,25,0,922,947
3087,294,0,272,566
3088,592,0,640,1232
3089,72,0,712,784
3090,70,0,411,481
3091,369,0,410,779
3092,346,0,135,481
3093,129,0,278,407
3094,376,0,679,1055
3095,132,0,205,337
3096,541,0,31,572
3097,495,0,949,1444
3098,209,0,803,1012
3099,31,0,675,706
3100,986,0,605,1591
3101,620,0,916,1536
3102,615,0,107,722
3103,299,0,9,308
3104,346,0,252,598
3105,111,0,640,751
3106,902,0,460,1362
3107,492,0,131,623
3108,911,0,775,1686
3109,537,0,858,1395
3110,695,0,698,1393
3111,3,0,831,834
3112,420,0,981,1401
3113,442,0,360,802
3114,643,0,875,1518
3115,13,0,120,133
3116,696,0,730,1426
3117,171,0,254,425
3118,395,0,402,797
3119,244,0,650,894
3120,921,0,600,1521
3121,560,0,379,939
3122,511,0,328,839
3123,143,0,626,769
3124,720,0,876,1596
3125,339,0,574,913
3126,525,0,724,1249
3127,642,0,597,1239
3128,804,0,442,1246
3129,220,0,345,565
3130,943,0,208,1151
3131,763,0,889,1652
3132,921,0,797,1718
3133,278,0,614,892
3134,611,0,467,1078
3135,164,0,564,728
3136,129,0,80,209
3137,184,0,536,720
3138,488,0,847,1335
3139,36,0,580,616
3140,166,0,925,1091
3141,903,0,81,984
3142,244,0,314,558
3143,485,0,281,766
3144,773,0,933,1706
3145,928,0,116,1044
3146,345,0,436,781
3147,735,0,536,1271
3148,782,0,179,961
3149,983,0,877,1860
3150,20,0,375,395
3151,852,0,663,1515
3152,869,0,580,1449
3153,94,0,862,956
3154,302,0,740,1042
3155,947,0,849,1796
3156,778,0,709,1487
3157,600,0,255,855
3158,295,0,515,810
3159,750,0,281,1031
3160,53,0,288,341
3161,209,0,337,546
3162,165,0,69,234
3163,380,0,191,571
3164,400,0,648,1048
3165,464,0,191,655
3166,94,0,775,869
3167,5,0,138,143
3168,962,0,249,1211
3169,341,0,858,1199
3170,596,0,656,1252
3171,786,0,664,1450
3172,469,0,427,896
3173,230,0,343,573
3174,277,0,549,826
3175,666,0,786,1452
3176,617,0,752,1369
3177,509,0,607,1116
3178,961,0,167,1128
3179,505,0,318,823
3180,264,0,328,592
3181,986,0,911,1897
3182,691,0,177,868
3183,550,0,424,974
3184,298,0,142,440
3185,84,0,282,366
3186,393,0,849,1242
3187,248,0,282,530
3188,328,0,685,1013
3189,429,0,446,875
3190,177,0,18,195
3191,821,0,439,1260
3192,60,0,636,696
3193,145,0,490,635
3194,770,0,642,1412
3195,859,0,986,1845
3196,138,0,141,279
3197,155,0,705,860
3198,331,0,719,1050
3199,735,0,168,903
3200,853,0,918,1771
3201,365,0,14,379
3202,25,0,749,774
3203,912,0,71,983
3204,680,0,696,1376
3205,23,0,688,711
3206,308,0,84,392
3207,796,0,185,981
3208,376,0,237,613
3209,293,0,885,1178
3210,918,0,518,1436
3211,787,0,202,989
3212,310,0,480,790
3213,486,0,740,1226
3214,739,0,613,1352
3215,898,0,320,1218
3216,31,0,875,906
3217,742,0,375,1117
3218,1,0,681,682
3219,454,0,526,980
3220,986,0,344,1330
3221,808,0,339,1147
3222,322,0,925,1247
3223,204,0,39,243
3224,160,0,783,943
3225,476,0,491,967
3226,984,0,465,1449
3227,497,0,748,1245
3228,572,0,840,1412
3229,726,0,431,1157
3230,253,0,780,1033
3231,686,0,299,985
3232,272,0,730,1002
3233,751,0,789,1540
3234,406,0,12,418
3235,542,0,555,1097
3236,392,0,145,537
3237,179,0,480,659
3238,527,0,464,991
3239,350,0,89,439
3240,983,0,749,1732
3241,144,0,818,962
3242,564,0,330,894
3243,835,0,804,1639
3244,666,0,785,1451
3245,329,0,860,1189
3246,845,0,350,1195
3247,968,0,301,1269
3248,858,0,890,1748
3249,819,0,420,1239
3250,993,0,307,1300
3251,5,0,373,378
3252,645,0,906,1551
3253,366,0,160,526
3254,776,0,888,1664
3255,998,0,282,1280
3256,148,0,657,805
3257,394,0,690,1084
3258,902,0,588,1490
3259,883,0,419,1302
3260,237,0,701,938
3261,509,0,177,686
3262,760,0,96,856
3263,439,0,107,546
3264,87,0,444,531
3265,376,0,680,1056
3266,152,0,946,1098
3267,671,0,595,1266
3268,216,0,1,217
3269,777,0,40,817
3270,312,0,211,523
3271,608,0,540,1148
3272,781,0,64,845
3273,985,0,763,1748
3274,960,0,597,1557
3275,591,0,100,691
3276,911,0,274,1185
3277,480,0,143,623
3278,419,0,792,1211
3279,652,0,592,1244
3280,805,0,865,1670
3281,538,0,333,871
3282,509,0,829,1338
3283,998,0,830,1828
3284,185,0,99,284
3285,222,0,539,761
3286,270,0,888,1158
3287,918,0,674,1592
3288,353,0,929,1282
3289,462,0,85,547
3290,460,0,473,933
3291,930,0,457,1387
3292,665,0,182,847
3293,136,0,123,259
3294,267,0,670,937
3295,23,0,753,776
3296,274,0,944,1218
3297,724,0,686,1410
3298,682,0,699,1381
3299,86,0,118,204
3300,72,0,327,399
3301,21,0,669,690
3302,473,0,324,797
3303,913,0,770,1683
3304,823,0,905,1728
3305,169,0,93,262
3306,778,0,615,1393
3307,481,0,515,996
3308,525,0,842,1367
3309,866,0,780,1646
3310,873,0,636,1509
3311,462,0,514,976
3312,863,0,683,1546
3313,993,0,649,1642
3314,432,0,333,765
3315,867,0,975,1842
3316,528,0,834,1362
3317,857,0,188,1045
3318,456,0,381,837
3319,38,0,832,870
3320,635,0,427,1062
3321,576,0,97,673
3322,740,0,923,1663
3323,823,0,433,1256
3324,909,0,417,1326
3325,135,0,172,307
3326,293,0,13,306
3327,831,0,487,1318
3328,174,0,992,1166
3329,386,0,129,515
3330,453,0,575,1028
3331,639,0,318,957
3332,561,0,635,1196
3333,76,0,512,588
3334,201,0,994,1195
3335,872,0,916,1788
3336,414,0,393,807
3337,167,0,739,906
3338,123,0,353,476
3339,369,0,821,1190
3340,512,0,949,1461
3341,259,0,385,644
3342,866,0,164,1030
3343,121,0,902,1023
3344,651,0,96,747
3345,41,0,115,156
3346,763,0,687,1450
3347,563,0,307,870
3348,389,0,212,601
3349,7,0,381,388
3350,183,0,966,1149
3351,104,0,541,645
3352,291,0,600,891
3353,206,0,621,827
3354,643,0,290,933
3355,668,0,73,741
3356,668,0,672,1340
3357,478,0,445,923
3358,226,0,400,626
3359,809,0,220,1029
3360,822,0,988,1810
3361,422,0,721,1143
3362,416,0,44,460
3363,849,0,247,1096
3364,10,0,944,954
3365,360,0,683,1043
3366,603,0,646,1249
3367,853,0,554,1407
3368,569,0,202,771
3369,949,0,760,1709
3370,915,0,651,1566
3371,877,0,867,1744
3372,852,0,453,1305
3373,728,0,651,1379
3374,416,0,587,1003
3375,509,0,439,948
3376,783,0,764,1547
3377,949,0,119,1068
3378,108,0,774,882
3379,854,0,797,1651
3380,130,0,293,423
3381,535,0,368,903
3382,743,0,296,1039
3383,399,0,267,666
3384,896,0,529,1425
3385,4,0,739,743
3386,905,0,848,1753
3387,147,0,864,1011
3388,418,0,895,1313
3389,523,0,375,898
3390,915,0,781,1696
3391,810,0,438,1248
3392,323,0,865,1188
3393,387,0,519,906
3394,609,0,729,1338
3395,950,0,231,1181
3396,524,0,378,902
3397,833,0,159,992
3398,293,0,444,737
3399,120,0,957,1077
3400,693,0,725,1418
3401,688,0,836,1524
3402,597,0,395,992
3403,785,0,836,1621
3404,745,0,976,1721
3405,166,0,993,1159
3406,126,0,680,806
3407,572,0,342,914
3408,216,0,346,562
3409,353,0,552,905
3410,136,0,525,661
3411,421,0,269,690
3412,521,0,830,1351
3413,301,0,260,561
3414,250,0,899,1149
3415,705,0,238,943
3416,716,0,187,903
3417,488,0,95,583
3418,670,0,820,1490
3419,393,0,470,863
3420,924,0,570,1494
3421,19,0,127,146
3422,558,0,375,933
3423,468,0,609,1077
3424,450,0,922,1372
3425,135,0,622,757
3426,114,0,986,1100
3427,488,0,827,1315
3428,19,0,330,349
3429,569,0,413,982
3430,194,0,313,507
3431,294,0,702,996
3432,625,0,390,1015
3433,492,0,351,843
3434,264,0,617,881
3435,941,0,950,1891
3436,505,0,870,1375
3437,173,0,654,827
3438,927,0,568,1495
3439,506,0,154,660
3440,558,0,889,1447
3441,883,0,926,1809
3442,59,0,491,550
3443,815,0,715,1530
3444,81,0,667,748
3445,372,0,531,903
3446,168,0,351,519
3447,679,0,979,1658
3448,152,0,388,540
3449,359,0,899,1258
3450,338,0,92,430
3451,417,0,975,1392
3452,340,0,988,1328
3453,784,0,963,1747
3454,214,0,582,796
3455,806,0,653,1459
3456,624,0,448,1072
3457,102,0,219,321
3458,116,0,196,312
3459,353,0,859,1212
3460,974,0,426,1400
3461,86,0,404,490
3462,408,0,390,798
3463,860,0,800,1660
3464,179,0,889,1068
3465,559,0,270,829
3466,226,0,23,249
3467,303,0,361,664
3468,417,0,478,895
3469,923,0,193,1116
3470,516,0,802,1318
3471,144,0,333,477
3472,151,0,748,899
3473,635,0,117,752
3474,898,0,474,1372
3475,50,0,815,865
3476,482,0,532,1014
3477,364,0,392,756
3478,117,0,222,339
3479,920,0,145,1065
3480,407,0,505,912
3481,545,0,998,1543
3482,159,0,503,662
3483,753,0,332,1085
3484,662,0,108,770
3485,144,0,800,944
3486,458,0,567,1025
3487,40,0,838,878
3488,731,0,554,1285
3489,494,0,190,684
3490,277,0,693,970
3491,576,0,716,1292
3492,236,0,196,432
3493,773,0,610,1383
3494,796,0,590,1386
3495,357,0,341,698
3496,85,0,227,312
3497,471,0,436,907
3498,242,0,730,972
3499,398,0,717,1115
3500,953,0,724,1677
3501,818,0,242,1060
3502,776,0,653,1429
3503,607,0,801,1408
3504,852,0,630,1482
3505,924,0,243,1167
3506,449,0,556,1005
3507,39,0,236,275
3508,328,0,662,990
3509,608,0,388,996
3510,630,0,52,682
3511,378,0,820,1198
3512,701,0,169,870
3513,531,0,22,553
3514,299,0,176,475
3515,467,0,178,645
3516,60,0,193,253
3517,540,0,936,1476
3518,421,0,811,1232
3519,864,0,932,1796
3520,855,0,843,1698
3521,916,0,195,1111
3522,375,0,840,1215
3523,307,0,978,1285
3524,483,0,761,1244
3525,298,0,277,575
3526,707,0,460,1167
3527,215,0,602,817
3528,655,0,156,811
3529,464,0,859,1323
3530,838,0,343,1181
3531,269,0,741,1010
3532,622,0,6,628
3533,225,0,982,1207
3534,239,0,842,1081
3535,271,0,742,1013
3536,246,0,175,421
3537,63,0,210,273
3538,685,0,18,703
3539,546,0,767,1313
3540,830,0,633,1463
3541,811,0,451,1262
3542,670,0,173,843
3543,275,0,473,748
3544,412,0,183,595
3545,549,0,695,1244
3546,414,0,909,1323
3547,190,0,609,799
3548,230,0,678,908
3549,939,0,285,1224
3550,737,0,218,955
3551,882,0,946,1828
3552,613,0,102,715
3553,367,0,442,809
3554,506,0,28,534
3555,23,0,937,960
3556,146,0,373,519
3557,36,0,717,753
3558,801,0,743,1544
3559,717,0,685,1402
3560,376,0,477,853
3561,538,0,511,1049
3562,899,0,63,962
3563,307,0,273,580
3564,791,0,318,1109
3565,337,0,609,946
3566,558,0,870,1428
3567,945,0,332,1277
3568,424,0,452,876
3569,567,0,641,1208
3570,321,0,375,696
3571,762,0,16,778
3572,96,0,697,793
3573,501,0,687,1188
3574,338,0,477,815
3575,551,0,750,1301
3576,651,0,692,1343
3577,733,0,674,1407
3578,867,0,233,1100
3579,883,0,457,1340
3580,687,0,214,901
3581,785,0,953,1738
3582,353,0,298,651
3583,360,0,436,796
3584,602,0,755,1357
3585,966,0,694,1660
3586,347,0,492,839
3587,394,0,470,864
3588,38,0,704,742
3589,728,0,568,1296
3590,841,0,779,1620
3591,61,0,845,906
3592,68,0,549,617
3593,1,0,44,45
3594,51,0,686,737
3595,571,0,159,730
3596,50,0,303,353
3597,235,0,81,316
3598,833,0,902,1735
3599,964,0,747,1711
3600,859,0,60,919
3601,798,0,884,1682
3602,567,0,313,880
3603,586,0,290,876
3604,334,0,145,479
3605,936,0,727,1663
3606,795,0,838,1633
3607,890,0,340,1230
3608,719,0,217,936
3609,529,0,391,920
3610,320,0,476,796
3611,287,0,981,1268
3612,202,0,187,389
3613,351,0,411,762
3614,958,0,617,1575
3615,906,0,769,1675
3616,385,0,351,736
3617,37,0,466,503
3618,934,0,221,1155
3619,933,0,949,1882
3620,127,0,423,550
3621,103,0,153,256
3622,79,0,821,900
3623,869,0,540,1409
3624,937,0,592,1529
3625,261,0,984,1245
3626,745,0,913,1658
3627,776,0,637,1413
3628,821,0,381,1202
3629,208,0,671,879
3630,377,0,578,955
3631,97,0,155,252
3632,593,0,584,1177
3633,273,0,350,623
3634,427,0,213,640
3635,672,0,155,827
3636,89,0,960,1049
3637,947,0,284,1231
3638,657,0,349,1006
3639,963,0,915,1878
3640,469,0,139,608
3641,394,0,619,1013
3642,249,0,886,1135
3643,773,0,829,1602
3644,830,0,106,936
3645,472,0,29,501
3646,13,0,498,511
3647,855,0,320,1175
3648,504,0,317,821
3649,235,0,914,1149
3650,80,0,764,844
3651,227,0,457,684
3652,965,0,287,1252
3653,537,0,386,923
3654,42,0,798,840
3655,244,0,726,970
3656,470,0,351,821
3657,574,0,60,634
3658,991,0,749,1740
3659,206,0,480,686
3660,542,0,483,1025
3661,785,0,993,1778
3662,171,0,455,626
3663,202,0,780,982
3664,564,0,651,1215
3665,909,0,74,983
3666,745,0,754,1499
3667,124,0,456,580
3668,293,0,567,860
3669,465,0,528,993
3670,794,0,466,1260
3671,670,0,60,730
3672,601,0,863,1464
3673,170,0,252,422
3674,136,0,357,493
3675,296,0,241,537
3676,488,0,793,1281
3677,842,0,351,1193
3678,282,0,151,433
3679,41,0,245,286
3680,694,0,658,1352
3681,675,0,126,801
3682,976,0,459,1435
3683,228,0,956,1184
3684,253,0,850,1103
3685,151,0,357,508
3686,701,0,700,1401
3687,838,0,358,1196
3688,574,0,137,711
3689,40,0,446,486
3690,838,0,321,1159
3691,20,0,182,202
3692,845,0,636,1481
3693,562,0,289,851
3694,920,0,619,1539
3695,800,0,683,1483
3696,220,0,357,577
3697,401,0,868,1269
3698,200,0,132,332
3699,9,0,71,80
3700,768,0,480,1248
3701,863,0,654,1517
3702,528,0,479,1007
3703,748,0,31,779
3704,495,0,850,1345
3705,4,0,979,983
3706,512,0,429,941
3707,485,0,660,1145
3708,533,0,923,1456
3709,390,0,914,1304
3710,394,0,957,1351
3711,196,0,245,441
3712,903,0,549,1452
3713,328,0,399,727
3714,975,0,353,1328
3715,481,0,651,1132
3716,94,0,281,375
3717,856,0,240,1096
3718,78,0,491,569
3719,318,0,833,1151
3720,867,0,432,1299
3721,166,0,124,290
3722,49,0,856,905
3723,144,0,817,961
3724,685,0,790,1475
3725,528,0,177,705
3726,844,0,461,1305
3727,787,0,828,1615
3728,65,0,668,733
3729,18,0,812,830
3730,235,0,974,1209
3731,385,0,734,1119
3732,382,0,513,895
3733,485,0,241,726
3734,527,0,801,1328
3735,86,0,974,1060
3736,53,0,230,283
3737,557,0,314,871
3738,608,0,470,1078
3739,87,0,394,481
3740,560,0,75,635
3741,677,0,57,734
3742,469,0,559,1028
3743,516,0,635,1151
3744,284,0,5,289
3745,841,0,410,1251
3746,949,0,376,1325
3747,748,0,433,1181
3748,776,0,220,996
3749,687,0,774,1461
3750,834,0,456,1290
3751,399,0,440,839
3752,604,0,1,605
3753,325,0,340,665
3754,227,0,959,1186
3755,83,0,246,329
3756,548,0,316,864
3757,595,0,985,1580
3758,283,0,886,1169
3759,99,0,419,518
3760,154,0,408,562
3761,889,0,709,1598
3762,184,0,793,977
3763,542,0,789,1331
3764,228,0,156,384
3765,700,0,488,1188
3766,208,0,528,736
3767,54,0,397,451
3768,205,0,166,371
3769,996,0,886,1882
3770,264,0,711,975
3771,320,0,794,1114
3772,524,0,77,601
3773,517,0,763,1280
3774,338,0,251,589
3775,488,0,927,1415
3776,587,0,714,1301
3777,830,0,288,1118
3778,149,0,216,365
3779,514,0,954,1468
3780,667,0,630,1297
3781,740,0,783,1523
3782,179,0,321,500
3783,33,0,214,247
3784,664,0,166,830
3785,73,0,72,145
3786,335,0,795,1130
3787,944,0,607,1551
3788,55,0,155,210
3789,386,0,177,563
3790,657,0,974,1631
3791,576,0,455,1031
3792,763,0,326,1089
3793,64,0,831,895
3794,562,0,91,653
3795,327,0,565,892
3796,25,0,385,410
3797,205,0,550,755
3798,371,0,658,1029
3799,136,0,428,564
3800,192,0,488,680
3801,551,0,212,763
3802,12,0,92,104
3803,279,0,139,418
3804,625,0,693,1318
3805,846,0,676,1522
3806,865,0,937,1802
3807,112,0,400,512
3808,311,0,697,1008
3809,714,0,16,730
3810,953,0,703,1656
3811,246,0,252,498
3812,508,0,634,1142
3813,305,0,7,312
3814,374,0,62,436
3815,657,0,734,1391
3816,931,0,744,1675
3817,786,0,422,1208
3818,771,0,919,1690
3819,443,0,450,893
3820,951,0,988,1939
3821,400,0,924,1324
3822,513,0,203,716
3823,695,0,710,1405
3824,436,0,673,1109
3825,693,0,734,1427
3826,373,0,946,1319
3827,839,0,896,1735
3828,192,0,251,443
3829,352,0,702,1054
3830,549,0,331,880
3831,44,0,743,787
3832,644,0,7,651
3833,303,0,535,838
3834,318,0,573,891
3835,443,0,988,1431
3836,720,0,347,1067
3837,193,0,569,762
3838,778,0,152,930
3839,353,0,248,601
3840,684,0,802,1486
3841,670,0,133,803
3842,988,0,577,1565
3843,185,0,673,858
3844,495,0,136,631
3845,564,0,228,792
3846,799,0,920,1719
3847,429,0,548,977
3848,707,0,445,1152
3849,512,0,553,1065
3850,751,0,561,1312
3851,926,0,26,952
3852,942,0,514,1456
3853,63,0,687,750
3854,270,0,123,393
3855,31,0,309,340
3856,439,0,749,1188
3857,247,0,671,918
3858,588,0,292,880
3859,116,0,546,662
3860,902,0,938,1840
3861,284,0,710,994
3862,699,0,330,1029
3863,417,0,46,463
3864,719,0,511,1230
3865,825,0,196,1021
3866,252,0,463,715
3867,903,0,514,1417
3868,660,0,107,767
3869,962,0,932,1894
3870,624,0,732,1356
3871,392,0,466,858
3872,704,0,768,1472
3873,217,0,398,615
3874,342,0,391,733
3875,168,0,723,891
3876,27,0,431,458
3877,12,0,76,88
3878,126,0,96,222
3879,295,0,866,1161
3880,928,0,38,966
3881,277,0,615,892
3882,404,0,379,783
3883,830,0,700,1530
3884,144,0,784,928
3885,148,0,879,1027
3886,630,0,784,1414
3887,603,0,99,702
3888,514,0,814,1328
3889,558,0,548,1106
3890,196,0,53,249
3891,518,0,786,1304
3892,198,0,140,338
3893,859,0,244,1103
3894,280,0,945,1225
3895,476,0,326,802
3896,95,0,269,364
3897,873,0,757,1630
3898,380,0,873,1253
3899,754,0,398,1152
3900,369,0,650,1019
3901,678,0,46,724
3902,740,0,904,1644
3903,758,0,224,982
3904,982,0,328,1310
3905,605,0,429,1034
3906,174,0,731,905
3907,535,0,84,619
3908,847,0,784,1631
3909,2,0,477,479
3910,59,0,851,910
3911,798,0,296,1094
3912,65,0,823,888
3913,567,0,888,1455
3914,156,0,258,414
3915,344,0,37,381
3916,936,0,103,1039
3917,491,0,546,1037
3918,567,0,229,796
3919,798,0,766,1564
3920,532,0,473,1005
3921,85,0,210,295
3922,584,0,83,667
3923,676,0,703,1379
3924,263,0,790,1053
3925,998,0,351,1349
3926,630,0,443,1073
3927,700,0,148,848
3928,653,0,656,1309
3929,691,0,360,1051
3930,968,0,155,1123
3931,734,0,588,1322
3932,18,0,289,307
3933,629,0,610,1239
3934,381,0,217,598
3935,618,0,858,1476
3936,848,0,261,1109
3937,801,0,578,1379
3938,341,0,32,373
3939,448,0,157,605
3940,807,0,76,883
3941,841,0,472,1313
3942,424,0,96,520
3943,226,0,305,531
3944,338,0,975,1313
3945,881,0,882,1763
3946,682,0,436,1118
3947,753,0,221,974
3948,165,0,34,199
3949,210,0,659,869
3950,192,0,826,1018
3951,797,0,56,853
3952,201,0,703,904
3953,49,0,399,448
3954,1,0,292,293
3955,524,0,181,705
3956,183,0,754,937
3957,926,0,909,1835
3958,66,0,364,430
3959,187,0,254,441
3960,510,0,256,766
3961,45,0,42,87
3962,441,0,633,1074
3963,669,0,205,874
3964,436,0,930,1366
3965,287,0,255,542
3966,280,0,803,1083
3967,559,0,900,1459
3968,551,0,919,1470
3969,267,0,244,511
3970,546,0,465,1011
3971,71,0,741,812
3972,977,0,889,1866
3973,535,0,542,1077
3974,994,0,101,1095
3975,974,0,921,1895
3976,934,0,304,1238
3977,897,0,251,1148
3978,630,0,191,821
3979,589,0,743,1332
3980,888,0,641,1529
3981,459,0,910,1369
3982,232,0,125,357
3983,404,0,512,916
3984,61,0,76,137
3985,143,0,894,1037
3986,56,0,144,200
3987,997,0,912,1909
3988,577,0,723,1300
3989,358,0,844,1202
3990,799,0,699,1498
3991,356,0,216,572
3992,306,0,151,457
3993,250,0,257,507
3994,949,0,857,1806
3995,56,0,704,760
3996,300,0,59,359
3997,926,0,153,1079
3998,637,0,161,798
3999,879,0,982,1861
4000,790,0,773,1563
4001,80,0,633,713
4002,900,0,303,1203
4003,236,0,569,805
4004,344,0,197,541
4005,871,0,759,1630
4006,618,0,740,1358
4007,0,0,579,579
4008,265,0,664,929
4009,672,0,511,1183
4010,813,0,601,1414
4011,741,0,443,1184
4012,793,0,320,1113
4013,745,0,508,1253
4014,343,0,18,361
4015,786,0,452,1238
4016,871,0,446,1317
4017,358,0,995,1353
4018,90,0,274,364
4019,707,0,964,1671
4020,50,0,454,504
4021,873,0,375,1248
4022,55,0,331,386
4023,661,0,680,1341
4024,385,0,289,674
4025,909,0,228,1137
4026,239,0,566,805
4027,744,0,76,820
4028,845,0,755,1600
4029,512,0,215,727
4030,4,0,954,958
4031,585,0,21,606
4032,5,0,945,950
4033,24,0,365,389
4034,18,0,396,414
4035,167,0,25,192
4036,977,0,596,1573
4037,323,0,486,809
4038,265,0,538,803
4039,227,0,914,1141
4040,187,0,38,225
4041,314,0,798,1112
4042,383,0,763,1146
4043,507,0,475,982
4044,86,0,634,720
4045,473,0,406,879
4046,376,0,442,818
4047,990,0,412,1402
4048,552,0,266,818
4049,658,0,663,1321
4050,782,0,626,1408
4051,807,0,951,1758
4052,822,0,454,1276
4053,406,0,299,705
4054,105,0,868,973
4055,342,0,368,710
4056,427,0,325,752
4057,26,0,270,296
4058,305,0,479,784
4059,309,0,315,624
4060,290,0,8,298
4061,339,0,95,434
4062,380,0,237,617
4063,493,0,211,704
4064,500,0,324,824
4065,283,0,623,906
4066,588,0,492,1080
4067,619,0,1000,1619
4068,679,0,335,1014
4069,431,0,236,667
4070,754,0,968,1722
4071,659,0,951,1610
4072,39,0,330,369
4073,431,0,159,590
4074,661,0,202,863
4075,570,0,552,1122
4076,928,0,858,1786
4077,867,0,254,1121
4078,213,0,411,624
4079,613,0,492,1105
4080,15,0,767,782
4081,890,0,505,1395
4082,562,0,188,750
4083,512,0,338,850
4084,390,0,882,1272
4085,107,0,337,444
4086,250,0,506,756
4087,707,0,147,854
4088,678,0,489,1167
4089,512,0,363,875
4090,949,0,768,1717
4091,767,0,687,1454
4092,8,0,70,78
4093,27,0,904,931
4094,188,0,842,1030
4095,566,0,148,714
4096,158,0,468,626
4097,296,0,516,812
4098,801,0,573,1374
4099,325,0,839,1164
4100,73,0,25,98
4101,689,0,625,1314
4102,272,0,856,1128
4103,781,0,368,1149
4104,387,0,917,1304
4105,907,0,35,942
4106,499,0,0,499
4107,567,0,890,1457
4108,451,0,928,1379
4109,264,0,130,394
4110,993,0,622,1615
4111,666,0,992,1658
4112,569,0,397,966
4113,755,0,813,1568
4114,277,0,306,583
4115,150,0,769,919
4116,441,0,859,1300
4117,988,0,53,1041
4118,479,0,593,1072
4119,236,0,235,471
4120,588,0,563,1151
4121,950,0,912,1862
4122,24,0,662,686
4123,535,0,984,1519
4124,613,0,117,730
4125,304,0,33,337
4126,571,0,366,937
4127,129,0,432,561
4128,578,0,507,1085
4129,597,0,585,1182
4130,47,0,671,718
4131,91,0,608,699
4132,874,0,43,917
4133,105,0,593,698
4134,668,0,54,722
4135,324,0,514,838
4136,138,0,325,463
4137,948,0,123,1071
4138,322,0,604,926
4139,86,0,868,954
4140,433,0,194,627
4141,462,0,588,1050
4142,405,0,990,1395
4143,965,0,697,1662
4144,923,0,509,1432
4145,591,0,450,1041
4146,298,0,657,955
4147,988,0,721,1709
4148,18,0,267,285
4149,28,0,975,1003
4150,394,0,43,437
4151,370,0,153,523
4152,157,0,467,624
4153,259,0,367,626
4154,716,0,434,1150
4155,500,0,565,1065
4156,574,0,29,603
4157,811,0,542,1353
4158,781,0,950,1731
4159,843,0,889,1732
4160,70,0,566,636
4161,161,0,852,1013
4162,397,0,424,821
4163,786,0,370,1156
4164,627,0,976,1603
4165,959,0,771,1730
4166,797,0,912,1709
4167,573,0,934,1507
4168,491,0,697,1188
4169,223,0,170,393
4170,725,0,706,1431
4171,471,0,651,1122
4172,251,0,203,454
4173,505,0,122,627
4174,107,0,39,146
4175,308,0,617,925
4176,438,0,754,1192
4177,685,0,876,1561
4178,453,0,394,847
4179,941,0,215,1156
4180,880,0,706,1586
4181,222,0,306,528
4182,581,0,58,639
4183,173,0,279,452
4184,679,0,231,910
4185,331,0,484,815
4186,996,0,173,1169
4187,363,0,262,625
4188,332,0,982,1314
4189,350,0,684,1034
4190,679,0,183,862
4191,599,0,621,1220
4192,451,0,981,1432
4193,680,0,604,1284
4194,520,0,840,1360
4195,786,0,157,943
4196,514,0,959,1473
4197,118,0,285,403
4198,88,0,237,325
4199,284,0,784,1068
4200,484,0,807,1291
4201,987,0,747,1734
4202,625,0,677,1302
4203,228,0,99,327
4204,433,0,461,894
4205,81,0,111,192
4206,457,0,141,598
4207,145,0,960,1105
4208,53,0,962,1015
4209,89,0,572,661
4210,493,0,296,789
4211,443,0,613,1056
4212,403,0,247,650
4213,108,0,271,379
4214,994,0,472,1466
4215,358,0,182,540
4216,253,0,712,965
4217,706,0,107,813
4218,886,0,122,1008
4219,136,0,183,319
4220,526,0,927,1453
4221,331,0,219,550
4222,624,0,382,1006
4223,571,0,458,1029
4224,190,0,924,1114
4225,145,0,499,644
4226,387,0,792,1179
4227,129,0,882,1011
4228,803,0,331,1134
4229,78,0,861,939
4230,735,0,127,862
4231,82,0,268,350
4232,854,0,541,1395
4233,881,0,403,1284
4234,459,0,207,666
4235,588,0,7,595
4236,904,0,67,971
4237,54,0,152,206
4238,307,0,432,739
4239,578,0,106,684
4240,967,0,145,1112
4241,443,0,547,990
4242,365,0,890,1255
4243,88,0,448,536
4244,879,0,721,1600
4245,939,0,160,1099
4246,386,0,478,864
4247,374,0,924,1298
4248,948,0,905,1853
4249,205,0,723,928
4250,148,0,652,800
4251,904,0,885,1789
4252,685,0,455,1140
4253,704,0,372,1076
4254,643,0,976,1619
4255,804,0,596,1400
4256,689,0,935,1624
4257,613,0,842,1455
4258,492,0,863,1355
4259,194,0,732,926
4260,900,0,812,1712
4261,528,0,859,1387
4262,626,0,257,883
4263,697,0,891,1588
4264,144,0,945,1089
4265,315,0,962,1277
4266,429,0,971,1400
4267,69,0,774,843
4268,79,0,51,130
4269,430,0,872,1302
4270,523,0,714,1237
4271,885,0,689,1574
4272,583,0,361,944
4273,119,0,512,631
4274,574,0,303,877
4275,975,0,151,1126
4276,385,0,475,860
4277,904,0,877,1781
4278,457,0,637,1094
4279,484,0,430,914
4280,582,0,136,718
4281,968,0,489,1457
4282,565,0,982,1547
4283,519,0,638,1157
4284,816,0,591,1407
4285,56,0,403,459
4286,155,0,115,270
4287,648,0,476,1124
4288,913,0,908,1821
4289,171,0,792,963
4290,134,0,575,709
4291,410,0,438,848
4292,644,0,174,818
4293,378,0,923,1301
4294,460,0,256,716
4295,159,0,188,347
4296,448,0,428,876
4297,377,0,297,674
4298,297,0,781,1078
4299,179,0,475,654
4300,725,0,305,1030
4301,93,0,745,838
4302,700,0,129,829
4303,213,0,644,857
4304,453,0,987,1440
4305,441,0,488,929
4306,574,0,745,1319
4307,833,0,704,1537
4308,773,0,820,1593
4309,408,0,882,1290
4310,894,0,338,1232
4311,4,0,21,25
4312,389,0,566,955
4313,822,0,777,1599
4314,525,0,623,1148
4315,623,0,145,768
4316,640,0,30,670
4317,687,0,19,706
4318,925,0,268,1193
4319,672,0,817,1489
4320,151,0,200,351
4321,467,0,27,494
4322,989,0,283,1272
4323,742,0,26,768
4324,866,0,697,1563
4325,605,0,530,1135
4326,891,0,640,1531
4327,210,0,991,1201
4328,645,0,856,1501
4329,844,0,795,1639
4330,52,0,80,132
4331,16,0,837,853
4332,237,0,44,281
4333,413,0,921,1334
4334,661,0,210,871
4335,239,0,149,388
4336,777,0,181,958
4337,273,0,619,892
4338,245,0,975,1220
4339,130,0,856,986
4340,205,0,306,511
4341,77,0,889,966
4342,310,0,233,543
4343,957,0,640,1597
4344,126,0,30,156
4345,390,0,434,824
4346,959,0,934,1893
4347,668,0,392,1060
4348,775,0,573,1348
4349,32,0,780,812
4350,752,0,924,1676
4351,206,0,642,848
4352,580,0,165,745
4353,121,0,365,486
4354,727,0,287,1014
4355,279,0,25,304
4356,568,0,132,700
4357,711,0,678,1389
4358,892,0,565,1457
4359,631,0,654,1285
4360,204,0,835,1039
4361,405,0,647,1052
4362,778,0,211,989
4363,607,0,481,1088
4364,324,0,691,1015
4365,993,0,41,1034
4366,709,0,59,768
4367,573,0,964,1537
4368,953,0,248,1201
4369,383,0,888,1271
4370,495,0,333,828
4371,176,0,64,240
4372,138,0,140,278
4373,362,0,661,1023
4374,56,0,931,987
4375,416,0,622,1038
4376,865,0,934,1799
4377,808,0,102,910
4378,626,0,231,857
4379,261,0,690,951
4380,846,0,321,1167
4381,249,0,649,898
4382,663,0,241,904
4383,702,0,252,954
4384,784,0,504,1288
4385,100,0,125,225
4386,980,0,621,1601
4387,160,0,294,454
4388,335,0,833,1168
4389,783,0,943,1726
4390,148,0,162,310
4391,874,0,661,1535
4392,83,0,426,509
4393,974,0,564,1538
4394,17,0,766,783
4395,577,0,511,1088
4396,501,0,98,599
4397,813,0,81,894
4398,917,0,64,981
4399,297,0,962,1259
4400,682,0,322,1004
4401,792,0,266,1058
4402,218,0,538,756
4403,144,0,726,870
4404,574,0,670,1244
4405,51,0,908,959
4406,611,0,536,1147
4407,201,0,149,350
4408,353,0,805,1158
4409,57,0,69,126
4410,651,0,964,1615
4411,805,0,458,1263
4412,679,0,519,1198
4413,458,0,479,937
4414,304,0,802,1106
4415,359,0,989,1348
4416,350,0,732,1082
4417,361,0,420,781
4418,842,0,570,1412
4419,359,0,885,1244
4420,201,0,41,242
4421,933,0,12,945
4422,8,0,595,603
4423,82,0,415,497
4424,844,0,512,1356
4425,643,0,794,1437
4426,675,0,971,1646
4427,230,0,53,283
4428,46,0,709,755
4429,170,0,375,545
4430,896,0,717,1613
4431,988,0,712,1700
4432,609,0,847,1456
4433,696,0,866,1562
4434,905,0,251,1156
4435,939,0,214,1153
4436,596,0,593,1189
4437,882,0,414,1296
4438,383,0,60,443
4439,395,0,162,557
4440,476,0,357,833
4441,594,0,534,1128
4442,56,0,150,206
4443,161,0,391,552
4444,443,0,976,1419
4445,377,0,399,776
4446,265,0,569,834
4447,54,0,792,846
4448,475,0,362,837
4449,916,0,169,1085
4450,523,0,339,862
4451,126,0,979,1105
4452,246,0,29,275
4453,256,0,142,398
4454,219,0,737,956
4455,506,0,924,1430
4456,2,0,75,77
4457,886,0,692,1578
4458,668,0,368,1036
4459,552,0,388,940
4460,841,0,944,1785
4461,602,0,137,739
4462,497,0,750,1247
4463,696,0,898,1594
4464,323,0,154,477
4465,989,0,519,1508
4466,811,0,203,1014
4467,229,0,635,864
4468,996,0,551,1547
4469,328,0,151,479
4470,8,0,718,726
4471,855,0,662,1517
4472,453,0,839,1292
4473,712,0,253,965
4474,908,0,475,1383
4475,137,0,630,767
4476,363,0,255,618
4477,41,0,303,344
4478,575,0,259,834
4479,522,0,303,825
4480,679,0,365,1044
4481,636,0,153,789
4482,501,0,197,698
4483,924,0,599,1523
4484,363,0,626,989
4485,48,0,931,979
4486,45,0,48,93
4487,597,0,366,963
4488,88,0,490,578
4489,754,0,53,807
4490,449,0,198,647
4491,535,0,330,865
4492,58,0,537,595
4493,534,0,892,1426
4494,791,0,622,1413
4495,567,0,386,953
4496,723,0,170,893
4497,363,0,805,1168
4498,237,0,524,761
4499,289,0,322,611
4500,519,0,148,667
4501,145,0,244,389
4502,230,0,385,615
4503,804,0,653,1457
4504,422,0,552,974
4505,299,0,949,1248
4506,416,0,470,886
4507,356,0,33,389
4508,594,0,336,930
4509,237,0,763,1000
4510,31,0,966,997
4511,772,0,476,1248
4512,457,0,341,798
4513,855,0,58,913
4514,601,0,501,1102
4515,492,0,931,1423
4516,553,0,243,796
4517,325,0,167,492
4518,524,0,460,984
4519,127,0,423,550
4520,498,0,320,818
4521,821,0,81,902
4522,90,0,383,473
4523,95,0,400,495
4524,346,0,992,1338
4525,112,0,68,180
4526,163,0,561,724
4527,510,0,728,1238
4528,451,0,886,1337
4529,108,0,394,502
4530,403,0,985,1388
4531,171,0,828,999
4532,275,0,323,598
4533,29,0,458,487
4534,979,0,662,1641
4535,676,0,164,840
4536,423,0,752,1175
4537,892,0,12,904
4538,355,0,982,1337
4539,404,0,652,1056
4540,241,0,154,395
4541,375,0,162,537
4542,832,0,1,833
4543,843,0,841,1684
4544,220,0,777,997
4545,707,0,110,817
4546,925,0,91,1016
4547,483,0,473,956
4548,271,0,954,1225
4549,836,0,800,1636
4550,601,0,474,1075
4551,579,0,667,1246
4552,757,0,85,842
4553,3,0,24,27
4554,739,0,36,775
4555,634,0,783,1417
4556,45,0,447,492
4557,917,0,679,1596
4558,654,0,302,956
4559,632,0,343,975
4560,300,0,874,1174
4561,315,0,775,1090
4562,734,0,202,936
4563,943,0,936,1879
4564,865,0,916,1781
4565,980,0,80,1060
4566,721,0,819,1540
4567,71,0,314,385
4568,330,0,171,501
4569,638,0,630,1268
4570,265,0,989,1254
4571,315,0,962,1277
4572,456,0,291,747
4573,833,0,362,1195
4574,698,0,247,945
4575,506,0,555,1061
4576,760,0,479,1239
4577,426,0,609,1035
4578,537,0,262,799
4579,397,0,757,1154
4580,558,0,124,682
4581,379,0,528,907
4582,828,0,859,1687
4583,265,0,29,294
4584,130,0,727,857
4585,22,0,17,39
4586,97,0,911,1008
4587,48,0,467,515
4588,55,0,637,692
4589,866,0,360,1226
4590,165,0,93,258
4591,677,0,448,1125
4592,57,0,381,438
4593,495,0,522,1017
4594,539,0,339,878
4595,245,0,851,1096
4596,274,0,864,1138
4597,872,0,370,1242
4598,299,0,444,743
4599,608,0,608,1216
4600,120,0,302,422
4601,569,0,531,1100
4602,913,0,990,1903
4603,994,0,906,1900
4604,899,0,446,1345
4605,820,0,664,1484
4606,936,0,632,1568
4607,133,0,343,476
4608,649,0,635,1284
4609,367,0,649,1016
4610,161,0,493,654
4611,812,0,888,1700
4612,730,0,757,1487
4613,769,0,677,1446
4614,652,0,621,1273
4615,463,0,771,1234
4616,698,0,74,772
4617,0,0,426,426
4618,614,0,969,1583
4619,335,0,337,672
4620,236,0,687,923
4621,308,0,468,776
4622,528,0,206,734
4623,221,0,107,328
4624,862,0,351,1213
4625,250,0,813,1063
4626,547,0,927,1474
4627,655,0,852,1507
4628,408,0,56,464
4629,627,0,143,770
4630,221,0,293,514
4631,145,0,102,247
4632,111,0,968,1079
4633,105,0,401,506
4634,36,0,188,224
4635,316,0,725,1041
4636,360,0,963,1323
4637,318,0,475,793
4638,427,0,491,918
4639,649,0,889,1538
4640,62,0,681,743
4641,554,0,831,1385
4642,362,0,567,929
4643,911,0,631,1542
4644,592,0,589,1181
4645,222,0,94,316
4646,399,0,379,778
4647,664,0,447,1111
4648,538,0,981,1519
4649,20,0,658,678
4650,873,0,931,1804
4651,353,0,896,1249
4652,527,0,147,674
4653,155,0,876,1031
4654,511,0,761,1272
4655,789,0,558,1347
4656,369,0,685,1054
4657,677,0,101,778
4658,496,0,563,1059
4659,413,0,939,1352
4660,108,0,196,304
4661,272,0,940,1212
4662,999,0,121,1120
4663,414,0,549,963
4664,147,0,994,1141
4665,126,0,51,177
4666,915,0,574,1489
4667,94,0,45,139
4668,901,0,350,1251
4669,331,0,167,498
4670,260,0,554,814
4671,11,0,810,821
4672,421,0,722,1143
4673,103,0,260,363
4674,362,0,874,1236
4675,301,0,495,796
4676,134,0,226,360
4677,488,0,925,1413
4678,82,0,550,632
4679,490,0,111,601
4680,875,0,183,1058
4681,154,0,332,486
4682,355,0,143,498
4683,61,0,296,357
4684,516,0,745,1261
4685,522,0,871,1393
4686,393,0,138,531
4687,75,0,752,827
4688,588,0,323,911
4689,14,0,285,299
4690,295,0,859,1154
4691,411,0,700,1111
4692,951,0,112,1063
4693,884,0,234,1118
4694,939,0,664,1603
4695,88,0,868,956
4696,27,0,289,316
4697,193,0,962,1155
4698,203,0,295,498
4699,617,0,39,656
4700,205,0,572,777
4701,448,0,272,720
4702,742,0,434,1176
4703,478,0,507,985
4704,145,0,92,237
4705,887,0,313,1200
4706,92,0,418,510
4707,607,0,188,795
4708,637,0,694,1331
4709,420,0,194,614
4710,355,0,118,473
4711,310,0,309,619
4712,686,0,412,1098
4713,632,0,86,718
4714,581,0,474,1055
4715,288,0,845,1133
4716,915,0,252,1167
4717,866,0,392,1258
4718,579,0,847,1426
4719,833,0,187,1020
4720,213,0,37,250
4721,321,0,380,701
4722,527,0,361,888
4723,487,0,406,893
4724,561,0,494,1055
4725,639,0,634,1273
4726,888,0,873,1761
4727,532,0,15,547
4728,49,0,493,542
4729,800,0,713,1513
4730,634,0,552,1186
4731,323,0,63,386
4732,437,0,706,1143
4733,1000,0,581,1581
4734,646,0,430,1076
4735,524,0,173,697
4736,871,0,873,1744
4737,726,0,583,1309
4738,794,0,25,819
4739,304,0,215,519
4740,480,0,313,793
4741,817,0,190,1007
4742,341,0,513,854
4743,720,0,796,1516
4744,967,0,952,1919
4745,18,0,121,139
4746,857,0,256,1113
4747,658,0,456,1114
4748,533,0,38,571
4749,579,0,837,1416
4750,934,0,458,1392
4751,935,0,23,958
4752,270,0,594,864
4753,712,0,807,1519
4754,755,0,371,1126
4755,213,0,86,299
4756,949,0,836,1785
4757,0,0,766,766
4758,791,0,613,1404
4759,228,0,232,460
4760,799,0,838,1637
4761,478,0,796,1274
4762,309,0,281,590
4763,245,0,959,1204
4764,156,0,914,1070
4765,78,0,294,372
4766,199,0,557,756
4767,37,0,892,929
4768,157,0,464,621
4769,22,0,884,906
4770,318,0,846,1164
4771,716,0,618,1334
4772,803,0,423,1226
4773,47,0,915,962
4774,305,0,942,1247
4775,977,0,856,1833
4776,386,0,948,1334
4777,106,0,416,522
4778,139,0,355,494
4779,859,0,179,1038
4780,277,0,65,342
4781,20,0,288,308
4782,19,0,176,195
4783,909,0,158,1067
4784,75,0,589,664
4785,772,0,971,1743
4786,708,0,679,1387
4787,775,0,672,1447
4788,98,0,366,464
4789,356,0,738,1094
4790,974,0,9,983
4791,886,0,864,1750
4792,292,0,949,1241
4793,837,0,309,1146
4794,506,0,507,1013
4795,340,0,275,615
4796,32,0,971,1003
4797,809,0,574,1383
4798,627,0,341,968
4799,16,0,675,691
4800,710,0,233,943
4801,911,0,559,1470
4802,648,0,590,1238
4803,383,0,163,546
4804,259,0,465,724
4805,63,0,687,750
4806,615,0,989,1604
4807,921,0,714,1635
4808,471,0,889,1360
4809,922,0,752,1674
4810,256,0,203,459
4811,442,0,511,953
4812,490,0,845,1335
4813,72,0,782,854
4814,885,0,897,1782
4815,883,0,168,1051
4816,179,0,283,462
4817,363,0,966,1329
4818,547,0,672,1219
4819,400,0,620,1020
4820,50,0,843,893
4821,398,0,824,1222
4822,303,0,153,456
4823,624,0,239,863
4824,979,0,755,1734
4825,10,0,727,737
4826,126,0,301,427
4827,290,0,844,1134
4828,795,0,381,1176
4829,355,0,469,824
4830,80,0,361,441
4831,479,0,428,907
4832,93,0,869,962
4833,870,0,888,1758
4834,209,0,742,951
4835,396,0,831,1227
4836,465,0,169,634
4837,25,0,170,195
4838,972,0,147,1119
4839,599,0,573,1172
4840,128,0,721,849
4841,297,0,268,565
4842,46,0,549,595
4843,504,0,913,1417
4844,252,0,912,1164
4845,645,0,22,667
4846,562,0,748,1310
4847,132,0,810,942
4848,148,0,748,896
4849,522,0,397,919
4850,594,0,777,1371
4851,821,0,429,1250
4852,472,0,78,550
4853,237,0,501,738
4854,142,0,183,325
4855,523,0,640,1163
4856,57,0,113,170
4857,230,0,808,1038
4858,713,0,586,1299
4859,247,0,830,1077
4860,675,0,477,1152
4861,662,0,733,1395
4862,307,0,974,1281
4863,217,0,819,1036
4864,433,0,20,453
4865,42,0,469,511
4866,698,0,786,1484
4867,826,0,550,1376
4868,917,0,595,1512
4869,629,0,343,972
4870,480,0,820,1300
4871,672,0,797,1469
4872,747,0,756,1503
4873,917,0,513,1430
4874,458,0,788,1246
4875,102,0,867,969
4876,278,0,620,898
4877,877,0,785,1662
4878,921,0,36,957
4879,642,0,78,720
4880,15,0,786,801
4881,859,0,315,1174
4882,951,0,799,1750
4883,33,0,599,632
4884,906,0,773,1679
4885,815,0,78,893
4886,84,0,422,506
4887,427,0,938,1365
4888,246,0,23,269
4889,635,0,342,977
4890,514,0,585,1099
4891,326,0,473,799
4892,596,0,785,1381
4893,660,0,677,1337
4894,150,0,70,220
4895,245,0,523,768
4896,339,0,883,1222
4897,52,0,735,787
4898,876,0,15,891
4899,765,0,937,1702
4900,656,0,609,1265
4901,333,0,74,407
4902,547,0,991,1538
4903,582,0,310,892
4904,827,0,900,1727
4905,828,0,331,1159
4906,231,0,264,495
4907,355,0,824,1179
4908,795,0,409,1204
4909,867,0,218,1085
4910,328,0,121,449
4911,780,0,453,1233
4912,730,0,576,1306
4913,671,0,791,1462
4914,652,0,974,1626
4915,346,0,58,404
4916,492,0,405,897
4917,441,0,960,1401
4918,656,0,522,1178
4919,355,0,987,1342
4920,69,0,739,808
4921,448,0,244,692
4922,108,0,314,422
4923,358,0,887,1245
4924,889,0,127,1016
4925,301,0,437,738
4926,900,0,577,1477
4927,120,0,538,658
4928,865,0,579,1444
4929,302,0,889,1191
4930,723,0,145,868
4931,952,0,255,1207
4932,575,0,622,1197
4933,168,0,794,962
4934,693,0,957,1650
4935,935,0,884,1819
4936,839,0,821,1660
4937,930,0,299,1229
4938,849,0,782,1631
4939,543,0,841,1384
4940,709,0,356,1065
4941,672,0,250,922
4942,336,0,991,1327
4943,612,0,334,946
4944,35,0,989,1024
4945,301,0,358,659
4946,682,0,926,1608
4947,915,0,572,1487
4948,19,0,84,103
4949,563,0,619,1182
4950,310,0,396,706
4951,359,0,318,677
4952,332,0,997,1329
4953,983,0,686,1669
4954,714,0,647,1361
4955,68,0,418,486
4956,267,0,628,895
4957,156,0,102,258
4958,344,0,958,1302
4959,706,0,858,1564
4960,484,0,554,1038
4961,677,0,715,1392
4962,182,0,23,205
4963,207,0,897,1104
4964,723,0,890,1613
4965,172,0,564,736
4966,344,0,941,1285
4967,21,0,36,57
4968,941,0,830,1771
4969,569,0,451,1020
4970,451,0,511,962
4971,881,0,22,903
4972,274,0,313,587
4973,537,0,581,1118
4974,718,0,282,1000
4975,274,0,198,472
4976,936,0,375,1311
4977,652,0,731,1383
4978,112,0,785,897
4979,878,0,539,1417
4980,178,0,787,965
4981,531,0,901,1432
4982,845,0,254,1099
4983,432,0,552,984
4984,294,0,128,422
4985,692,0,589,1281
4986,67,0,906,973
4987,226,0,406,632
4988,327,0,84,411
4989,563,0,598,1161
4990,995,0,709,1704
4991,982,0,878,1860
4992,698,0,360,1058
4993,257,0,595,852
4994,281,0,590,871
4995,799,0,449,1248
4996,603,0,658,1261
4997,148,0,158,306
4998,428,0,324,752
4999,137,0,822,959
5000,766,0,559,1325
5001,553,0,67,620
5002,544,0,963,1507
5003,213,0,849,1062
5004,748,0,249,997
5005,494,0,176,670
5006,557,0,594,1151
5007,922,0,371,1293
5008,655,0,76,731
5009,985,0,577,1562
5010,935,0,1000,1935
5011,102,0,177,279
5012,650,0,313,963
5013,186,0,243,429
5014,278,0,129,407
5015,268,0,371,639
5016,668,0,706,1374
5017,926,0,784,1710
5018,110,0,674,784
5019,150,0,656,806
5020,708,0,60,768
5021,282,0,959,1241
5022,346,0,68,414
5023,871,0,577,1448
5024,5,0,510,515
5025,194,0,180,374
5026,125,0,514,639
5027,760,0,830,1590
5028,983,0,361,1344
5029,219,0,616,835
5030,928,0,740,1668
5031,189,0,205,394
5032,924,0,159,1083
5033,194,0,285,479
5034,241,0,555,796
5035,292,0,640,932
5036,400,0,251,651
5037,157,0,711,868
5038,665,0,192,857
5039,512,0,37,549
5040,198,0,80,278
5041,893,0,378,1271
5042,827,0,403,1230
5043,485,0,467,952
5044,113,0,86,199
5045,139,0,811,950
5046,462,0,695,1157
5047,54,0,489,543
5048,704,0,366,1070
5049,290,0,14,304
5050,524,0,297,821
5051,87,0,563,650
5052,963,0,167,1130
5053,435,0,727,1162
5054,160,0,594,754
5055,334,0,765,1099
5056,933,0,50,983
5057,355,0,64,419
5058,582,0,591,1173
5059,547,0,12,559
5060,786,0,507,1293
5061,712,0,164,876
5062,467,0,947,1414
5063,3,0,520,523
5064,431,0,712,1143
5065,595,0,65,660
5066,380,0,245,625
5067,710,0,503,1213
5068,896,0,426,1322
5069,344,0,33,377
5070,856,0,437,1293
5071,458,0,318,776
5072,256,0,363,619
5073,882,0,317,1199
5074,713,0,294,1007
5075,612,0,997,1609
5076,361,0,365,726
5077,840,0,954,1794
5078,705,0,168,873
5079,994,0,824,1818
5080,496,0,580,1076
5081,148,0,995,1143
5082,781,0,918,1699
5083,452,0,665,1117
5084,442,0,640,1082
5085,272,0,383,655
5086,375,0,37,412
5087,115,0,267,382
5088,823,0,913,1736
5089,307,0,734,1041
5090,218,0,150,368
5091,424,0,73,497
5092,770,0,906,1676
5093,553,0,254,807
5094,495,0,621,1116
5095,171,0,343,514
5096,352,0,407,759
5097,11,0,884,895
5098,53,0,689,742
5099,667,0,465,1132
5100,494,0,636,1130
5101,450,0,151,601
5102,674,0,746,1420
5103,251,0,788,1039
5104,88,0,671,759
5105,35,0,781,816
5106,355,0,279,634
5107,315,0,448,763
5108,210,0,658,868
5109,699,0,536,1235
5110,991,0,523,1514
5111,473,0,194,667
5112,889,0,9,898
5113,44,0,238,282
5114,7,0,347,354
5115,383,0,59,442
5116,164,0,754,918
5117,302,0,141,443
5118,139,0,25,164
5119,507,0,928,1435
5120,535,0,532,1067
5121,110,0,529,639
5122,133,0,591,724
5123,179,0,97,276
5124,192,0,887,1079
5125,834,0,979,1813
5126,156,0,168,324
5127,376,0,73,449
5128,579,0,804,1383
5129,85,0,441,526
5130,760,0,918,1678
5131,164,0,151,315
5132,449,0,411,860
5133,894,0,841,1735
5134,916,0,473,1389
5135,507,0,678,1185
5136,858,0,628,1486
5137,201,0,486,687
5138,996,0,366,1362
5139,788,0,778,1566
5140,215,0,182,397
5141,968,0,323,1291
5142,122,0,328,450
5143,935,0,696,1631
5144,995,0,40,1035
5145,503,0,374,877
5146,315,0,974,1289
5147,432,0,349,781
5148,171,0,487,658
5149,964,0,839,1803
5150,954,0,297,1251
5151,297,0,991,1288
5152,415,0,824,1239
5153,453,0,746,1199
5154,926,0,654,1580
5155,898,0,19,917
5156,20,0,96,116
5157,621,0,902,1523
5158,924,0,649,1573
5159,292,0,908,1200
5160,794,0,670,1464
5161,459,0,507,966
5162,824,0,200,1024
5163,303,0,131,434
5164,649,0,799,1448
5165,239,0,83,322
5166,828,0,841,1669
5167,199,0,275,474
5168,927,0,185,1112
5169,415,0,502,917
5170,635,0,631,1266
5171,408,0,197,605
5172,326,0,310,636
5173,441,0,573,1014
5174,745,0,723,1468
5175,286,0,596,882
5176,195,0,249,444
5177,82,0,97,179
5178,34,0,525,559
5179,178,0,308,486
5180,106,0,5,111
5181,966,0,529,1495
5182,21,0,339,360
5183,408,0,845,1253
5184,987,0,213,1200
5185,392,0,466,858
5186,161,0,63,224
5187,69,0,502,571
5188,961,0,618,1579
5189,940,0,830,1770
5190,813,0,480,1293
5191,298,0,187,485
5192,147,0,279,426
5193,750,0,214,964
5194,179,0,570,749
5195,118,0,565,683
5196,287,0,719,1006
5197,809,0,961,1770
5198,352,0,924,1276
5199,651,0,715,1366
5200,351,0,721,1072
5201,354,0,930,1284
5202,628,0,156,784
5203,213,0,304,517
5204,171,0,75,246
5205,593,0,639,1232
5206,382,0,525,907
5207,498,0,876,1374
5208,854,0,423,1277
5209,887,0,333,1220
5210,890,0,777,1667
5211,897,0,900,1797
5212,916,0,35,951
5213,619,0,945,1564
5214,6,0,108,114
5215,747,0,163,910
5216,849,0,451,1300
5217,921,0,184,1105
5218,834,0,120,954
5219,422,0,439,861
5220,666,0,254,920
5221,696,0,602,1298
5222,847,0,727,1574
5223,818,0,750,1568
5224,498,0,143,641
5225,546,0,517,1063
5226,950,0,83,1033
5227,824,0,684,1508
5228,69,0,460,529
5229,432,0,282,714
5230,474,0,538,1012
5231,433,0,853,1286
5232,634,0,142,776
5233,421,0,815,1236
5234,690,0,99,789
5235,696,0,411,1107
5236,91,0,122,213
5237,998,0,811,1809
5238,438,0,658,1096
5239,369,0,345,714
5240,903,0,662,1565
5241,529,0,314,843
5242,317,0,156,473
5243,557,0,906,1463
5244,899,0,954,1853
5245,588,0,392,980
5246,698,0,771,1469
5247,956,0,111,1067
5248,587,0,516,1103
5249,566,0,170,736
5250,830,0,778,1608
5251,744,0,631,1375
5252,904,0,153,1057
5253,241,0,946,1187
5254,726,0,66,792
5255,702,0,283,985
5256,200,0,432,632
5257,878,0,217,1095
5258,733,0,259,992
5259,944,0,205,1149
5260,142,0,85,227
5261,986,0,95,1081
5262,851,0,125,976
5263,759,0,632,1391
5264,441,0,646,1087
5265,839,0,202,1041
5266,174,0,485,659
5267,26,0,760,786
5268,717,0,463,1180
5269,829,0,392,1221
5270,849,0,18,867
5271,29,0,266,295
5272,341,0,749,1090
5273,953,0,150,1103
5274,168,0,481,649
5275,546,0,166,712
5276,579,0,462,1041
5277,718,0,319,1037
5278,436,0,382,818
5279,981,0,451,1432
5280,220,0,894,1114
5281,938,0,439,1377
5282,388,0,210,598
5283,800,0,719,1519
5284,797,0,453,1250
5285,630,0,568,1198
5286,398,0,961,1359
5287,4,0,108,112
5288,472,0,982,1454
5289,57,0,190,247
5290,923,0,106,1029
5291,161,0,578,739
5292,265,0,908,1173
5293,227,0,572,799
5294,936,0,503,1439
5295,348,0,240,588
5296,230,0,658,888
5297,11,0,488,499
5298,10,0,185,195
5299,16,0,206,222
5300,153,0,886,1039
5301,799,0,355,1154
5302,302,0,795,1097
5303,163,0,614,777
5304,355,0,236,591
5305,732,0,143,875
5306,744,0,356,1100
5307,563,0,61,624
5308,918,0,736,1654
5309,715,0,210,925
5310,968,0,843,1811
5311,872,0,580,1452
5312,548,0,255,803
5313,511,0,675,1186
5314,96,0,221,317
5315,323,0,813,1136
5316,539,0,295,834
5317,126,0,243,369
5318,981,0,374,1355
5319,358,0,204,562
5320,28,0,820,848
5321,710,0,416,1126
5322,502,0,312,814
5323,864,0,48,912
5324,693,0,315,1008
5325,808,0,632,1440
5326,976,0,891,1867
5327,697,0,317,1014
5328,470,0,691,1161
5329,284,0,448,732
5330,182,0,567,749
5331,328,0,349,677
5332,477,0,522,999
5333,156,0,557,713
5334,204,0,486,690
5335,32,0,245,277
5336,55,0,921,976
5337,650,0,883,1533
5338,704,0,225,929
5339,177,0,715,892
5340,127,0,5,132
5341,296,0,815,1111
5342,460,0,13,473
5343,228,0,11,239
5344,96,0,43,139
5345,923,0,231,1154
5346,969,0,791,1760
5347,221,0,533,754
5348,672,0,818,1490
5349,542,0,704,1246
5350,386,0,323,709
5351,350,0,515,865
5352,124,0,629,753
5353,18,0,416,434
5354,334,0,276,610
5355,992,0,746,1738
5356,858,0,937,1795
5357,97,0,34,131
5358,859,0,386,1245
5359,655,0,359,1014
5360,294,0,846,1140
5361,597,0,575,1172
5362,93,0,15,108
5363,855,0,587,1442
5364,5,0,409,414
5365,477,0,973,1450
5366,82,0,212,294
5367,306,0,195,501
5368,125,0,822,947
5369,704,0,936,1640
5370,489,0,572,1061
5371,318,0,246,564
5372,328,0,817,1145
5373,774,0,515,1289
5374,866,0,144,1010
5375,408,0,183,591
5376,215,0,804,1019
5377,172,0,572,744
5378,848,0,3,851
5379,658,0,968,1626
5380,236,0,987,1223
5381,305,0,608,913
5382,397,0,975,1372
5383,350,0,25,375
5384,186,0,302,488
5385,418,0,333,751
5386,643,0,878,1521
5387,91,0,384,475
5388,873,0,890,1763
5389,832,0,481,1313
5390,908,0,886,1794
5391,980,0,95,1075
5392,521,0,211,732
5393,37,0,569,606
5394,695,0,803,1498
5395,634,0,653,1287
5396,977,0,874,1851
5397,129,0,80,209
5398,79,0,384,463
5399,527,0,962,1489
5400,825,0,682,1507
5401,429,0,136,565
5402,719,0,367,1086
5403,109,0,359,468
5404,4,0,278,282
5405,53,0,5,58
5406,616,0,471,1087
5407,818,0,195,1013
5408,861,0,204,1065
5409,290,0,705,995
5410,5,0,615,620
5411,135,0,519,654
5412,237,0,246,483
5413,500,0,130,630
5414,410,0,672,1082
5415,750,0,987,1737
5416,822,0,229,1051
5417,67,0,832,899
5418,421,0,796,1217
5419,604,0,462,1066
5420,145,0,279,424
5421,220,0,939,1159
5422,241,0,213,454
5423,266,0,688,954
5424,859,0,377,1236
5425,431,0,99,530
5426,30,0,548,578
5427,919,0,940,1859
5428,152,0,523,675
5429,344,0,790,1134
5430,822,0,405,1227
5431,116,0,713,829
5432,449,0,206,655
5433,66,0,465,531
5434,945,0,516,1461
5435,461,0,895,1356
5436,10,0,505,515
5437,143,0,819,962
5438,342,0,539,881
5439,882,0,0,882
5440,731,0,73,804
5441,460,0,950,1410
5442,266,0,301,567
5443,235,0,21,256
5444,6,0,360,366
5445,482,0,760,1242
5446,438,0,660,1098
5447,442,0,817,1259
5448,986,0,731,1717
5449,367,0,745,1112
5450,702,0,798,1500
5451,696,0,958,1654
5452,461,0,275,736
5453,471,0,421,892
5454,70,0,517,587
5455,885,0,317,1202
5456,295,0,999,1294
5457,787,0,338,1125
5458,111,0,988,1099
5459,216,0,33,249
5460,364,0,666,1030
5461,364,0,614,978
5462,409,0,182,591
5463,838,0,206,1044
5464,986,0,41,1027
5465,276,0,247,523
5466,796,0,510,1306
5467,192,0,360,552
5468,978,0,8,986
5469,597,0,917,1514
5470,255,0,219,474
5471,884,0,212,1096
5472,139,0,731,870
5473,593,0,663,1256
5474,229,0,801,1030
5475,51,0,298,349
5476,386,0,128,514
5477,55,0,536,591
5478,925,0,857,1782
5479,11,0,454,465
5480,363,0,445,808
5481,232,0,561,793
5482,349,0,930,1279
5483,851,0,894,1745
5484,932,0,785,1717
5485,445,0,392,837
5486,802,0,166,968
5487,299,0,197,496
5488,706,0,166,872
5489,997,0,211,1208
5490,131,0,860,991
5491,848,0,175,1023
5492,97,0,381,478
5493,801,0,614,1415
5494,581,0,470,1051
5495,601,0,77,678
5496,58,0,47,105
5497,535,0,826,1361
5498,696,0,327,1023
5499,899,0,545,1444
5500,830,0,460,1290
5501,456,0,253,709
5502,488,0,41,529
5503,148,0,654,802
5504,978,0,802,1780
5505,213,0,643,856
5506,750,0,619,1369
5507,663,0,141,804
5508,497,0,803,1300
5509,469,0,190,659
5510,778,0,375,1153
5511,793,0,357,1150
5512,860,0,716,1576
5513,648,0,733,1381
5514,675,0,51,726
5515,625,0,346,971
5516,315,0,129,444
5517,770,0,365,1135
5518,944,0,570,1514
5519,4,0,140,144
5520,275,0,671,946
5521,470,0,439,909
5522,22,0,188,210
5523,676,0,231,907
5524,976,0,455,1431
5525,860,0,456,1316
5526,668,0,730,1398
5527,58,0,3,61
5528,203,0,164,367
5529,351,0,45,396
5530,539,0,121,660
5531,617,0,490,1107
5532,462,0,28,490
5533,635,0,916,1551
5534,862,0,997,1859
5535,785,0,119,904
5536,630,0,479,1109
5537,187,0,440,627
5538,331,0,29,360
5539,767,0,164,931
5540,266,0,143,409
5541,174,0,914,1088
5542,593,0,248,841
5543,240,0,968,1208
5544,957,0,228,1185
5545,492,0,397,889
5546,567,0,929,1496
5547,202,0,131,333
5548,944,0,521,1465
5549,988,0,60,1048
5550,110,0,817,927
5551,860,0,491,1351
5552,155,0,41,196
5553,996,0,640,1636
5554,198,0,258,456
5555,572,0,221,793
5556,218,0,66,284
5557,816,0,625,1441
5558,231,0,850,1081
5559,417,0,532,949
5560,612,0,790,1402
5561,697,0,629,1326
5562,218,0,376,594
5563,544,0,784,1328
5564,725,0,48,773
5565,27,0,984,1011
5566,270,0,688,958
5567,495,0,673,1168
5568,660,0,612,1272
5569,34,0,743,777
5570,315,0,496,811
5571,793,0,735,1528
5572,564,0,273,837
5573,731,0,988,1719
5574,633,0,895,1528
5575,167,0,321,488
5576,306,0,716,1022
5577,332,0,437,769
5578,931,0,154,1085
5579,97,0,553,650
5580,687,0,871,1558
5581,817,0,420,1237
5582,279,0,381,660
5583,234,0,9,243
5584,515,0,294,809
5585,653,0,241,894
5586,297,0,889,1186
5587,718,0,650,1368
5588,239,0,574,813
5589,80,0,364,444
5590,761,0,403,1164
5591,258,0,653,911
5592,292,0,561,853
5593,43,0,49,92
5594,850,0,365,1215
5595,370,0,905,1275
5596,221,0,124,345
5597,217,0,604,821
5598,331,0,390,721
5599,921,0,51,972
5600,249,0,512,761
5601,251,0,391,642
5602,530,0,595,1125
5603,482,0,718,1200
5604,602,0,221,823
5605,123,0,286,409
5606,146,0,114,260
5607,277,0,526,803
5608,611,0,254,865
5609,291,0,222,513
5610,741,0,83,824
5611,282,0,139,421
5612,706,0,205,911
5613,57,0,928,985
5614,75,0,740,815
5615,936,0,981,1917
5616,99,0,874,973
5617,453,0,981,1434
5618,749,0,152,901
5619,962,0,501,1463
5620,793,0,520,1313
5621,142,0,148,290
5622,598,0,537,1135
5623,729,0,172,901
5624,592,0,929,1521
5625,500,0,871,1371
5626,520,0,474,994
5627,66,0,947,1013
5628,909,0,484,1393
5629,958,0,814,1772
5630,521,0,120,641
5631,349,0,318,667
5632,827,0,219,1046
5633,761,0,941,1702
5634,224,0,744,968
5635,810,0,465,1275
5636,487,0,275,762
5637,512,0,500,1012
5638,671,0,189,860
5639,853,0,873,1726
5640,172,0,427,599
5641,968,0,138,1106
5642,855,0,655,1510
5643,288,0,300,588
5644,150,0,226,376
5645,576,0,968,1544
5646,322,0,501,823
5647,646,0,670,1316
5648,310,0,355,665
5649,178,0,541,719
5650,220,0,230,450
5651,362,0,911,1273
5652,804,0,893,1697
5653,471,0,531,1002
5654,665,0,234,899
5655,912,0,625,1537
5656,376,0,253,629
5657,86,0,622,708
5658,899,0,837,1736
5659,695,0,307,1002
5660,522,0,902,1424
5661,352,0,819,1171
5662,613,0,517,1130
5663,240,0,295,535
5664,30,0,720,750
5665,467,0,212,679
5666,635,0,186,821
5667,6,0,476,482
5668,917,0,777,1694
5669,180,0,313,493
5670,509,0,233,742
5671,880,0,111,991
5672,130,0,94,224
5673,98,0,57,155
5674,257,0,652,909
5675,863,0,412,1275
5676,793,0,373,1166
5677,632,0,93,725
5678,356,0,111,467
5679,220,0,498,718
5680,436,0,705,1141
5681,130,0,133,263
5682,749,0,532,1281
5683,418,0,785,1203
5684,570,0,625,1195
5685,133,0,367,500
5686,957,0,533,1490
5687,792,0,108,900
5688,27,0,589,616
5689,607,0,730,1337
5690,413,0,654,1067
5691,424,0,31,455
5692,537,0,209,746
5693,971,0,144,1115
5694,298,0,6,304
5695,111,0,369,480
5696,384,0,195,579
5697,655,0,404,1059
5698,169,0,49,218
5699,984,0,20,1004
5700,708,0,431,1139
5701,367,0,934,1301
5702,824,0,761,1585
5703,77,0,77,154
5704,861,0,223,1084
5705,368,0,187,555
5706,202,0,964,1166
5707,580,0,2,582
5708,535,0,384,919
5709,55,0,329,384
5710,109,0,777,886
5711,108,0,449,557
5712,256,0,96,352
5713,114,0,27,141
5714,396,0,293,689
5715,492,0,423,915
5716,421,0,965,1386
5717,781,0,769,1550
5718,645,0,282,927
5719,423,0,926,1349
5720,951,0,609,1560
5721,792,0,429,1221
5722,715,0,115,830
5723,299,0,695,994
5724,520,0,207,727
5725,73,0,215,288
5726,634,0,588,1222
5727,452,0,356,808
5728,266,0,103,369
5729,364,0,695,1059
5730,705,0,911,1616
5731,127,0,750,877
5732,728,0,466,1194
5733,216,0,85,301
5734,890,0,308,1198
5735,323,0,476,799
5736,486,0,859,1345
5737,177,0,534,711
5738,288,0,116,404
5739,928,0,203,1131
5740,116,0,250,366
5741,368,0,52,420
5742,80,0,660,740
5743,484,0,887,1371
5744,195,0,594,789
5745,645,0,455,1100
5746,730,0,764,1494
5747,764,0,322,1086
5748,583,0,862,1445
5749,938,0,895,1833
5750,56,0,696,752
5751,537,0,905,1442
5752,482,0,434,916
5753,317,0,156,473
5754,652,0,672,1324
5755,315,0,727,1042
5756,675,0,20,695
5757,237,0,947,1184
5758,777,0,822,1599
5759,39,0,737,776
5760,935,0,416,1351
5761,75,0,614,689
5762,826,0,983,1809
5763,432,0,184,616
5764,498,0,501,999
5765,184,0,801,985
5766,276,0,966,1242
5767,159,0,666,825
5768,788,0,945,1733
5769,22,0,961,983
5770,92,0,342,434
5771,654,0,400,1054
5772,408,0,134,542
5773,688,0,614,1302
5774,679,0,637,1316
5775,621,0,190,811
5776,111,0,621,732
5777,838,0,946,1784
5778,663,0,474,1137
5779,591,0,430,1021
5780,717,0,287,1004
5781,526,0,84,610
5782,705,0,518,1223
5783,64,0,966,1030
5784,254,0,599,853
5785,320,0,633,953
5786,622,0,90,712
5787,474,0,614,1088
5788,978,0,727,1705
5789,540,0,999,1539
5790,565,0,892,1457
5791,113,0,514,627
5792,379,0,784,1163
5793,999,0,679,1678
5794,609,0,503,1112
5795,943,0,915,1858
5796,219,0,691,910
5797,542,0,290,832
5798,930,0,47,977
5799,987,0,467,1454
5800,211,0,689,900
5801,90,0,774,864
5802,326,0,825,1151
5803,164,0,959,1123
5804,13,0,545,558
5805,234,0,709,943
5806,222,0,2,224
5807,246,0,849,1095
5808,166,0,322,488
5809,724,0,809,1533
5810,271,0,521,792
5811,608,0,351,959
5812,652,0,437,1089
5813,106,0,836,942
5814,607,0,709,1316
5815,485,0,367,852
5816,391,0,668,1059
5817,775,0,496,1271
5818,989,0,299,1288
5819,501,0,740,1241
5820,894,0,565,1459
5821,164,0,892,1056
5822,86,0,659,745
5823,299,0,317,616
5824,956,0,288,1244
5825,676,0,369,1045
5826,987,0,33,1020
5827,131,0,196,327
5828,856,0,452,1308
5829,6,0,830,836
5830,357,0,510,867
5831,4,0,819,823
5832,542,0,582,1124
5833,988,0,554,1542
5834,240,0,823,1063
5835,617,0,136,753
5836,52,0,149,201
5837,48,0,67,115
5838,891,0,733,1624
5839,563,0,590,1153
5840,870,0,131,1001
5841,91,0,712,803
5842,747,0,532,1279
5843,36,0,84,120
5844,160,0,287,447
5845,849,0,592,1441
5846,662,0,242,904
5847,783,0,974,1757
5848,187,0,733,920
5849,84,0,739,823
5850,428,0,322,750
5851,846,0,724,1570
5852,113,0,660,773
5853,121,0,204,325
5854,504,0,250,754
5855,913,0,171,1084
5856,803,0,597,1400
5857,239,0,63,302
5858,902,0,876,1778
5859,473,0,401,874
5860,164,0,913,1077
5861,592,0,935,1527
5862,586,0,202,788
5863,791,0,408,1199
5864,307,0,338,645
5865,581,0,157,738
5866,53,0,506,559
5867,943,0,157,1100
5868,229,0,859,1088
5869,138,0,788,926
5870,401,0,315,716
5871,184,0,424,608
5872,83,0,889,972
5873,963,0,815,1778
5874,493,0,715,1208
5875,571,0,896,1467
5876,225,0,248,473
5877,324,0,622,946
5878,678,0,268,946
5879,459,0,369,828
5880,607,0,503,1110
5881,1,0,686,687
5882,496,0,264,760
5883,943,0,411,1354
5884,549,0,192,741
5885,791,0,197,988
5886,458,0,846,1304
5887,921,0,76,997
5888,902,0,5,907
5889,511,0,212,723
5890,327,0,192,519
5891,382,0,86,468
5892,531,0,59,590
5893,553,0,652,1205
5894,34,0,844,878
5895,985,0,697,1682
5896,264,0,895,1159
5897,570,0,868,1438
5898,458,0,213,671
5899,606,0,674,1280
5900,318,0,629,947
5901,760,0,731,1491
5902,482,0,178,660
5903,763,0,392,1155
5904,92,0,223,315
5905,395,0,33,428
5906,48,0,244,292
5907,251,0,658,909
5908,394,0,615,1009
5909,699,0,870,1569
5910,239,0,238,477
5911,410,0,811,1221
5912,869,0,58,927
5913,63,0,892,955
5914,997,0,884,1881
5915,363,0,684,1047
5916,28,0,885,913
5917,743,0,193,936
5918,187,0,340,527
5919,786,0,506,1292
5920,642,0,159,801
5921,711,0,580,1291
5922,604,0,28,632
5923,958,0,310,1268
5924,539,0,857,1396
5925,744,0,843,1587
5926,682,0,366,1048
5927,158,0,513,671
5928,712,0,740,1452
5929,590,0,71,661
5930,340,0,852,1192
5931,28,0,291,319
5932,819,0,472,1291
5933,24,0,937,961
5934,929,0,83,1012
5935,531,0,820,1351
5936,22,0,620,642
5937,335,0,200,535
5938,990,0,717,1707
5939,104,0,177,281
5940,824,0,798,1622
5941,999,0,80,1079
5942,474,0,520,994
5943,856,0,101,957
5944,646,0,826,1472
5945,927,0,828,1755
5946,44,0,82,126
5947,980,0,391,1371
5948,61,0,947,1008
5949,91,0,19,110
5950,952,0,475,1427
5951,222,0,917,1139
5952,803,0,801,1604
5953,711,0,577,1288
5954,978,0,884,1862
5955,872,0,922,1794
5956,267,0,13,280
5957,681,0,890,1571
5958,458,0,461,919
5959,413,0,865,1278
5960,724,0,550,1274
5961,695,0,447,1142
5962,165,0,331,496
5963,236,0,65,301
5964,268,0,391,659
5965,574,0,186,760
5966,665,0,81,746
5967,249,0,301,550
5968,835,0,283,1118
5969,910,0,411,1321
5970,463,0,830,1293
5971,948,0,79,1027
5972,383,0,907,1290
5973,822,0,392,1214
5974,389,0,752,1141
5975,341,0,154,495
5976,138,0,215,353
5977,71,0,919,990
5978,276,0,1000,1276
5979,393,0,360,753
5980,97,0,819,916
5981,832,0,700,1532
5982,519,0,194,713
5983,36,0,644,680
5984,132,0,876,1008
5985,675,0,736,1411
5986,444,0,744,1188
5987,713,0,611,1324
5988,107,0,79,186
5989,93,0,484,577
5990,463,0,520,983
5991,708,0,862,1570
5992,259,0,327,586
5993,945,0,913,1858
5994,657,0,157,814
5995,206,0,315,521
5996,774,0,410,1184
5997,899,0,535,1434
5998,82,0,649,731
5999,445,0,300,745
6000,22,0,53,75
6001,596,0,311,907
6002,119,0,371,490
6003,500,0,325,825
6004,147,0,311,458
6005,19,0,57,76
6006,664,0,993,1657
6007,343,0,999,1342
6008,980,0,264,1244
6009,509,0,714,1223
6010,911,0,500,1411
6011,107,0,54,161
6012,607,0,673,1280
6013,565,0,997,1562
6014,854,0,819,1673
6015,983,0,760,1743
6016,169,0,857,1026
6017,903,0,17,920
6018,73,0,534,607
6019,285,0,110,395
6020,327,0,956,1283
6021,23,0,133,156
6022,438,0,281,719
6023,814,0,530,1344
6024,679,0,380,1059
6025,3,0,974,977
6026,977,0,202,1179
6027,720,0,760,1480
6028,392,0,832,1224
6029,27,0,112,139
6030,0,0,891,891
6031,513,0,612,1125
6032,99,0,57,156
6033,408,0,767,1175
6034,157,0,507,664
6035,331,0,44,375
6036,240,0,723,963
6037,322,0,165,487
6038,510,0,864,1374
6039,497,0,922,1419
6040,339,0,890,1229
6041,693,0,491,1184
6042,841,0,848,1689
6043,258,0,895,1153
6044,249,0,764,1013
6045,685,0,694,1379
6046,239,0,749,988
6047,83,0,711,794
6048,231,0,981,1212
6049,968,0,691,1659
6050,701,0,747,1448
6051,760,0,825,1585
6052,708,0,391,1099
6053,226,0,51,277
6054,113,0,494,607
6055,88,0,564,652
6056,212,0,891,1103
6057,557,0,52,609
6058,450,0,629,1079
6059,630,0,698,1328
6060,622,0,251,873
6061,291,0,970,1261
6062,491,0,211,702
6063,287,0,743,1030
6064,69,0,360,429
6065,488,0,294,782
6066,151,0,686,837
6067,233,0,809,1042
6068,527,0,366,893
6069,408,0,734,1142
6070,243,0,899,1142
6071,301,0,331,632
6072,901,0,105,1006
6073,383,0,544,927
6074,774,0,835,1609
6075,521,0,275,796
6076,807,0,651,1458
6077,229,0,168,397
6078,232,0,802,1034
6079,15,0,303,318
6080,801,0,51,852
6081,369,0,425,794
6082,858,0,836,1694
6083,830,0,715,1545
6084,701,0,764,1465
6085,105,0,116,221
6086,568,0,961,1529
6087,262,0,222,484
6088,598,0,176,774
6089,266,0,54,320
6090,598,0,759,1357
6091,315,0,924,1239
6092,825,0,754,1579
6093,454,0,656,1110
6094,733,0,127,860
6095,309,0,330,639
6096,104,0,819,923
6097,896,0,821,1717
6098,220,0,458,678
6099,869,0,106,975
6100,296,0,309,605
6101,934,0,940,1874
6102,828,0,124,952
6103,29,0,751,780
6104,385,0,531,916
6105,573,0,341,914
6106,270,0,64,334
6107,25,0,572,597
6108,491,0,31,522
6109,701,0,456,1157
6110,869,0,702,1571
6111,304,0,602,906
6112,650,0,205,855
6113,477,0,600,1077
6114,613,0,968,1581
6115,636,0,738,1374
6116,364,0,904,1268
6117,844,0,700,1544
6118,748,0,357,1105
6119,677,0,650,1327
6120,905,0,972,1877
6121,163,0,120,283
6122,385,0,120,505
6123,204,0,797,1001
6124,693,0,783,1476
6125,566,0,457,1023
6126,572,0,925,1497
6127,299,0,607,906
6128,874,0,149,1023
6129,1,0,270,271
6130,212,0,382,594
6131,767,0,982,1749
6132,211,0,206,417
6133,605,0,775,1380
6134,309,0,109,418
6135,211,0,495,706
6136,177,0,722,899
6137,610,0,821,1431
6138,919,0,773,1692
6139,165,0,233,398
6140,990,0,551,1541
6141,309,0,950,1259
6142,413,0,723,1136
6143,850,0,631,1481
6144,50,0,909,959
6145,817,0,987,1804
6146,185,0,222,407
6147,871,0,383,1254
6148,109,0,633,742
6149,557,0,360,917
6150,628,0,63,691
6151,884,0,638,1522
6152,538,0,306,844
6153,245,0,338,583
6154,882,0,732,1614
6155,363,0,15,378
6156,933,0,837,1770
6157,90,0,671,761
6158,322,0,661,983
6159,142,0,313,455
6160,922,0,876,1798
6161,29,0,610,639
6162,704,0,805,1509
6163,802,0,442,1244
6164,781,0,438,1219
6165,227,0,256,483
6166,269,0,106,375
6167,718,0,780,1498
6168,804,0,195,999
6169,526,0,962,1488
6170,460,0,995,1455
6171,594,0,89,683
6172,864,0,601,1465
6173,175,0,14,189
6174,486,0,533,1019
6175,561,0,556,1117
6176,383,0,543,926
6177,554,0,478,1032
6178,493,0,745,1238
6179,434,0,400,834
6180,345,0,114,459
6181,996,0,139,1135
6182,302,0,855,1157
6183,499,0,405,904
6184,798,0,514,1312
6185,60,0,620,680
6186,154,0,141,295
6187,485,0,363,848
6188,923,0,606,1529
6189,942,0,735,1677
6190,28,0,312,340
6191,446,0,72,518
6192,325,0,555,880
6193,166,0,311,477
6194,447,0,302,749
6195,73,0,993,1066
6196,738,0,660,1398
6197,459,0,771,1230
6198,31,0,195,226
6199,393,0,310,703
6200,672,0,588,1260
6201,710,0,921,1631
6202,547,0,673,1220
6203,288,0,419,707
6204,228,0,563,791
6205,472,0,120,592
6206,381,0,595,976
6207,660,0,662,1322
6208,56,0,648,704
6209,153,0,228,381
6210,470,0,226,696
6211,362,0,921,1283
6212,973,0,322,1295
6213,194,0,660,854
6214,724,0,15,739
6215,867,0,795,1662
6216,603,0,73,676
6217,653,0,180,833
6218,108,0,768,876
6219,702,0,917,1619
6220,42,0,487,529
6221,601,0,465,1066
6222,840,0,178,1018
6223,949,0,269,1218
6224,609,0,415,1024
6225,416,0,965,1381
6226,321,0,196,517
6227,508,0,145,653
6228,342,0,995,1337
6229,797,0,163,960
6230,144,0,665,809
6231,496,0,493,989
6232,327,0,361,688
6233,467,0,337,804
6234,508,0,50,558
6235,816,0,558,1374
6236,911,0,307,1218
6237,911,0,435,1346
6238,169,0,934,1103
6239,170,0,86,256
6240,697,0,32,729
6241,203,0,700,903
6242,857,0,230,1087
6243,470,0,190,660
6244,537,0,619,1156
6245,922,0,179,1101
6246,922,0,752,1674
6247,441,0,226,667
6248,974,0,781,1755
6249,594,0,20,614
6250,216,0,349,565
6251,253,0,965,1218
6252,655,0,39,694
6253,48,0,428,476
6254,257,0,179,436
6255,831,0,14,845
6256,657,0,450,1107
6257,480,0,84,564
6258,582,0,489,1071
6259,674,0,364,1038
6260,803,0,974,1777
6261,384,0,312,696
6262,990,0,303,1293
6263,861,0,343,1204
6264,88,0,493,581
6265,861,0,53,914
6266,368,0,615,983
6267,211,0,125,336
6268,707,0,892,1599
6269,524,0,955,1479
6270,468,0,615,1083
6271,263,0,253,516
6272,634,0,404,1038
6273,727,0,714,1441
6274,899,0,366,1265
6275,237,0,768,1005
6276,259,0,324,583
6277,998,0,219,1217
6278,244,0,918,1162
6279,14,0,964,978
6280,966,0,210,1176
6281,651,0,605,1256
6282,906,0,945,1851
6283,497,0,809,1306
6284,650,0,974,1624
6285,399,0,472,871
6286,402,0,196,598
6287,673,0,819,1492
6288,678,0,485,1163
6289,87,0,950,1037
6290,559,0,749,1308
6291,773,0,536,1309
6292,442,0,265,707
6293,856,0,691,1547
6294,617,0,143,760
6295,887,0,492,1379
6296,102,0,605,707
6297,537,0,924,1461
6298,643,0,355,998
6299,166,0,651,817
6300,369,0,694,1063
6301,434,0,158,592
6302,559,0,784,1343
6303,888,0,236,1124
6304,0,0,70,70
6305,691,0,708,1399
6306,699,0,626,1325
6307,214,0,872,1086
6308,925,0,565,1490
6309,91,0,598,689
6310,704,0,845,1549
6311,212,0,527,739
6312,473,0,743,1216
6313,967,0,573,1540
6314,915,0,726,1641
6315,285,0,495,780
6316,51,0,333,384
6317,905,0,274,1179
6318,97,0,598,695
6319,7,0,312,319
6320,878,0,303,1181
6321,662,0,30,692
6322,770,0,753,1523
6323,282,0,751,1033
6324,728,0,201,929
6325,556,0,413,969
6326,918,0,280,1198
6327,430,0,804,1234
6328,43,0,578,621
6329,986,0,991,1977
6330,481,0,860,1341
6331,928,0,778,1706
6332,402,0,536,938
6333,708,0,158,866
6334,761,0,971,1732
6335,298,0,247,545
6336,549,0,296,845
6337,429,0,926,1355
6338,902,0,101,1003
6339,421,0,21,442
6340,267,0,166,433
6341,566,0,378,944
6342,354,0,788,1142
6343,383,0,51,434
6344,282,0,553,835
6345,276,0,61,337
6346,141,0,400,541
6347,878,0,870,1748
6348,772,0,157,929
6349,499,0,495,994
6350,141,0,262,403
6351,156,0,655,811
6352,0,0,936,936
6353,617,0,276,893
6354,227,0,89,316
6355,559,0,799,1358
6356,783,0,418,1201
6357,301,0,103,404
6358,156,0,920,1076
6359,624,0,36,660
6360,303,0,266,569
6361,673,0,146,819
6362,391,0,156,547
6363,326,0,392,718
6364,83,0,953,1036
6365,723,0,100,823
6366,50,0,813,863
6367,592,0,325,917
6368,156,0,220,376
6369,503,0,345,848
6370,646,0,911,1557
6371,754,0,634,1388
6372,396,0,746,1142
6373,697,0,910,1607
6374,143,0,521,664
6375,120,0,565,685
6376,241,0,259,500
6377,328,0,327,655
6378,149,0,451,600
6379,672,0,463,1135
6380,674,0,927,1601
6381,721,0,910,1631
6382,905,0,195,1100
6383,248,0,256,504
6384,301,0,217,518
6385,860,0,160,1020
6386,245,0,74,319
6387,568,0,622,1190
6388,49,0,411,460
6389,678,0,131,809
6390,546,0,11,557
6391,862,0,114,976
6392,459,0,291,750
6393,506,0,290,796
6394,741,0,298,1039
6395,114,0,682,796
6396,477,0,551,1028
6397,563,0,891,1454
6398,997,0,913,1910
6399,762,0,379,1141
6400,143,0,354,497
6401,308,0,887,1195
6402,805,0,586,1391
6403,793,0,165,958
6404,331,0,668,999
6405,369,0,412,781
6406,531,0,570,1101
6407,290,0,909,1199
6408,963,0,624,1587
6409,448,0,757,1205
6410,744,0,65,809
6411,38,0,303,341
6412,139,0,283,422
6413,339,0,809,1148
6414,188,0,468,656
6415,397,0,462,859
6416,894,0,929,1823
6417,357,0,503,860
6418,839,0,616,1455
6419,736,0,255,991
6420,134,0,499,633
6421,755,0,557,1312
6422,226,0,912,1138
6423,979,0,984,1963
6424,872,0,165,1037
6425,420,0,217,637
6426,418,0,147,565
6427,711,0,443,1154
6428,309,0,779,1088
6429,979,0,258,1237
6430,66,0,12,78
6431,700,0,442,1142
6432,89,0,43,132
6433,825,0,403,1228
6434,582,0,1,583
6435,934,0,441,1375
6436,930,0,960,1890
6437,242,0,442,684
6438,735,0,98,833
6439,818,0,512,1330
6440,625,0,221,846
6441,99,0,417,516
6442,37,0,57,94
6443,137,0,746,883
6444,57,0,448,505
6445,594,0,532,1126
6446,559,0,292,851
6447,519,0,393,912
6448,32,0,551,583
6449,408,0,73,481
6450,514,0,485,999
6451,570,0,545,1115
6452,497,0,701,1198
6453,110,0,398,508
6454,737,0,894,1631
6455,518,0,674,1192
6456,232,0,535,767
6457,760,0,762,1522
6458,111,0,722,833
6459,217,0,251,468
6460,933,0,164,1097
6461,76,0,135,211
6462,908,0,642,1550
6463,473,0,177,650
6464,42,0,723,765
6465,498,0,101,599
6466,383,0,10,393
6467,78,0,373,451
6468,569,0,23,592
6469,37,0,698,735
6470,840,0,758,1598
6471,850,0,119,969
6472,282,0,525,807
6473,498,0,450,948
6474,144,0,42,186
6475,536,0,164,700
6476,979,0,105,1084
6477,688,0,639,1327
6478,480,0,144,624
6479,904,0,32,936
6480,295,0,662,957
6481,253,0,660,913
6482,82,0,206,288
6483,405,0,439,844
6484,514,0,129,643
6485,134,0,673,807
6486,850,0,819,1669
6487,664,0,672,1336
6488,967,0,289,1256
6489,929,0,787,1716
6490,508,0,551,1059
6491,394,0,32,426
6492,628,0,531,1159
6493,547,0,701,1248
6494,827,0,738,1565
6495,742,0,468,1210
6496,437,0,400,837
6497,298,0,908,1206
6498,487,0,845,1332
6499,14,0,785,799
6500,684,0,943,1627
6501,524,0,673,1197
6502,987,0,689,1676
6503,365,0,5,370
6504,948,0,230,1178
6505,165,0,876,1041
6506,484,0,270,754
6507,142,0,669,811
6508,277,0,982,1259
6509,995,0,879,1874
6510,955,0,526,1481
6511,166,0,322,488
6512,522,0,905,1427
6513,770,0,497,1267
6514,424,0,463,887
6515,331,0,794,1125
6516,434,0,235,669
6517,580,0,874,1454
6518,386,0,175,561
6519,544,0,619,1163
6520,943,0,90,1033
6521,599,0,160,759
6522,856,0,682,1538
6523,515,0,107,622
6524,144,0,130,274
6525,550,0,891,1441
6526,252,0,417,669
6527,118,0,515,633
6528,793,0,956,1749
6529,560,0,954,1514
6530,486,0,573,1059
6531,866,0,722,1588
6532,326,0,724,1050
6533,902,0,326,1228
6534,15,0,145,160
6535,742,0,526,1268
6536,674,0,577,1251
6537,187,0,849,1036
6538,935,0,450,1385
6539,703,0,111,814
6540,459,0,871,1330
6541,46,0,54,100
6542,101,0,145,246
6543,677,0,885,1562
6544,862,0,511,1373
6545,721,0,809,1530
6546,671,0,381,1052
6547,969,0,9,978
6548,983,0,569,1552
6549,664,0,255,919
6550,590,0,508,1098
6551,293,0,995,1288
6552,153,0,996,1149
6553,415,0,891,1306
6554,271,0,219,490
6555,511,0,545,1056
6556,130,0,253,383
6557,100,0,382,482
6558,771,0,355,1126
6559,396,0,717,1113
6560,10,0,391,401
6561,977,0,372,1349
6562,474,0,842,1316
6563,158,0,426,584
6564,367,0,395,762
6565,766,0,865,1631
6566,201,0,270,471
6567,373,0,334,707
6568,654,0,337,991
6569,628,0,103,731
6570,614,0,354,968
6571,454,0,793,1247
6572,503,0,620,1123
6573,783,0,544,1327
6574,674,0,428,1102
6575,660,0,280,940
6576,922,0,51,973
6577,887,0,97,984
6578,936,0,443,1379
6579,613,0,430,1043
6580,409,0,48,457
6581,958,0,23,981
6582,437,0,518,955
6583,943,0,74,1017
6584,428,0,998,1426
6585,885,0,492,1377
6586,168,0,829,997
6587,377,0,209,586
6588,919,0,943,1862
6589,77,0,875,952
6590,402,0,629,1031
6591,402,0,317,719
6592,198,0,74,272
6593,153,0,367,520
6594,514,0,557,1071
6595,950,0,66,1016
6596,534,0,38,572
6597,678,0,187,865
6598,519,0,491,1010
6599,186,0,144,330
6600,982,0,791,1773
6601,674,0,481,1155
6602,15,0,495,510
6603,396,0,376,772
6604,643,0,293,936
6605,100,0,767,867
6606,343,0,445,788
6607,943,0,647,1590
6608,517,0,347,864
6609,527,0,471,998
6610,735,0,789,1524
6611,5,0,472,477
6612,196,0,826,1022
6613,969,0,461,1430
6614,455,0,285,740
6615,590,0,180,770
6616,318,0,232,550
6617,934,0,159,1093
6618,229,0,607,836
6619,414,0,230,644
6620,768,0,45,813
6621,433,0,401,834
6622,929,0,518,1447
6623,222,0,467,689
6624,184,0,268,452
6625,283,0,180,463
6626,529,0,551,1080
6627,934,0,337,1271
6628,669,0,252,921
6629,569,0,825,1394
6630,945,0,452,1397
6631,716,0,578,1294
6632,105,0,80,185
6633,392,0,353,745
6634,880,0,993,1873
6635,977,0,245,1222
6636,229,0,136,365
6637,690,0,166,856
6638,649,0,996,1645
6639,12,0,368,380
6640,696,0,408,1104
6641,592,0,91,683
6642,268,0,856,1124
6643,285,0,757,1042
6644,82,0,524,606
6645,607,0,156,763
6646,826,0,293,1119
6647,366,0,60,426
6648,149,0,782,931
6649,4,0,378,382
6650,770,0,348,1118
6651,77,0,426,503
6652,710,0,982,1692
6653,26,0,833,859
6654,757,0,517,1274
6655,8,0,210,218
6656,936,0,0,936
6657,353,0,890,1243
6658,861,0,554,1415
6659,789,0,983,1772
6660,350,0,676,1026
6661,299,0,851,1150
6662,118,0,321,439
6663,219,0,547,766
6664,247,0,361,608
6665,325,0,204,529
6666,929,0,727,1656
6667,727,0,25,752
6668,438,0,419,857
6669,255,0,426,681
6670,218,0,552,770
6671,340,0,266,606
6672,236,0,817,1053
6673,947,0,497,1444
6674,879,0,44,923
6675,313,0,937,1250
6676,883,0,801,1684
6677,58,0,592,650
6678,996,0,290,1286
6679,455,0,737,1192
6680,775,0,71,846
6681,477,0,223,700
6682,343,0,813,1156
6683,382,0,478,860
6684,656,0,444,1100
6685,235,0,594,829
6686,594,0,932,1526
6687,260,0,15,275
6688,921,0,110,1031
6689,208,0,8,216
6690,720,0,849,1569
6691,89,0,203,292
6692,800,0,420,1220
6693,451,0,692,1143
6694,232,0,552,784
6695,929,0,404,1333
6696,948,0,6,954
6697,823,0,956,1779
6698,302,0,198,500
6699,894,0,544,1438
6700,378,0,593,971
6701,90,0,733,823
6702,931,0,555,1486
6703,712,0,179,891
6704,599,0,744,1343
6705,324,0,584,908
6706,565,0,925,1490
6707,990,0,665,1655
6708,592,0,319,911
6709,785,0,512,1297
6710,948,0,345,1293
6711,135,0,539,674
6712,460,0,716,1176
6713,214,0,680,894
6714,402,0,630,1032
6715,468,0,945,1413
6716,167,0,654,821
6717,508,0,237,745
6718,622,0,23,645
6719,964,0,467,1431
6720,915,0,206,1121
6721,145,0,539,684
6722,761,0,841,1602
6723,271,0,126,397
6724,158,0,419,577
6725,654,0,327,981
6726,668,0,411,1079
6727,976,0,814,1790
6728,421,0,701,1122
6729,255,0,708,963
6730,729,0,969,1698
6731,392,0,337,729
6732,155,0,530,685
6733,145,0,708,853
6734,349,0,592,941
6735,599,0,160,759
6736,231,0,718,949
6737,857,0,93,950
6738,371,0,543,914
6739,252,0,815,1067
6740,884,0,246,1130
6741,877,0,201,1078
6742,131,0,289,420
6743,282,0,612,894
6744,876,0,85,961
6745,814,0,577,1391
6746,185,0,221,406
6747,163,0,918,1081
6748,324,0,746,1070
6749,113,0,887,1000
6750,423,0,398,821
6751,766,0,546,1312
6752,760,0,312,1072
6753,202,0,194,396
6754,827,0,368,1195
6755,330,0,167,497
6756,168,0,327,495
6757,306,0,583,889
6758,686,0,253,939
6759,58,0,573,631
6760,45,0,563,608
6761,891,0,748,1639
6762,152,0,815,967
6763,930,0,715,1645
6764,27,0,525,552
6765,504,0,359,863
6766,192,0,165,357
6767,712,0,161,873
6768,248,0,412,660
6769,23,0,778,801
6770,705,0,204,909
6771,973,0,118,1091
6772,846,0,576,1422
6773,850,0,97,947
6774,91,0,872,963
6775,474,0,570,1044
6776,271,0,775,1046
6777,663,0,106,769
6778,423,0,124,547
6779,364,0,397,761
6780,478,0,312,790
6781,696,0,589,1285
6782,438,0,351,789
6783,588,0,125,713
6784,643,0,144,787
6785,908,0,855,1763
6786,129,0,432,561
6787,158,0,759,917
6788,772,0,532,1304
6789,915,0,154,1069
6790,200,0,771,971
6791,314,0,424,738
6792,249,0,755,1004
6793,754,0,716,1470
6794,766,0,959,1725
6795,78,0,879,957
6796,80,0,86,166
6797,242,0,347,589
6798,545,0,45,590
6799,882,0,468,1350
6800,488,0,849,1337
6801,526,0,948,1474
6802,496,0,769,1265
6803,821,0,294,1115
6804,872,0,155,1027
6805,209,0,189,398
6806,113,0,375,488
6807,12,0,990,1002
6808,631,0,677,1308
6809,374,0,951,1325
6810,462,0,86,548
6811,187,0,763,950
6812,422,0,567,989
6813,4,0,147,151
6814,132,0,66,198
6815,406,0,852,1258
6816,997,0,474,1471
6817,394,0,457,851
6818,328,0,310,638
6819,601,0,516,1117
6820,802,0,491,1293
6821,584,0,10,594
6822,846,0,215,1061
6823,801,0,691,1492
6824,17,0,934,951
6825,882,0,53,935
6826,262,0,458,720
6827,470,0,12,482
6828,232,0,777,1009
6829,510,0,0,510
6830,122,0,592,714
6831,31,0,500,531
6832,60,0,373,433
6833,688,0,989,1677
6834,236,0,388,624
6835,206,0,337,543
6836,504,0,230,734
6837,716,0,437,1153
6838,903,0,863,1766
6839,317,0,692,1009
6840,654,0,837,1491
6841,957,0,115,1072
6842,412,0,894,1306
6843,8,0,112,120
6844,637,0,244,881
6845,789,0,485,1274
6846,482,0,976,1458
6847,869,0,584,1453
6848,149,0,57,206
6849,39,0,348,387
6850,458,0,907,1365
6851,575,0,314,889
6852,849,0,638,1487
6853,417,0,377,794
6854,52,0,780,832
6855,253,0,537,790
6856,163,0,827,990
6857,238,0,157,395
6858,766,0,749,1515
6859,587,0,261,848
6860,952,0,109,1061
6861,577,0,909,1486
6862,297,0,18,315
6863,712,0,278,990
6864,207,0,970,1177
6865,587,0,956,1543
6866,377,0,720,1097
6867,735,0,62,797
6868,867,0,228,1095
6869,812,0,67,879
6870,238,0,100,338
6871,281,0,692,973
6872,563,0,84,647
6873,199,0,976,1175
6874,554,0,881,1435
6875,141,0,429,570
6876,13,0,572,585
6877,29,0,72,101
6878,412,0,452,864
6879,76,0,150,226
6880,800,0,789,1589
6881,505,0,558,1063
6882,456,0,896,1352
6883,739,0,328,1067
6884,378,0,458,836
6885,503,0,186,689
6886,51,0,287,338
6887,249,0,47,296
6888,293,0,386,679
6889,947,0,824,1771
6890,246,0,998,1244
6891,874,0,220,1094
6892,982,0,844,1826
6893,141,0,411,552
6894,83,0,512,595
6895,661,0,29,690
6896,523,0,663,1186
6897,680,0,315,995
6898,338,0,931,1269
6899,796,0,343,1139
6900,418,0,577,995
6901,296,0,26,322
6902,718,0,783,1501
6903,50,0,931,981
6904,389,0,580,969
6905,711,0,9,720
6906,775,0,275,1050
6907,145,0,851,996
6908,967,0,185,1152
6909,494,0,847,1341
6910,680,0,59,739
6911,64,0,321,385
6912,894,0,923,1817
6913,754,0,456,1210
6914,418,0,682,1100
6915,445,0,99,544
6916,144,0,557,701
6917,229,0,475,704
6918,206,0,75,281
6919,194,0,394,588
6920,636,0,451,1087
6921,242,0,974,1216
6922,430,0,917,1347
6923,426,0,528,954
6924,512,0,710,1222
6925,101,0,920,1021
6926,730,0,460,1190
6927,280,0,670,950
6928,148,0,96,244
6929,673,0,738,1411
6930,62,0,297,359
6931,97,0,974,1071
6932,937,0,525,1462
6933,178,0,529,707
6934,533,0,797,1330
6935,739,0,315,1054
6936,832,0,426,1258
6937,744,0,45,789
6938,227,0,126,353
6939,178,0,503,681
6940,421,0,51,472
6941,39,0,694,733
6942,310,0,480,790
6943,634,0,278,912
6944,671,0,836,1507
6945,5,0,809,814
6946,566,0,466,1032
6947,349,0,54,403
6948,542,0,484,1026
6949,39,0,317,356
6950,126,0,282,408
6951,736,0,838,1574
6952,131,0,477,608
6953,143,0,586,729
6954,509,0,416,925
6955,19,0,513,532
6956,502,0,344,846
6957,333,0,415,748
6958,949,0,268,1217
6959,729,0,397,1126
6960,847,0,177,1024
6961,70,0,818,888
6962,974,0,933,1907
6963,759,0,634,1393
6964,617,0,202,819
6965,351,0,247,598
6966,551,0,25,576
6967,749,0,7,756
6968,935,0,571,1506
6969,417,0,861,1278
6970,523,0,722,1245
6971,234,0,328,562
6972,684,0,719,1403
6973,806,0,395,1201
6974,791,0,985,1776
6975,699,0,510,1209
6976,171,0,352,523
6977,419,0,12,431
6978,951,0,430,1381
6979,240,0,323,563
6980,384,0,59,443
6981,196,0,389,585
6982,395,0,797,1192
6983,90,0,921,1011
6984,771,0,850,1621
6985,72,0,916,988
6986,943,0,56,999
6987,111,0,416,527
6988,543,0,136,679
6989,630,0,283,913
6990,330,0,489,819
6991,722,0,722,1444
6992,120,0,228,348
6993,601,0,66,667
6994,553,0,51,604
6995,745,0,435,1180
6996,632,0,479,1111
6997,535,0,410,945
6998,273,0,502,775
6999,73,0,849,922
7000,680,0,797,1477
7001,840,0,586,1426
7002,355,0,959,1314
7003,91,0,679,770
7004,899,0,543,1442
7005,144,0,376,520
7006,843,0,875,1718
7007,403,0,398,801
7008,682,0,65,747
7009,755,0,85,840
7010,847,0,760,1607
7011,515,0,342,857
7012,592,0,258,850
7013,261,0,18,279
7014,326,0,234,560
7015,913,0,580,1493
7016,157,0,323,480
7017,241,0,874,1115
7018,797,0,861,1658
7019,355,0,986,1341
7020,710,0,500,1210
7021,298,0,416,714
7022,785,0,221,1006
7023,258,0,640,898
7024,531,0,570,1101
7025,735,0,816,1551
7026,100,0,258,358
7027,498,0,593,1091
7028,728,0,240,968
7029,852,0,593,1445
7030,69,0,973,1042
7031,73,0,618,691
7032,860,0,186,1046
7033,697,0,262,959
7034,624,0,955,1579
7035,44,0,392,436
7036,424,0,453,877
7037,885,0,856,1741
7038,602,0,988,1590
7039,985,0,185,1170
7040,976,0,772,1748
7041,978,0,38,1016
7042,377,0,902,1279
7043,165,0,428,593
7044,620,0,987,1607
7045,505,0,309,814
7046,760,0,78,838
7047,447,0,757,1204
7048,384,0,504,888
7049,646,0,576,1222
7050,227,0,964,1191
7051,164,0,734,898
7052,519,0,623,1142
7053,816,0,688,1504
7054,696,0,744,1440
7055,496,0,113,609
7056,191,0,904,1095
7057,45,0,680,725
7058,326,0,865,1191
7059,486,0,341,827
7060,454,0,642,1096
7061,69,0,668,737
7062,424,0,155,579
7063,102,0,277,379
7064,462,0,697,1159
7065,757,0,480,1237
7066,917,0,308,1225
7067,193,0,984,1177
7068,981,0,560,1541
7069,381,0,146,527
7070,751,0,37,788
7071,516,0,391,907
7072,681,0,243,924
7073,499,0,463,962
7074,295,0,393,688
7075,903,0,356,1259
7076,785,0,409,1194
7077,483,0,484,967
7078,674,0,258,932
7079,965,0,597,1562
7080,549,0,290,839
7081,70,0,618,688
7082,180,0,915,1095
7083,909,0,350,1259
7084,917,0,818,1735
7085,459,0,625,1084
7086,653,0,153,806
7087,70,0,717,787
7088,320,0,148,468
7089,245,0,242,487
7090,559,0,986,1545
7091,759,0,424,1183
7092,877,0,930,1807
7093,432,0,551,983
7094,182,0,348,530
7095,368,0,372,740
7096,231,0,780,1011
7097,52,0,65,117
7098,277,0,165,442
7099,777,0,815,1592
7100,353,0,469,822
7101,320,0,377,697
7102,638,0,721,1359
7103,294,0,18,312
7104,693,0,991,1684
7105,125,0,860,985
7106,105,0,485,590
7107,607,0,506,1113
7108,250,0,987,1237
7109,803,0,962,1765
7110,440,0,138,578
7111,79,0,451,530
7112,161,0,802,963
7113,922,0,767,1689
7114,869,0,429,1298
7115,973,0,944,1917
7116,970,0,921,1891
7117,283,0,159,442
7118,570,0,579,1149
7119,353,0,756,1109
7120,698,0,222,920
7121,952,0,907,1859
7122,988,0,230,1218
7123,192,0,477,669
7124,259,0,310,569
7125,101,0,973,1074
7126,933,0,960,1893
7127,586,0,517,1103
7128,288,0,959,1247
7129,595,0,646,1241
7130,947,0,686,1633
7131,448,0,689,1137
7132,677,0,282,959
7133,905,0,5,910
7134,119,0,470,589
7135,939,0,187,1126
7136,153,0,900,1053
7137,640,0,196,836
7138,718,0,196,914
7139,13,0,509,522
7140,64,0,907,971
7141,735,0,397,1132
7142,760,0,710,1470
7143,822,0,549,1371
7144,115,0,832,947
7145,254,0,19,273
7146,29,0,295,324
7147,61,0,895,956
7148,184,0,901,1085
7149,5,0,276,281
7150,38,0,376,414
7151,870,0,702,1572
7152,802,0,55,857
7153,992,0,4,996
7154,665,0,513,1178
7155,257,0,179,436
7156,987,0,990,1977
7157,343,0,992,1335
7158,735,0,476,1211
7159,349,0,782,1131
7160,330,0,943,1273
7161,960,0,215,1175
7162,116,0,36,152
7163,607,0,424,1031
7164,904,0,869,1773
7165,370,0,513,883
7166,83,0,582,665
7167,711,0,977,1688
7168,131,0,374,505
7169,220,0,996,1216
7170,700,0,735,1435
7171,173,0,345,518
7172,948,0,474,1422
7173,45,0,645,690
7174,302,0,235,537
7175,988,0,213,1201
7176,95,0,299,394
7177,388,0,781,1169
7178,935,0,350,1285
7179,420,0,242,662
7180,660,0,684,1344
7181,487,0,8,495
7182,855,0,254,1109
7183,522,0,347,869
7184,26,0,727,753
7185,396,0,56,452
7186,464,0,6,470
7187,79,0,125,204
7188,651,0,60,711
7189,708,0,779,1487
7190,535,0,735,1270
7191,536,0,993,1529
7192,417,0,251,668
7193,586,0,486,1072
7194,750,0,189,939
7195,354,0,556,910
7196,760,0,699,1459
7197,670,0,277,947
7198,986,0,28,1014
7199,722,0,377,1099
7200,690,0,725,1415
7201,205,0,108,313
7202,892,0,460,1352
7203,175,0,374,549
7204,700,0,451,1151
7205,846,0,762,1608
7206,127,0,814,941
7207,182,0,158,340
7208,121,0,73,194
7209,808,0,535,1343
7210,553,0,775,1328
7211,640,0,412,1052
7212,719,0,539,1258
7213,554,0,307,861
7214,568,0,278,846
7215,972,0,179,1151
7216,127,0,175,302
7217,803,0,683,1486
7218,556,0,138,694
7219,801,0,987,1788
7220,625,0,859,1484
7221,379,0,272,651
7222,312,0,852,1164
7223,988,0,322,1310
7224,304,0,658,962
7225,762,0,379,1141
7226,136,0,201,337
7227,851,0,799,1650
7228,753,0,764,1517
7229,264,0,633,897
7230,257,0,792,1049
7231,19,0,284,303
7232,807,0,381,1188
7233,95,0,854,949
7234,391,0,757,1148
7235,12,0,360,372
7236,964,0,294,1258
7237,707,0,870,1577
7238,819,0,465,1284
7239,32,0,483,515
7240,54,0,382,436
7241,164,0,901,1065
7242,865,0,823,1688
7243,945,0,1,946
7244,278,0,186,464
7245,500,0,237,737
7246,429,0,750,1179
7247,432,0,413,845
7248,696,0,581,1277
7249,291,0,384,675
7250,218,0,569,787
7251,827,0,41,868
7252,628,0,345,973
7253,19,0,287,306
7254,773,0,281,1054
7255,689,0,817,1506
7256,11,0,927,938
7257,376,0,609,985
7258,74,0,900,974
7259,234,0,971,1205
7260,821,0,881,1702
7261,913,0,32,945
7262,857,0,507,1364
7263,658,0,652,1310
7264,115,0,728,843
7265,422,0,485,907
7266,389,0,811,1200
7267,394,0,669,1063
7268,250,0,792,1042
7269,951,0,255,1206
7270,376,0,963,1339
7271,9,0,237,246
7272,561,0,752,1313
7273,934,0,54,988
7274,622,0,906,1528
7275,783,0,945,1728
7276,0,0,571,571
7277,553,0,430,983
7278,177,0,345,522
7279,401,0,643,1044
7280,48,0,532,580
7281,377,0,522,899
7282,687,0,48,735
7283,390,0,113,503
7284,281,0,474,755
7285,61,0,77,138
7286,797,0,459,1256
7287,619,0,51,670
7288,596,0,415,1011
7289,669,0,433,1102
7290,859,0,311,1170
7291,936,0,695,1631
7292,450,0,52,502
7293,745,0,44,789
7294,594,0,122,716
7295,96,0,851,947
7296,739,0,772,1511
7297,74,0,219,293
7298,665,0,537,1202
7299,479,0,562,1041
7300,256,0,329,585
7301,991,0,884,1875
7302,660,0,212,872
7303,45,0,653,698
7304,181,0,403,584
7305,842,0,476,1318
7306,696,0,503,1199
7307,304,0,270,574
7308,860,0,501,1361
7309,768,0,533,1301
7310,29,0,945,974
7311,689,0,922,1611
7312,912,0,517,1429
7313,451,0,232,683
7314,561,0,245,806
7315,468,0,981,1449
7316,529,0,166,695
7317,321,0,955,1276
7318,621,0,999,1620
7319,505,0,43,548
7320,179,0,932,1111
7321,973,0,172,1145
7322,556,0,165,721
7323,691,0,364,1055
7324,430,0,510,940
7325,217,0,116,333
7326,360,0,434,794
7327,409,0,365,774
7328,427,0,28,455
7329,679,0,307,986
7330,469,0,452,921
7331,208,0,715,923
7332,265,0,445,710
7333,414,0,607,1021
7334,757,0,529,1286
7335,579,0,446,1025
7336,379,0,550,929
7337,354,0,220,574
7338,941,0,740,1681
7339,969,0,767,1736
7340,681,0,775,1456
7341,571,0,765,1336
7342,419,0,785,1204
7343,275,0,580,855
7344,739,0,69,808
7345,61,0,54,115
7346,120,0,618,738
7347,101,0,10,111
7348,514,0,278,792
7349,673,0,316,989
7350,883,0,565,1448
7351,179,0,670,849
7352,879,0,428,1307
7353,583,0,722,1305
7354,816,0,366,1182
7355,269,0,554,823
7356,625,0,634,1259
7357,477,0,641,1118
7358,864,0,93,957
7359,379,0,1,380
7360,631,0,592,1223
7361,682,0,716,1398
7362,651,0,279,930
7363,700,0,621,1321
7364,205,0,87,292
7365,765,0,189,954
7366,152,0,314,466
7367,98,0,509,607
7368,672,0,969,1641
7369,912,0,181,1093
7370,616,0,246,862
7371,956,0,432,1388
7372,924,0,690,1614
7373,398,0,388,786
7374,961,0,351,1312
7375,47,0,884,931
7376,566,0,954,1520
7377,842,0,998,1840
7378,363,0,64,427
7379,879,0,752,1631
7380,621,0,302,923
7381,881,0,209,1090
7382,491,0,856,1347
7383,760,0,678,1438
7384,533,0,894,1427
7385,676,0,884,1560
7386,411,0,278,689
7387,827,0,286,1113
7388,528,0,173,701
7389,618,0,163,781
7390,301,0,496,797
7391,95,0,761,856
7392,670,0,28,698
7393,816,0,342,1158
7394,746,0,506,1252
7395,243,0,774,1017
7396,614,0,84,698
7397,33,0,727,760
7398,849,0,133,982
7399,391,0,219,610
7400,617,0,159,776
7401,551,0,548,1099
7402,417,0,566,983
7403,691,0,179,870
7404,640,0,662,1302
7405,241,0,337,578
7406,187,0,562,749
7407,354,0,357,711
7408,201,0,874,1075
7409,489,0,52,541
7410,179,0,873,1052
7411,725,0,525,1250
7412,957,0,999,1956
7413,212,0,958,1170
7414,408,0,704,1112
7415,175,0,245,420
7416,29,0,938,967
7417,897,0,304,1201
7418,675,0,618,1293
7419,406,0,644,1050
7420,2,0,153,155
7421,393,0,294,687
7422,49,0,845,894
7423,563,0,154,717
7424,751,0,844,1595
7425,915,0,526,1441
7426,54,0,656,710
7427,489,0,903,1392
7428,186,0,561,747
7429,333,0,209,542
7430,349,0,118,467
7431,455,0,316,771
7432,300,0,982,1282
7433,756,0,561,1317
7434,838,0,777,1615
7435,744,0,737,1481
7436,707,0,722,1429
7437,92,0,850,942
7438,24,0,628,652
7439,851,0,108,959
7440,38,0,178,216
7441,430,0,583,1013
7442,201,0,244,445
7443,709,0,183,892
7444,789,0,859,1648
7445,851,0,911,1762
7446,89,0,441,530
7447,404,0,403,807
7448,99,0,760,859
7449,222,0,888,1110
7450,341,0,403,744
7451,132,0,822,954
7452,838,0,971,1809
7453,436,0,501,937
7454,506,0,164,670
7455,612,0,177,789
7456,402,0,151,553
7457,492,0,84,576
7458,686,0,910,1596
7459,503,0,877,1380
7460,312,0,405,717
7461,222,0,670,892
7462,607,0,194,801
7463,503,0,863,1366
7464,684,0,837,1521
7465,550,0,149,699
7466,976,0,929,1905
7467,365,0,201,566
7468,914,0,681,1595
7469,485,0,436,921
7470,385,0,514,899
7471,2,0,482,484
7472,916,0,388,1304
7473,448,0,913,1361
7474,311,0,714,1025
7475,570,0,277,847
7476,288,0,395,683
7477,539,0,644,1183
7478,705,0,467,1172
7479,701,0,906,1607
7480,70,0,509,579
7481,932,0,593,1525
7482,524,0,314,838
7483,502,0,21,523
7484,35,0,485,520
7485,823,0,531,1354
7486,213,0,563,776
7487,412,0,568,980
7488,107,0,560,667
7489,620,0,284,904
7490,354,0,799,1153
7491,852,0,282,1134
7492,678,0,973,1651
7493,963,0,525,1488
7494,240,0,404,644
7495,20,0,529,549
7496,573,0,281,854
7497,573,0,576,1149
7498,127,0,558,685
7499,220,0,869,1089
7500,190,0,461,651
7501,500,0,46,546
7502,925,0,585,1510
7503,662,0,429,1091
7504,92,0,522,614
7505,99,0,207,306
7506,646,0,653,1299
7507,723,0,511,1234
7508,520,0,178,698
7509,952,0,129,1081
7510,475,0,949,1424
7511,225,0,925,1150
7512,248,0,750,998
7513,304,0,561,865
7514,245,0,494,739
7515,446,0,732,1178
7516,605,0,686,1291
7517,975,0,477,1452
7518,419,0,768,1187
7519,650,0,280,930
7520,355,0,295,650
7521,563,0,834,1397
7522,780,0,28,808
7523,148,0,812,960
7524,907,0,167,1074
7525,369,0,325,694
7526,832,0,507,1339
7527,961,0,482,1443
7528,577,0,176,753
7529,41,0,261,302
7530,919,0,343,1262
7531,789,0,379,1168
7532,741,0,273,1014
7533,749,0,981,1730
7534,727,0,9,736
7535,384,0,887,1271
7536,190,0,673,863
7537,276,0,222,498
7538,773,0,909,1682
7539,148,0,498,646
7540,442,0,40,482
7541,96,0,371,467
7542,241,0,147,388
7543,357,0,122,479
7544,36,0,251,287
7545,867,0,62,929
7546,145,0,658,803
7547,242,0,58,300
7548,85,0,179,264
7549,160,0,169,329
7550,180,0,502,682
7551,413,0,954,1367
7552,879,0,310,1189
7553,37,0,731,768
7554,868,0,635,1503
7555,653,0,196,849
7556,309,0,58,367
7557,154,0,650,804
7558,246,0,375,621
7559,171,0,787,958
7560,104,0,989,1093
7561,953,0,635,1588
7562,32,0,640,672
7563,972,0,771,1743
7564,171,0,566,737
7565,112,0,726,838
7566,921,0,105,1026
7567,278,0,740,1018
7568,498,0,690,1188
7569,314,0,698,1012
7570,121,0,435,556
7571,158,0,496,654
7572,661,0,958,1619
7573,901,0,533,1434
7574,647,0,315,962
7575,402,0,464,866
7576,740,0,688,1428
7577,197,0,699,896
7578,823,0,423,1246
7579,266,0,186,452
7580,339,0,1,340
7581,777,0,839,1616
7582,125,0,106,231
7583,246,0,979,1225
7584,570,0,247,817
7585,850,0,87,937
7586,757,0,155,912
7587,886,0,273,1159
7588,489,0,385,874
7589,972,0,6,978
7590,541,0,981,1522
7591,295,0,222,517
7592,182,0,154,336
7593,533,0,730,1263
7594,567,0,743,1310
7595,708,0,704,1412
7596,778,0,719,1497
7597,666,0,826,1492
7598,114,0,903,1017
7599,555,0,24,579
7600,399,0,466,865
7601,453,0,932,1385
7602,605,0,930,1535
7603,589,0,365,954
7604,851,0,252,1103
7605,12,0,104,116
7606,116,0,56,172
7607,690,0,436,1126
7608,534,0,930,1464
7609,803,0,707,1510
7610,5,0,96,101
7611,650,0,753,1403
7612,810,0,988,1798
7613,74,0,987,1061
7614,410,0,709,1119
7615,502,0,334,836
7616,331,0,943,1274
7617,778,0,802,1580
7618,458,0,210,668
7619,339,0,819,1158
7620,514,0,724,1238
7621,487,0,915,1402
7622,183,0,79,262
7623,219,0,359,578
7624,229,0,671,900
7625,136,0,359,495
7626,416,0,780,1196
7627,160,0,910,1070
7628,780,0,8,788
7629,382,0,319,701
7630,502,0,641,1143
7631,710,0,57,767
7632,984,0,279,1263
7633,667,0,690,1357
7634,299,0,177,476
7635,433,0,553,986
7636,921,0,907,1828
7637,161,0,98,259
7638,603,0,802,1405
7639,561,0,372,933
7640,775,0,560,1335
7641,127,0,245,372
7642,82,0,764,846
7643,479,0,882,1361
7644,129,0,909,1038
7645,809,0,513,1322
7646,183,0,4,187
7647,490,0,874,1364
7648,489,0,152,641
7649,891,0,777,1668
7650,163,0,384,547
7651,395,0,789,1184
7652,658,0,803,1461
7653,408,0,379,787
7654,92,0,393,485
7655,647,0,275,922
7656,386,0,245,631
7657,12,0,47,59
7658,391,0,703,1094
7659,151,0,732,883
7660,821,0,918,1739
7661,971,0,137,1108
7662,334,0,963,1297
7663,232,0,391,623
7664,305,0,323,628
7665,292,0,212,504
7666,930,0,124,1054
7667,895,0,88,983
7668,646,0,617,1263
7669,355,0,383,738
7670,684,0,140,824
7671,559,0,116,675
7672,718,0,108,826
7673,127,0,557,684
7674,656,0,521,1177
7675,233,0,519,752
7676,40,0,526,566
7677,309,0,302,611
7678,540,0,923,1463
7679,521,0,559,1080
7680,800,0,250,1050
7681,499,0,678,1177
7682,795,0,185,980
7683,158,0,688,846
7684,419,0,197,616
7685,675,0,881,1556
7686,896,0,61,957
7687,819,0,838,1657
7688,255,0,866,1121
7689,894,0,924,1818
7690,488,0,597,1085
7691,726,0,644,1370
7692,418,0,631,1049
7693,712,0,90,802
7694,181,0,338,519
7695,456,0,514,970
7696,798,0,358,1156
7697,354,0,873,1227
7698,145,0,204,349
7699,141,0,214,355
7700,476,0,88,564
7701,652,0,591,1243
7702,773,0,145,918
7703,568,0,525,1093
7704,88,0,724,812
7705,678,0,646,1324
7706,63,0,674,737
7707,666,0,451,1117
7708,826,0,635,1461
7709,254,0,230,484
7710,90,0,825,915
7711,442,0,635,1077
7712,487,0,642,1129
7713,960,0,176,1136
7714,92,0,413,505
7715,292,0,35,327
7716,711,0,237,948
7717,668,0,241,909
7718,894,0,670,1564
7719,433,0,597,1030
7720,335,0,90,425
7721,424,0,474,898
7722,466,0,481,947
7723,869,0,153,1022
7724,519,0,969,1488
7725,996,0,290,1286
7726,646,0,570,1216
7727,51,0,592,643
7728,130,0,444,574
7729,911,0,81,992
7730,550,0,643,1193
7731,97,0,686,783
7732,187,0,19,206
7733,871,0,634,1505
7734,869,0,613,1482
7735,948,0,294,1242
7736,969,0,183,1152
7737,606,0,640,1246
7738,957,0,259,1216
7739,757,0,568,1325
7740,186,0,400,586
7741,453,0,112,565
7742,807,0,934,1741
7743,622,0,111,733
7744,0,0,270,270
7745,702,0,264,966
7746,378,0,777,1155
7747,120,0,586,706
7748,832,0,55,887
7749,464,0,681,1145
7750,759,0,810,1569
7751,88,0,973,1061
7752,363,0,166,529
7753,145,0,681,826
7754,119,0,670,789
7755,25,0,651,676
7756,541,0,230,771
7757,440,0,681,1121
7758,281,0,694,975
7759,450,0,73,523
7760,595,0,163,758
7761,855,0,20,875
7762,169,0,892,1061
7763,121,0,809,930
7764,77,0,12,89
7765,218,0,462,680
7766,546,0,529,1075
7767,239,0,142,381
7768,815,0,158,973
7769,768,0,614,1382
7770,562,0,545,1107
7771,488,0,373,861
7772,451,0,245,696
7773,266,0,383,649
7774,905,0,221,1126
7775,773,0,801,1574
7776,977,0,861,1838
7777,357,0,673,1030
7778,541,0,390,931
7779,920,0,936,1856
7780,929,0,487,1416
7781,593,0,24,617
7782,697,0,954,1651
7783,96,0,291,387
7784,747,0,81,828
7785,953,0,325,1278
7786,399,0,942,1341
7787,351,0,6,357
7788,186,0,680,866
7789,819,0,369,1188
7790,631,0,876,1507
7791,781,0,121,902
7792,357,0,471,828
7793,690,0,704,1394
7794,784,0,158,942
7795,770,0,817,1587
7796,169,0,113,282
7797,254,0,855,1109
7798,442,0,552,994
7799,664,0,778,1442
7800,91,0,982,1073
7801,740,0,203,943
7802,516,0,831,1347
7803,522,0,430,952
7804,593,0,452,1045
7805,230,0,644,874
7806,479,0,100,579
7807,800,0,852,1652
7808,191,0,187,378
7809,656,0,266,922
7810,159,0,599,758
7811,59,0,57,116
7812,136,0,672,808
7813,638,0,898,1536
7814,613,0,466,1079
7815,619,0,157,776
7816,528,0,683,1211
7817,622,0,578,1200
7818,747,0,955,1702
7819,935,0,919,1854
7820,743,0,677,1420
7821,325,0,927,1252
7822,161,0,311,472
7823,781,0,489,1270
7824,985,0,681,1666
7825,330,0,839,1169
7826,760,0,90,850
7827,58,0,707,765
7828,669,0,825,1494
7829,85,0,287,372
7830,672,0,630,1302
7831,284,0,899,1183
7832,177,0,959,1136
7833,536,0,549,1085
7834,915,0,602,1517
7835,911,0,156,1067
7836,228,0,766,994
7837,31,0,739,770
7838,633,0,297,930
7839,821,0,635,1456
7840,489,0,741,1230
7841,199,0,327,526
7842,152,0,854,1006
7843,726,0,903,1629
7844,417,0,973,1390
7845,68,0,894,962
7846,874,0,75,949
7847,318,0,187,505
7848,703,0,53,756
7849,213,0,68,281
7850,811,0,207,1018
7851,526,0,775,1301
7852,397,0,725,1122
7853,935,0,701,1636
7854,682,0,756,1438
7855,669,0,708,1377
7856,347,0,822,1169
7857,760,0,97,857
7858,919,0,188,1107
7859,784,0,605,1389
7860,637,0,381,1018
7861,961,0,441,1402
7862,648,0,303,951
7863,789,0,571,1360
7864,300,0,969,1269
7865,966,0,803,1769
7866,276,0,588,864
7867,148,0,344,492
7868,484,0,897,1381
7869,375,0,266,641
7870,658,0,642,1300
7871,478,0,270,748
7872,825,0,899,1724
7873,257,0,744,1001
7874,742,0,475,1217
7875,504,0,577,1081
7876,729,0,172,901
7877,528,0,549,1077
7878,519,0,690,1209
7879,112,0,687,799
7880,197,0,956,1153
7881,600,0,335,935
7882,545,0,602,1147
7883,255,0,655,910
7884,491,0,278,769
7885,111,0,971,1082
7886,92,0,404,496
7887,708,0,736,1444
7888,573,0,917,1490
7889,17,0,778,795
7890,178,0,62,240
7891,422,0,147,569
7892,442,0,703,1145
7893,464,0,712,1176
7894,264,0,528,792
7895,529,0,19,548
7896,352,0,39,391
7897,825,0,435,1260
7898,776,0,785,1561
7899,883,0,236,1119
7900,171,0,659,830
7901,729,0,450,1179
7902,240,0,813,1053
7903,485,0,20,505
7904,257,0,48,305
7905,729,0,831,1560
7906,934,0,193,1127
7907,47,0,280,327
7908,384,0,545,929
7909,5,0,809,814
7910,52,0,667,719
7911,609,0,384,993
7912,182,0,604,786
7913,181,0,337,518
7914,981,0,199,1180
7915,137,0,513,650
7916,570,0,202,772
7917,886,0,234,1120
7918,255,0,871,1126
7919,68,0,202,270
7920,394,0,477,871
7921,151,0,998,1149
7922,132,0,25,157
7923,727,0,993,1720
7924,928,0,494,1422
7925,394,0,609,1003
7926,596,0,392,988
7927,246,0,744,990
7928,135,0,484,619
7929,800,0,323,1123
7930,532,0,467,999
7931,13,0,556,569
7932,495,0,564,1059
7933,339,0,383,722
7934,184,0,761,945
7935,154,0,586,740
7936,164,0,917,1081
7937,314,0,435,749
7938,985,0,382,1367
7939,275,0,875,1150
7940,666,0,131,797
7941,944,0,138,1082
7942,592,0,783,1375
7943,407,0,467,874
7944,13,0,955,968
7945,115,0,995,1110
7946,521,0,81,602
7947,947,0,133,1080
7948,466,0,218,684
7949,648,0,93,741
7950,82,0,650,732
7951,908,0,711,1619
7952,923,0,886,1809
7953,100,0,830,930
7954,826,0,109,935
7955,11,0,209,220
7956,390,0,9,399
7957,506,0,749,1255
7958,781,0,564,1345
7959,322,0,310,632
7960,258,0,367,625
7961,748,0,314,1062
7962,404,0,508,912
7963,340,0,524,864
7964,24,0,252,276
7965,311,0,842,1153
7966,11,0,426,437
7967,605,0,915,1520
7968,64,0,966,1030
7969,267,0,124,391
7970,461,0,232,693
7971,453,0,734,1187
7972,472,0,389,861
7973,575,0,120,695
7974,661,0,544,1205
7975,505,0,756,1261
7976,813,0,892,1705
7977,107,0,425,532
7978,177,0,426,603
7979,579,0,625,1204
7980,691,0,957,1648
7981,961,0,175,1136
7982,741,0,633,1374
7983,434,0,429,863
7984,698,0,702,1400
7985,680,0,729,1409
7986,747,0,984,1731
7987,541,0,129,670
7988,457,0,266,723
7989,1000,0,102,1102
7990,409,0,422,831
7991,380,0,579,959
7992,738,0,670,1408
7993,71,0,556,627
7994,640,0,561,1201
7995,894,0,491,1385
7996,381,0,149,530
7997,914,0,445,1359
7998,506,0,989,1495
7999,247,0,455,702
8000,181,0,81,262
8001,91,0,404,495
8002,108,0,743,851
8003,161,0,312,473
8004,513,0,219,732
8005,61,0,544,605
8006,728,0,765,1493
8007,729,0,229,958
8008,607,0,574,1181
8009,78,0,520,598
8010,195,0,218,413
8011,264,0,463,727
8012,978,0,179,1157
8013,920,0,681,1601
8014,765,0,675,1440
8015,754,0,831,1585
8016,81,0,670,751
8017,314,0,816,1130
8018,674,0,216,890
8019,878,0,361,1239
8020,769,0,384,1153
8021,108,0,207,315
8022,246,0,387,633
8023,141,0,418,559
8024,878,0,608,1486
8025,84,0,605,689
8026,255,0,143,398
8027,489,0,254,743
8028,343,0,961,1304
8029,596,0,818,1414
8030,62,0,932,994
8031,720,0,670,1390
8032,183,0,46,229
8033,207,0,970,1177
8034,165,0,870,1035
8035,947,0,2,949
8036,635,0,816,1451
8037,812,0,175,987
8038,398,0,754,1152
8039,864,0,761,1625
8040,242,0,996,1238
8041,328,0,698,1026
8042,238,0,526,764
8043,505,0,767,1272
8044,149,0,295,444
8045,510,0,937,1447
8046,989,0,545,1534
8047,569,0,608,1177
8048,284,0,66,350
8049,222,0,537,759
8050,76,0,687,763
8051,314,0,675,989
8052,706,0,111,817
8053,234,0,809,1043
8054,457,0,786,1243
8055,945,0,783,1728
8056,971,0,178,1149
8057,423,0,610,1033
8058,768,0,417,1185
8059,812,0,2,814
8060,703,0,345,1048
8061,590,0,243,833
8062,95,0,763,858
8063,98,0,384,482
8064,357,0,748,1105
8065,214,0,710,924
8066,386,0,569,955
8067,878,0,169,1047
8068,477,0,449,926
8069,172,0,318,490
8070,996,0,755,1751
8071,78,0,954,1032
8072,97,0,436,533
8073,940,0,792,1732
8074,547,0,422,969
8075,859,0,226,1085
8076,89,0,63,152
8077,24,0,599,623
8078,926,0,832,1758
8079,682,0,410,1092
8080,178,0,354,532
8081,638,0,817,1455
8082,605,0,102,707
8083,674,0,739,1413
8084,626,0,328,954
8085,936,0,974,1910
8086,666,0,815,1481
8087,280,0,578,858
8088,310,0,61,371
8089,407,0,853,1260
8090,884,0,726,1610
8091,831,0,58,889
8092,291,0,311,602
8093,124,0,15,139
8094,298,0,726,1024
8095,482,0,40,522
8096,361,0,661,1022
8097,585,0,411,996
8098,571,0,599,1170
8099,73,0,233,306
8100,427,0,833,1260
8101,233,0,672,905
8102,405,0,188,593
8103,702,0,809,1511
8104,652,0,416,1068
8105,803,0,689,1492
8106,481,0,515,996
8107,438,0,117,555
8108,723,0,732,1455
8109,214,0,998,1212
8110,695,0,123,818
8111,705,0,170,875
8112,823,0,735,1558
8113,580,0,829,1409
8114,328,0,437,765
8115,511,0,733,1244
8116,309,0,176,485
8117,638,0,966,1604
8118,574,0,915,1489
8119,563,0,418,981
8120,594,0,148,742
8121,355,0,737,1092
8122,663,0,205,868
8123,234,0,85,319
8124,159,0,720,879
8125,294,0,719,1013
8126,444,0,521,965
8127,171,0,905,1076
8128,117,0,227,344
8129,817,0,223,1040
8130,922,0,197,1119
8131,943,0,892,1835
8132,633,0,584,1217
8133,410,0,242,652
8134,321,0,613,934
8135,220,0,623,843
8136,955,0,797,1752
8137,67,0,553,620
8138,863,0,204,1067
8139,12,0,827,839
8140,131,0,906,1037
8141,82,0,436,518
8142,247,0,705,952
8143,607,0,769,1376
8144,783,0,405,1188
8145,649,0,928,1577
8146,256,0,49,305
8147,10,0,273,283
8148,847,0,447,1294
8149,675,0,464,1139
8150,412,0,811,1223
8151,82,0,174,256
8152,758,0,59,817
8153,287,0,822,1109
8154,451,0,683,1134
8155,573,0,820,1393
8156,159,0,798,957
8157,398,0,894,1292
8158,512,0,732,1244
8159,152,0,43,195
8160,225,0,997,1222
8161,846,0,911,1757
8162,715,0,217,932
8163,88,0,920,1008
8164,602,0,272,874
8165,199,0,940,1139
8166,548,0,147,695
8167,838,0,774,1612
8168,732,0,458,1190
8169,229,0,917,1146
8170,743,0,144,887
8171,784,0,43,827
8172,774,0,809,1583
8173,779,0,418,1197
8174,259,0,1000,1259
8175,572,0,485,1057
8176,404,0,499,903
8177,210,0,538,748
8178,175,0,872,1047
8179,764,0,638,1402
8180,619,0,913,1532
8181,837,0,709,1546
8182,612,0,960,1572
8183,259,0,478,737
8184,943,0,802,1745
8185,614,0,85,699
8186,266,0,344,610
8187,39,0,657,696
8188,581,0,89,670
8189,723,0,362,1085
8190,652,0,373,1025
8191,885,0,896,1781
8192,190,0,336,526
8193,733,0,890,1623
8194,860,0,330,1190
8195,151,0,368,519
8196,749,0,625,1374
8197,622,0,722,1344
8198,353,0,281,634
8199,742,0,589,1331
8200,445,0,867,1312
8201,467,0,583,1050
8202,934,0,514,1448
8203,691,0,431,1122
8204,358,0,854,1212
8205,70,0,437,507
8206,790,0,989,1779
8207,612,0,589,1201
8208,920,0,364,1284
8209,579,0,647,1226
8210,525,0,309,834
8211,344,0,251,595
8212,861,0,62,923
8213,411,0,630,1041
8214,938,0,230,1168
8215,10,0,980,990
8216,251,0,934,1185
8217,13,0,894,907
8218,384,0,415,799
8219,794,0,349,1143
8220,50,0,980,1030
8221,39,0,948,987
8222,891,0,862,1753
8223,217,0,776,993
8224,191,0,733,924
8225,768,0,16,784
8226,563,0,68,631
8227,10,0,341,351
8228,714,0,806,1520
8229,317,0,834,1151
8230,791,0,171,962
8231,249,0,871,1120
8232,620,0,433,1053
8233,337,0,720,1057
8234,401,0,889,1290
8235,452,0,279,731
8236,194,0,316,510
8237,317,0,758,1075
8238,297,0,341,638
8239,947,0,866,1813
8240,993,0,496,1489
8241,521,0,596,1117
8242,482,0,309,791
8243,122,0,262,384
8244,891,0,961,1852
8245,231,0,981,1212
8246,567,0,599,1166
8247,195,0,522,717
8248,308,0,831,1139
8249,126,0,570,696
8250,247,0,509,756
8251,384,0,270,654
8252,297,0,767,1064
8253,159,0,99,258
8254,261,0,907,1168
8255,215,0,939,1154
8256,247,0,4,251
8257,983,0,56,1039
8258,448,0,274,722
8259,83,0,187,270
8260,575,0,318,893
8261,858,0,495,1353
8262,149,0,14,163
8263,563,0,662,1225
8264,152,0,853,1005
8265,549,0,325,874
8266,368,0,865,1233
8267,952,0,992,1944
8268,596,0,476,1072
8269,293,0,66,359
8270,461,0,24,485
8271,286,0,783,1069
8272,469,0,315,784
8273,45,0,834,879
8274,196,0,7,203
8275,166,0,422,588
8276,6,0,638,644
8277,528,0,219,747
8278,588,0,506,1094
8279,400,0,807,1207
8280,463,0,160,623
8281,588,0,291,879
8282,286,0,587,873
8283,620,0,255,875
8284,546,0,219,765
8285,642,0,34,676
8286,774,0,908,1682
8287,310,0,46,356
8288,117,0,19,136
8289,948,0,153,1101
8290,157,0,526,683
8291,154,0,60,214
8292,572,0,661,1233
8293,59,0,104,163
8294,598,0,902,1500
8295,923,0,321,1244
8296,446,0,296,742
8297,119,0,128,247
8298,689,0,236,925
8299,498,0,810,1308
8300,901,0,652,1553
8301,915,0,673,1588
8302,775,0,931,1706
8303,503,0,985,1488
8304,510,0,297,807
8305,529,0,49,578
8306,961,0,847,1808
8307,764,0,66,830
8308,270,0,740,1010
8309,934,0,555,1489
8310,153,0,83,236
8311,925,0,765,1690
8312,698,0,884,1582
8313,72,0,552,624
8314,866,0,827,1693
8315,755,0,303,1058
8316,443,0,360,803
8317,552,0,97,649
8318,441,0,667,1108
8319,745,0,48,793
8320,417,0,167,584
8321,841,0,940,1781
8322,549,0,217,766
8323,42,0,397,439
8324,669,0,637,1306
8325,148,0,960,1108
8326,55,0,489,544
8327,887,0,265,1152
8328,947,0,55,1002
8329,734,0,342,1076
8330,100,0,316,416
8331,278,0,202,480
8332,234,0,696,930
8333,473,0,540,1013
8334,653,0,564,1217
8335,874,0,54,928
8336,754,0,423,1177
8337,89,0,6,95
8338,675,0,293,968
8339,552,0,338,890
8340,677,0,476,1153
8341,62,0,533,595
8342,530,0,384,914
8343,860,0,334,1194
8344,894,0,218,1112
8345,849,0,353,1202
8346,669,0,227,896
8347,355,0,262,617
8348,758,0,351,1109
8349,379,0,913,1292
8350,760,0,759,1519
8351,582,0,974,1556
8352,468,0,42,510
8353,562,0,700,1262
8354,537,0,7,544
8355,607,0,361,968
8356,491,0,864,1355
8357,722,0,704,1426
8358,620,0,892,1512
8359,550,0,958,1508
8360,510,0,673,1183
8361,602,0,329,931
8362,610,0,180,790
8363,952,0,468,1420
8364,745,0,763,1508
8365,267,0,71,338
8366,611,0,511,1122
8367,926,0,299,1225
8368,736,0,482,1218
8369,99,0,720,819
8370,507,0,914,1421
8371,197,0,790,987
8372,434,0,873,1307
8373,595,0,486,1081
8374,111,0,313,424
8375,791,0,236,1027
8376,319,0,462,781
8377,910,0,301,1211
8378,688,0,123,811
8379,444,0,432,876
8380,568,0,104,672
8381,461,0,212,673
8382,177,0,450,627
8383,102,0,728,830
8384,720,0,113,833
8385,623,0,870,1493
8386,847,0,972,1819
8387,973,0,956,1929
8388,909,0,369,1278
8389,894,0,17,911
8390,303,0,948,1251
8391,602,0,952,1554
8392,883,0,988,1871
8393,139,0,867,1006
8394,542,0,388,930
8395,186,0,362,548
8396,892,0,545,1437
8397,650,0,546,1196
8398,753,0,686,1439
8399,933,0,596,1529
8400,110,0,386,496
8401,230,0,348,578
8402,570,0,630,1200
8403,177,0,918,1095
8404,135,0,444,579
8405,269,0,871,1140
8406,105,0,890,995
8407,124,0,987,1111
8408,113,0,365,478
8409,836,0,340,1176
8410,152,0,766,918
8411,58,0,738,796
8412,680,0,617,1297
8413,9,0,434,443
8414,646,0,419,1065
8415,87,0,335,422
8416,891,0,686,1577
8417,343,0,597,940
8418,181,0,972,1153
8419,654,0,915,1569
8420,636,0,654,1290
8421,268,0,110,378
8422,846,0,494,1340
8423,714,0,276,990
8424,674,0,212,886
8425,728,0,632,1360
8426,234,0,158,392
8427,904,0,26,930
8428,364,0,445,809
8429,100,0,611,711
8430,819,0,263,1082
8431,943,0,180,1123
8432,246,0,666,912
8433,995,0,472,1467
8434,996,0,811,1807
8435,456,0,993,1449
8436,223,0,392,615
8437,79,0,227,306
8438,206,0,915,1121
8439,418,0,467,885
8440,321,0,49,370
8441,78,0,438,516
8442,849,0,144,993
8443,88,0,609,697
8444,734,0,377,1111
8445,643,0,889,1532
8446,37,0,580,617
8447,623,0,1000,1623
8448,352,0,634,986
8449,730,0,769,1499
8450,88,0,546,634
8451,22,0,554,576
8452,371,0,694,1065
8453,138,0,481,619
8454,542,0,395,937
8455,986,0,277,1263
8456,477,0,436,913
8457,451,0,680,1131
8458,259,0,285,544
8459,178,0,755,933
8460,482,0,573,1055
8461,545,0,105,650
8462,110,0,462,572
8463,935,0,776,1711
8464,831,0,966,1797
8465,384,0,998,1382
8466,465,0,289,754
8467,787,0,642,1429
8468,240,0,783,1023
8469,850,0,381,1231
8470,130,0,592,722
8471,899,0,464,1363
8472,416,0,870,1286
8473,494,0,811,1305
8474,203,0,291,494
8475,95,0,428,523
8476,507,0,989,1496
8477,743,0,784,1527
8478,876,0,0,876
8479,544,0,156,700
8480,72,0,576,648
8481,635,0,945,1580
8482,392,0,37,429
8483,90,0,13,103
8484,62,0,267,329
8485,571,0,344,915
8486,217,0,845,1062
8487,451,0,736,1187
8488,69,0,853,922
8489,996,0,899,1895
8490,47,0,901,948
8491,734,0,392,1126
8492,267,0,201,468
8493,984,0,402,1386
8494,767,0,227,994
8495,50,0,662,712
8496,860,0,860,1720
8497,407,0,222,629
8498,360,0,739,1099
8499,568,0,260,828
8500,844,0,578,1422
8501,510,0,469,979
8502,975,0,902,1877
8503,151,0,308,459
8504,334,0,354,688
8505,579,0,949,1528
8506,174,0,166,340
8507,978,0,333,1311
8508,390,0,930,1320
8509,740,0,648,1388
8510,725,0,835,1560
8511,489,0,837,1326
8512,296,0,496,792
8513,251,0,31,282
8514,585,0,536,1121
8515,940,0,126,1066
8516,367,0,875,1242
8517,759,0,145,904
8518,665,0,707,1372
8519,817,0,253,1070
8520,3,0,593,596
8521,422,0,888,1310
8522,598,0,128,726
8523,178,0,352,530
8524,879,0,497,1376
8525,647,0,403,1050
8526,702,0,44,746
8527,605,0,953,1558
8528,49,0,649,698
8529,214,0,49,263
8530,144,0,579,723
8531,291,0,671,962
8532,348,0,731,1079
8533,897,0,689,1586
8534,993,0,843,1836
8535,39,0,390,429
8536,831,0,962,1793
8537,199,0,744,943
8538,195,0,856,1051
8539,894,0,424,1318
8540,522,0,657,1179
8541,255,0,406,661
8542,471,0,511,982
8543,205,0,82,287
8544,888,0,297,1185
8545,511,0,786,1297
8546,243,0,142,385
8547,908,0,62,970
8548,397,0,756,1153
8549,971,0,443,1414
8550,73,0,498,571
8551,390,0,47,437
8552,182,0,747,929
8553,94,0,974,1068
8554,387,0,405,792
8555,114,0,738,852
8556,111,0,560,671
8557,40,0,579,619
8558,118,0,788,906
8559,608,0,302,910
8560,806,0,4,810
8561,580,0,851,1431
8562,38,0,628,666
8563,284,0,263,547
8564,216,0,145,361
8565,334,0,420,754
8566,64,0,347,411
8567,561,0,401,962
8568,326,0,439,765
8569,307,0,245,552
8570,122,0,860,982
8571,36,0,259,295
8572,974,0,57,1031
8573,544,0,567,1111
8574,410,0,446,856
8575,986,0,1,987
8576,221,0,686,907
8577,605,0,367,972
8578,551,0,54,605
8579,997,0,270,1267
8580,909,0,240,1149
8581,448,0,107,555
8582,677,0,868,1545
8583,254,0,269,523
8584,515,0,231,746
8585,161,0,370,531
8586,57,0,868,925
8587,266,0,351,617
8588,513,0,569,1082
8589,12,0,11,23
8590,577,0,318,895
8591,473,0,64,537
8592,947,0,648,1595
8593,644,0,660,1304
8594,961,0,30,991
8595,591,0,972,1563
8596,275,0,576,851
8597,65,0,701,766
8598,221,0,29,250
8599,443,0,150,593
8600,131,0,727,858
8601,618,0,332,950
8602,31,0,743,774
8603,810,0,916,1726
8604,879,0,655,1534
8605,50,0,597,647
8606,800,0,430,1230
8607,383,0,265,648
8608,210,0,786,996
8609,489,0,246,735
8610,47,0,241,288
8611,87,0,636,723
8612,181,0,857,1038
8613,10,0,773,783
8614,463,0,930,1393
8615,159,0,948,1107
8616,346,0,929,1275
8617,573,0,798,1371
8618,19,0,215,234
8619,46,0,320,366
8620,340,0,219,559
8621,821,0,773,1594
8622,329,0,458,787
8623,598,0,611,1209
8624,968,0,620,1588
8625,49,0,314,363
8626,901,0,483,1384
8627,645,0,740,1385
8628,202,0,920,1122
8629,64,0,341,405
8630,676,0,904,1580
8631,429,0,407,836
8632,759,0,114,873
8633,376,0,787,1163
8634,620,0,2,622
8635,373,0,255,628
8636,514,0,662,1176
8637,995,0,991,1986
8638,914,0,701,1615
8639,814,0,928,1742
8640,583,0,941,1524
8641,847,0,402,1249
8642,601,0,254,855
8643,830,0,211,1041
8644,937,0,307,1244
8645,19,0,809,828
8646,409,0,210,619
8647,249,0,312,561
8648,900,0,576,1476
8649,635,0,69,704
8650,475,0,785,1260
8651,777,0,785,1562
8652,255,0,24,279
8653,410,0,260,670
8654,813,0,627,1440
8655,721,0,407,1128
8656,167,0,449,616
8657,617,0,328,945
8658,350,0,219,569
8659,823,0,892,1715
8660,942,0,786,1728
8661,220,0,219,439
8662,963,0,181,1144
8663,110,0,970,1080
8664,44,0,25,69
8665,84,0,326,410
8666,966,0,850,1816
8667,903,0,442,1345
8668,814,0,238,1052
8669,260,0,890,1150
8670,288,0,909,1197
8671,786,0,666,1452
8672,211,0,665,876
8673,597,0,675,1272
8674,456,0,273,729
8675,696,0,361,1057
8676,136,0,813,949
8677,945,0,967,1912
8678,375,0,340,715
8679,577,0,435,1012
8680,381,0,746,1127
8681,290,0,538,828
8682,841,0,362,1203
8683,292,0,648,940
8684,30,0,344,374
8685,845,0,358,1203
8686,398,0,160,558
8687,899,0,35,934
8688,302,0,362,664
8689,647,0,224,871
8690,395,0,815,1210
8691,423,0,854,1277
8692,261,0,375,636
8693,804,0,215,1019
8694,745,0,537,1282
8695,713,0,514,1227
8696,476,0,198,674
8697,330,0,596,926
8698,542,0,545,1087
8699,333,0,553,886
8700,629,0,86,715
8701,506,0,631,1137
8702,703,0,915,1618
8703,428,0,463,891
8704,669,0,103,772
8705,450,0,445,895
8706,540,0,853,1393
8707,196,0,833,1029
8708,809,0,81,890
8709,836,0,178,1014
8710,363,0,555,918
8711,164,0,1,165
8712,370,0,710,1080
8713,30,0,634,664
8714,357,0,501,858
8715,442,0,989,1431
8716,881,0,993,1874
8717,106,0,578,684
8718,890,0,52,942
8719,587,0,925,1512
8720,392,0,927,1319
8721,144,0,190,334
8722,112,0,688,800
8723,49,0,801,850
8724,361,0,607,968
8725,208,0,97,305
8726,491,0,52,543
8727,159,0,406,565
8728,370,0,544,914
8729,633,0,441,1074
8730,782,0,620,1402
8731,189,0,623,812
8732,997,0,969,1966
8733,71,0,39,110
8734,286,0,828,1114
8735,354,0,897,1251
8736,160,0,399,559
8737,427,0,399,826
8738,507,0,620,1127
8739,266,0,515,781
8740,178,0,32,210
8741,398,0,742,1140
8742,622,0,924,1546
8743,149,0,484,633
8744,641,0,917,1558
8745,495,0,752,1247
8746,985,0,760,1745
8747,215,0,444,659
8748,531,0,96,627
8749,634,0,929,1563
8750,916,0,746,1662
8751,249,0,789,1038
8752,400,0,606,1006
8753,168,0,576,744
8754,437,0,79,516
8755,531,0,971,1502
8756,985,0,753,1738
8757,315,0,160,475
8758,896,0,663,1559
8759,432,0,642,1074
8760,189,0,589,778
8761,446,0,169,615
8762,758,0,726,1484
8763,206,0,962,1168
8764,552,0,716,1268
8765,608,0,975,1583
8766,33,0,560,593
8767,972,0,694,1666
8768,475,0,2,477
8769,757,0,623,1380
8770,195,0,38,233
8771,983,0,229,1212
8772,292,0,911,1203
8773,91,0,920,1011
8774,675,0,303,978
8775,765,0,330,1095
8776,571,0,98,669
8777,551,0,270,821
8778,540,0,506,1046
8779,249,0,639,888
8780,366,0,481,847
8781,125,0,376,501
8782,682,0,208,890
8783,848,0,376,1224
8784,663,0,470,1133
8785,181,0,514,695
8786,274,0,208,482
8787,909,0,767,1676
8788,720,0,724,1444
8789,149,0,603,752
8790,291,0,998,1289
8791,515,0,282,797
8792,549,0,774,1323
8793,624,0,445,1069
8794,565,0,972,1537
8795,169,0,382,551
8796,188,0,648,836
8797,514,0,855,1369
8798,645,0,658,1303
8799,830,0,325,1155
8800,537,0,873,1410
8801,228,0,312,540
8802,451,0,113,564
8803,383,0,729,1112
8804,618,0,358,976
8805,269,0,628,897
8806,856,0,149,1005
8807,115,0,719,834
8808,207,0,18,225
8809,152,0,915,1067
8810,889,0,819,1708
8811,158,0,855,1013
8812,403,0,166,569
8813,330,0,199,529
8814,91,0,239,330
8815,734,0,770,1504
8816,412,0,305,717
8817,277,0,562,839
8818,943,0,582,1525
8819,369,0,958,1327
8820,852,0,35,887
8821,171,0,264,435
8822,921,0,225,1146
8823,600,0,960,1560
8824,637,0,978,1615
8825,449,0,692,1141
8826,733,0,374,1107
8827,490,0,324,814
8828,411,0,522,933
8829,288,0,923,1211
8830,28,0,492,520
8831,8,0,392,400
8832,933,0,42,975
8833,73,0,71,144
8834,62,0,618,680
8835,96,0,464,560
8836,13,0,432,445
8837,868,0,65,933
8838,11,0,232,243
8839,723,0,165,888
8840,430,0,238,668
8841,342,0,153,495
8842,839,0,362,1201
8843,496,0,640,1136
8844,845,0,555,1400
8845,41,0,319,360
8846,225,0,759,984
8847,12,0,626,638
8848,23,0,425,448
8849,297,0,94,391
8850,764,0,83,847
8851,17,0,53,70
8852,311,0,164,475
8853,969,0,378,1347
8854,128,0,572,700
8855,208,0,398,606
8856,500,0,929,1429
8857,436,0,2,438
8858,573,0,999,1572
8859,39,0,271,310
8860,153,0,857,1010
8861,126,0,703,829
8862,658,0,472,1130
8863,284,0,846,1130
8864,760,0,670,1430
8865,184,0,421,605
8866,886,0,105,991
8867,913,0,768,1681
8868,127,0,823,950
8869,915,0,350,1265
8870,303,0,732,1035
8871,215,0,556,771
8872,425,0,42,467
8873,948,0,666,1614
8874,149,0,121,270
8875,249,0,24,273
8876,19,0,824,843
8877,564,0,176,740
8878,473,0,879,1352
8879,56,0,998,1054
8880,331,0,138,469
8881,470,0,656,1126
8882,142,0,707,849
8883,929,0,932,1861
8884,869,0,683,1552
8885,662,0,380,1042
8886,804,0,299,1103
8887,764,0,142,906
8888,291,0,73,364
8889,848,0,957,1805
8890,556,0,622,1178
8891,802,0,230,1032
8892,38,0,840,878
8893,352,0,810,1162
8894,30,0,496,526
8895,604,0,321,925
8896,224,0,424,648
8897,12,0,836,848
8898,646,0,868,1514
8899,172,0,530,702
8900,176,0,270,446
8901,759,0,854,1613
8902,301,0,510,811
8903,856,0,126,982
8904,981,0,287,1268
8905,700,0,1,701
8906,226,0,594,820
8907,176,0,519,695
8908,717,0,494,1211
8909,574,0,238,812
8910,57,0,741,798
8911,783,0,427,1210
8912,940,0,11,951
8913,524,0,24,548
8914,447,0,625,1072
8915,744,0,856,1600
8916,340,0,331,671
8917,636,0,607,1243
8918,619,0,797,1416
8919,529,0,500,1029
8920,216,0,532,748
8921,257,0,301,558
8922,225,0,601,826
8923,557,0,428,985
8924,775,0,545,1320
8925,730,0,836,1566
8926,804,0,44,848
8927,695,0,531,1226
8928,201,0,521,722
8929,202,0,631,833
8930,480,0,312,792
8931,986,0,464,1450
8932,936,0,896,1832
8933,922,0,820,1742
8934,854,0,135,989
8935,929,0,15,944
8936,158,0,462,620
8937,938,0,311,1249
8938,613,0,889,1502
8939,353,0,953,1306
8940,244,0,958,1202
8941,731,0,928,1659
8942,388,0,450,838
8943,205,0,561,766
8944,242,0,998,1240
8945,772,0,566,1338
8946,29,0,864,893
8947,374,0,272,646
8948,759,0,305,1064
8949,76,0,835,911
8950,472,0,188,660
8951,482,0,111,593
8952,944,0,406,1350
8953,114,0,156,270
8954,264,0,409,673
8955,791,0,616,1407
8956,885,0,336,1221
8957,886,0,853,1739
8958,857,0,160,1017
8959,926,0,239,1165
8960,479,0,486,965
8961,101,0,413,514
8962,612,0,310,922
8963,946,0,193,1139
8964,859,0,430,1289
8965,336,0,93,429
8966,828,0,809,1637
8967,768,0,362,1130
8968,407,0,347,754
8969,836,0,737,1573
8970,448,0,35,483
8971,269,0,957,1226
8972,900,0,737,1637
8973,80,0,544,624
8974,158,0,157,315
8975,931,0,791,1722
8976,830,0,193,1023
8977,237,0,420,657
8978,929,0,119,1048
8979,41,0,357,398
8980,859,0,150,1009
8981,679,0,120,799
8982,220,0,552,772
8983,778,0,594,1372
8984,341,0,878,1219
8985,299,0,880,1179
8986,161,0,441,602
8987,102,0,460,562
8988,444,0,917,1361
8989,628,0,640,1268
8990,484,0,325,809
8991,459,0,531,990
8992,714,0,108,822
8993,877,0,707,1584
8994,508,0,759,1267
8995,289,0,783,1072
8996,560,0,291,851
8997,723,0,482,1205
8998,922,0,550,1472
8999,641,0,813,1454
9000,501,0,348,849
9001,244,0,213,457
9002,473,0,288,761
9003,729,0,580,1309
9004,502,0,18,520
9005,652,0,86,738
9006,198,0,295,493
9007,241,0,537,778
9008,661,0,856,1517
9009,488,0,417,905
9010,394,0,375,769
9011,222,0,422,644
9012,402,0,843,1245
9013,855,0,690,1545
9014,412,0,13,425
9015,868,0,646,1514
9016,438,0,69,507
9017,680,0,179,859
9018,355,0,235,590
9019,495,0,883,1378
9020,178,0,295,473
9021,835,0,305,1140
9022,832,0,734,1566
9023,957,0,95,1052
9024,498,0,768,1266
9025,209,0,170,379
9026,938,0,14,952
9027,970,0,525,1495
9028,436,0,86,522
9029,970,0,216,1186
9030,174,0,285,459
9031,744,0,391,1135
9032,770,0,699,1469
9033,172,0,151,323
9034,485,0,352,837
9035,895,0,128,1023
9036,211,0,961,1172
9037,40,0,512,552
9038,901,0,882,1783
9039,110,0,718,828
9040,380,0,614,994
9041,331,0,594,925
9042,385,0,790,1175
9043,290,0,169,459
9044,806,0,352,1158
9045,453,0,914,1367
9046,258,0,278,536
9047,25,0,677,702
9048,513,0,179,692
9049,444,0,77,521
9050,145,0,235,380
9051,801,0,486,1287
9052,775,0,251,1026
9053,207,0,396,603
9054,63,0,678,741
9055,998,0,412,1410
9056,63,0,63,126
9057,368,0,562,930
9058,317,0,644,961
9059,590,0,986,1576
9060,852,0,780,1632
9061,59,0,989,1048
9062,608,0,472,1080
9063,253,0,667,920
9064,996,0,708,1704
9065,378,0,130,508
9066,359,0,588,947
9067,690,0,683,1373
9068,367,0,884,1251
9069,264,0,86,350
9070,825,0,684,1509
9071,40,0,371,411
9072,586,0,798,1384
9073,944,0,960,1904
9074,40,0,377,417
9075,852,0,139,991
9076,189,0,399,588
9077,142,0,478,620
9078,230,0,334,564
9079,19,0,298,317
9080,937,0,814,1751
9081,112,0,379,491
9082,332,0,744,1076
9083,204,0,863,1067
9084,193,0,131,324
9085,461,0,915,1376
9086,631,0,284,915
9087,808,0,109,917
9088,857,0,351,1208
9089,229,0,380,609
9090,871,0,916,1787
9091,15,0,901,916
9092,146,0,529,675
9093,599,0,49,648
9094,632,0,883,1515
9095,62,0,222,284
9096,111,0,406,517
9097,874,0,375,1249
9098,905,0,660,1565
9099,165,0,365,530
9100,704,0,952,1656
9101,644,0,840,1484
9102,138,0,521,659
9103,879,0,754,1633
9104,159,0,321,480
9105,851,0,697,1548
9106,696,0,414,1110
9107,917,0,948,1865
9108,199,0,984,1183
9109,686,0,745,1431
9110,596,0,476,1072
9111,192,0,549,741
9112,874,0,423,1297
9113,573,0,816,1389
9114,802,0,403,1205
9115,459,0,993,1452
9116,914,0,444,1358
9117,243,0,245,488
9118,165,0,105,270
9119,54,0,798,852
9120,70,0,169,239
9121,765,0,568,1333
9122,252,0,325,577
9123,629,0,985,1614
9124,475,0,522,997
9125,283,0,959,1242
9126,76,0,539,615
9127,143,0,280,423
9128,361,0,162,523
9129,271,0,178,449
9130,67,0,614,681
9131,827,0,644,1471
9132,788,0,601,1389
9133,108,0,804,912
9134,454,0,829,1283
9135,0,0,992,992
9136,327,0,798,1125
9137,629,0,312,941
9138,805,0,176,981
9139,861,0,284,1145
9140,716,0,350,1066
9141,566,0,232,798
9142,507,0,281,788
9143,209,0,116,325
9144,168,0,570,738
9145,109,0,628,737
9146,306,0,47,353
9147,800,0,228,1028
9148,805,0,517,1322
9149,639,0,506,1145
9150,143,0,527,670
9151,188,0,771,959
9152,799,0,413,1212
9153,587,0,44,631
9154,279,0,368,647
9155,248,0,707,955
9156,203,0,812,1015
9157,789,0,642,1431
9158,238,0,91,329
9159,248,0,790,1038
9160,70,0,128,198
9161,352,0,176,528
9162,971,0,623,1594
9163,128,0,600,728
9164,842,0,916,1758
9165,920,0,761,1681
9166,264,0,935,1199
9167,642,0,302,944
9168,840,0,238,1078
9169,553,0,772,1325
9170,326,0,46,372
9171,698,0,233,931
9172,453,0,988,1441
9173,10,0,197,207
9174,258,0,889,1147
9175,536,0,548,1084
9176,916,0,797,1713
9177,791,0,402,1193
9178,314,0,227,541
9179,358,0,528,886
9180,226,0,952,1178
9181,682,0,84,766
9182,939,0,198,1137
9183,851,0,281,1132
9184,484,0,208,692
9185,372,0,791,1163
9186,858,0,483,1341
9187,548,0,418,966
9188,226,0,56,282
9189,212,0,597,809
9190,353,0,102,455
9191,276,0,590,866
9192,207,0,607,814
9193,680,0,530,1210
9194,71,0,721,792
9195,852,0,161,1013
9196,183,0,878,1061
9197,197,0,710,907
9198,795,0,504,1299
9199,95,0,250,345
9200,383,0,504,887
9201,831,0,918,1749
9202,631,0,895,1526
9203,885,0,817,1702
9204,910,0,674,1584
9205,84,0,581,665
9206,718,0,363,1081
9207,450,0,481,931
9208,94,0,116,210
9209,164,0,760,924
9210,855,0,240,1095
9211,122,0,407,529
9212,587,0,779,1366
9213,794,0,680,1474
9214,324,0,451,775
9215,221,0,705,926
9216,620,0,898,1518
9217,108,0,966,1074
9218,230,0,879,1109
9219,403,0,454,857
9220,149,0,701,850
9221,210,0,225,435
9222,697,0,544,1241
9223,131,0,870,1001
9224,500,0,776,1276
9225,395,0,124,519
9226,840,0,274,1114
9227,334,0,929,1263
9228,395,0,391,786
9229,867,0,848,1715
9230,545,0,90,635
9231,195,0,969,1164
9232,974,0,753,1727
9233,542,0,259,801
9234,15,0,519,534
9235,943,0,908,1851
9236,926,0,54,980
9237,349,0,796,1145
9238,238,0,883,1121
9239,605,0,467,1072
9240,265,0,866,1131
9241,796,0,734,1530
9242,497,0,14,511
9243,865,0,430,1295
9244,847,0,444,1291
9245,63,0,803,866
9246,538,0,591,1129
9247,891,0,429,1320
9248,953,0,348,1301
9249,687,0,466,1153
9250,321,0,420,741
9251,414,0,718,1132
9252,932,0,181,1113
9253,735,0,396,1131
9254,366,0,303,669
9255,302,0,450,752
9256,960,0,68,1028
9257,504,0,453,957
9258,50,0,777,827
9259,64,0,802,866
9260,213,0,788,1001
9261,689,0,949,1638
9262,598,0,427,1025
9263,432,0,446,878
9264,85,0,305,390
9265,914,0,555,1469
9266,835,0,578,1413
9267,929,0,948,1877
9268,806,0,895,1701
9269,424,0,510,934
9270,26,0,803,829
9271,14,0,444,458
9272,686,0,464,1150
9273,142,0,448,590
9274,926,0,340,1266
9275,370,0,316,686
9276,608,0,434,1042
9277,534,0,759,1293
9278,982,0,166,1148
9279,328,0,104,432
9280,203,0,252,455
9281,343,0,991,1334
9282,82,0,936,1018
9283,771,0,391,1162
9284,11,0,854,865
9285,312,0,521,833
9286,449,0,368,817
9287,984,0,678,1662
9288,507,0,507,1014
9289,172,0,452,624
9290,936,0,94,1030
9291,34,0,493,527
9292,270,0,697,967
9293,152,0,208,360
9294,271,0,359,630
9295,133,0,110,243
9296,461,0,750,1211
9297,965,0,605,1570
9298,518,0,676,1194
9299,733,0,641,1374
9300,447,0,59,506
9301,717,0,902,1619
9302,980,0,939,1919
9303,234,0,245,479
9304,165,0,430,595
9305,120,0,440,560
9306,533,0,42,575
9307,76,0,270,346
9308,571,0,997,1568
9309,838,0,561,1399
9310,897,0,882,1779
9311,360,0,303,663
9312,796,0,373,1169
9313,399,0,991,1390
9314,97,0,989,1086
9315,7,0,775,782
9316,102,0,254,356
9317,29,0,634,663
9318,58,0,450,508
9319,165,0,258,423
9320,497,0,805,1302
9321,990,0,326,1316
9322,418,0,797,1215
9323,147,0,595,742
9324,633,0,158,791
9325,741,0,156,897
9326,900,0,370,1270
9327,260,0,529,789
9328,374,0,897,1271
9329,240,0,918,1158
9330,326,0,613,939
9331,433,0,46,479
9332,574,0,600,1174
9333,368,0,744,1112
9334,698,0,565,1263
9335,410,0,706,1116
9336,305,0,20,325
9337,891,0,215,1106
9338,716,0,131,847
9339,109,0,835,944
9340,989,0,500,1489
9341,934,0,898,1832
9342,108,0,632,740
9343,782,0,826,1608
9344,116,0,995,1111
9345,673,0,269,942
9346,451,0,870,1321
9347,358,0,29,387
9348,9,0,123,132
9349,887,0,100,987
9350,397,0,152,549
9351,807,0,859,1666
9352,604,0,375,979
9353,919,0,421,1340
9354,299,0,924,1223
9355,214,0,175,389
9356,200,0,269,469
9357,707,0,215,922
9358,789,0,902,1691
9359,586,0,492,1078
9360,371,0,160,531
9361,302,0,963,1265
9362,172,0,110,282
9363,78,0,325,403
9364,363,0,77,440
9365,132,0,2,134
9366,348,0,360,708
9367,664,0,282,946
9368,13,0,492,505
9369,156,0,677,833
9370,16,0,444,460
9371,534,0,533,1067
9372,288,0,123,411
9373,201,0,520,721
9374,773,0,159,932
9375,482,0,718,1200
9376,543,0,220,763
9377,634,0,181,815
9378,309,0,400,709
9379,867,0,566,1433
9380,474,0,398,872
9381,696,0,322,1018
9382,807,0,293,1100
9383,751,0,844,1595
9384,865,0,735,1600
9385,606,0,874,1480
9386,148,0,819,967
9387,726,0,674,1400
9388,497,0,440,937
9389,312,0,637,949
9390,726,0,915,1641
9391,452,0,475,927
9392,103,0,294,397
9393,178,0,56,234
9394,803,0,269,1072
9395,184,0,894,1078
9396,146,0,623,769
9397,363,0,864,1227
9398,673,0,746,1419
9399,898,0,464,1362
9400,635,0,753,1388
9401,177,0,403,580
9402,889,0,344,1233
9403,436,0,60,496
9404,291,0,106,397
9405,373,0,471,844
9406,838,0,721,1559
9407,541,0,412,953
9408,623,0,904,1527
9409,945,0,141,1086
9410,965,0,255,1220
9411,686,0,119,805
9412,905,0,253,1158
9413,175,0,304,479
9414,612,0,654,1266
9415,767,0,289,1056
9416,196,0,804,1000
9417,927,0,721,1648
9418,590,0,961,1551
9419,734,0,398,1132
9420,201,0,338,539
9421,471,0,275,746
9422,88,0,681,769
9423,94,0,659,753
9424,468,0,827,1295
9425,848,0,416,1264
9426,451,0,303,754
9427,818,0,201,1019
9428,1,0,326,327
9429,888,0,782,1670
9430,43,0,201,244
9431,899,0,564,1463
9432,87,0,234,321
9433,882,0,783,1665
9434,513,0,324,837
9435,678,0,378,1056
9436,56,0,114,170
9437,269,0,645,914
9438,213,0,578,791
9439,513,0,277,790
9440,450,0,640,1090
9441,427,0,528,955
9442,864,0,0,864
9443,419,0,311,730
9444,973,0,790,1763
9445,501,0,634,1135
9446,536,0,951,1487
9447,301,0,456,757
9448,962,0,417,1379
9449,606,0,624,1230
9450,289,0,550,839
9451,700,0,95,795
9452,648,0,462,1110
9453,256,0,966,1222
9454,158,0,419,577
9455,889,0,517,1406
9456,573,0,240,813
9457,227,0,374,601
9458,733,0,820,1553
9459,646,0,368,1014
9460,998,0,204,1202
9461,697,0,818,1515
9462,517,0,514,1031
9463,354,0,880,1234
9464,808,0,65,873
9465,265,0,668,933
9466,774,0,637,1411
9467,933,0,312,1245
9468,321,0,554,875
9469,598,0,815,1413
9470,569,0,787,1356
9471,341,0,84,425
9472,139,0,698,837
9473,37,0,761,798
9474,459,0,220,679
9475,275,0,307,582
9476,300,0,979,1279
9477,282,0,900,1182
9478,630,0,669,1299
9479,908,0,742,1650
9480,224,0,746,970
9481,979,0,738,1717
9482,838,0,521,1359
9483,99,0,46,145
9484,155,0,97,252
9485,472,0,773,1245
9486,330,0,534,864
9487,949,0,396,1345
9488,344,0,727,1071
9489,738,0,657,1395
9490,478,0,568,1046
9491,11,0,844,855
9492,184,0,225,409
9493,332,0,518,850
9494,856,0,564,1420
9495,665,0,732,1397
9496,397,0,28,425
9497,638,0,350,988
9498,826,0,709,1535
9499,828,0,763,1591
9500,357,0,644,1001
9501,686,0,315,1001
9502,724,0,256,980
9503,580,0,47,627
9504,55,0,307,362
9505,732,0,837,1569
9506,423,0,69,492
9507,342,0,226,568
9508,121,0,670,791
9509,629,0,37,666
9510,88,0,33,121
9511,994,0,650,1644
9512,249,0,220,469
9513,839,0,68,907
9514,867,0,852,1719
9515,782,0,274,1056
9516,838,0,551,1389
9517,826,0,790,1616
9518,220,0,275,495
9519,82,0,578,660
9520,580,0,710,1290
9521,341,0,213,554
9522,759,0,474,1233
9523,150,0,136,286
9524,101,0,849,950
9525,579,0,900,1479
9526,326,0,213,539
9527,442,0,813,1255
9528,622,0,351,973
9529,524,0,711,1235
9530,344,0,233,577
9531,657,0,324,981
9532,771,0,119,890
9533,479,0,635,1114
9534,730,0,553,1283
9535,476,0,437,913
9536,372,0,449,821
9537,500,0,777,1277
9538,55,0,466,521
9539,263,0,705,968
9540,809,0,159,968
9541,793,0,727,1520
9542,752,0,2,754
9543,779,0,102,881
9544,196,0,480,676
9545,609,0,969,1578
9546,272,0,781,1053
9547,622,0,139,761
9548,559,0,215,774
9549,572,0,4,576
9550,342,0,732,1074
9551,619,0,125,744
9552,578,0,406,984
9553,239,0,713,952
9554,742,0,952,1694
9555,636,0,769,1405
9556,482,0,982,1464
9557,996,0,925,1921
9558,204,0,31,235
9559,66,0,881,947
9560,363,0,566,929
9561,133,0,487,620
9562,481,0,448,929
9563,136,0,156,292
9564,895,0,644,1539
9565,744,0,550,1294
9566,435,0,2,437
9567,357,0,834,1191
9568,79,0,822,901
9569,967,0,523,1490
9570,161,0,83,244
9571,661,0,250,911
9572,401,0,124,525
9573,568,0,932,1500
9574,305,0,837,1142
9575,379,0,644,1023
9576,220,0,234,454
9577,528,0,269,797
9578,600,0,501,1101
9579,813,0,494,1307
9580,260,0,117,377
9581,642,0,795,1437
9582,239,0,490,729
9583,167,0,747,914
9584,705,0,40,745
9585,721,0,365,1086
9586,283,0,55,338
9587,379,0,804,1183
9588,68,0,418,486
9589,978,0,931,1909
9590,710,0,844,1554
9591,465,0,234,699
9592,981,0,126,1107
9593,663,0,957,1620
9594,840,0,948,1788
9595,512,0,584,1096
9596,467,0,171,638
9597,938,0,96,1034
9598,464,0,38,502
9599,60,0,753,813
9600,652,0,265,917
9601,234,0,877,1111
9602,421,0,435,856
9603,567,0,9,576
9604,469,0,441,910
9605,942,0,717,1659
9606,96,0,415,511
9607,486,0,249,735
9608,827,0,145,972
9609,417,0,715,1132
9610,418,0,950,1368
9611,458,0,868,1326
9612,520,0,205,725
9613,624,0,712,1336
9614,327,0,688,1015
9615,387,0,570,957
9616,358,0,246,604
9617,183,0,318,501
9618,857,0,62,919
9619,994,0,978,1972
9620,806,0,91,897
9621,616,0,726,1342
9622,987,0,62,1049
9623,494,0,844,1338
9624,405,0,263,668
9625,800,0,669,1469
9626,682,0,965,1647
9627,478,0,906,1384
9628,632,0,813,1445
9629,806,0,255,1061
9630,534,0,237,771
9631,792,0,650,1442
9632,838,0,64,902
9633,162,0,322,484
9634,717,0,74,791
9635,286,0,596,882
9636,706,0,807,1513
9637,490,0,680,1170
9638,124,0,155,279
9639,10,0,647,657
9640,517,0,292,809
9641,123,0,54,177
9642,130,0,409,539
9643,360,0,870,1230
9644,134,0,33,167
9645,576,0,894,1470
9646,884,0,520,1404
9647,629,0,354,983
9648,218,0,857,1075
9649,948,0,258,1206
9650,50,0,457,507
9651,993,0,412,1405
9652,561,0,418,979
9653,343,0,661,1004
9654,246,0,775,1021
9655,693,0,326,1019
9656,85,0,181,266
9657,364,0,967,1331
9658,405,0,480,885
9659,214,0,280,494
9660,669,0,469,1138
9661,597,0,737,1334
9662,89,0,278,367
9663,147,0,625,772
9664,676,0,396,1072
9665,174,0,659,833
9666,295,0,10,305
9667,849,0,365,1214
9668,235,0,871,1106
9669,423,0,592,1015
9670,584,0,165,749
9671,208,0,733,941
9672,861,0,466,1327
9673,414,0,609,1023
9674,165,0,322,487
9675,519,0,141,660
9676,973,0,392,1365
9677,951,0,656,1607
9678,593,0,919,1512
9679,140,0,241,381
9680,561,0,24,585
9681,56,0,181,237
9682,442,0,448,890
9683,673,0,989,1662
9684,936,0,910,1846
9685,364,0,752,1116
9686,739,0,983,1722
9687,369,0,144,513
9688,896,0,498,1394
9689,185,0,899,1084
9690,618,0,968,1586
9691,684,0,749,1433
9692,444,0,334,778
9693,210,0,810,1020
9694,340,0,337,677
9695,407,0,216,623
9696,978,0,20,998
9697,330,0,625,955
9698,693,0,516,1209
9699,245,0,899,1144
9700,999,0,387,1386
9701,148,0,539,687
9702,976,0,655,1631
9703,575,0,244,819
9704,405,0,362,767
9705,537,0,644,1181
9706,468,0,967,1435
9707,349,0,246,595
9708,401,0,291,692
9709,145,0,26,171
9710,569,0,313,882
9711,323,0,946,1269
9712,238,0,624,862
9713,723,0,365,1088
9714,609,0,411,1020
9715,748,0,157,905
9716,380,0,935,1315
9717,592,0,870,1462
9718,670,0,777,1447
9719,558,0,736,1294
9720,433,0,909,1342
9721,441,0,779,1220
9722,504,0,91,595
9723,567,0,863,1430
9724,205,0,404,609
9725,557,0,560,1117
9726,665,0,748,1413
9727,915,0,512,1427
9728,814,0,539,1353
9729,814,0,851,1665
9730,67,0,286,353
9731,698,0,894,1592
9732,755,0,48,803
9733,19,0,790,809
9734,150,0,833,983
9735,414,0,545,959
9736,370,0,342,712
9737,70,0,957,1027
9738,656,0,778,1434
9739,644,0,811,1455
9740,664,0,711,1375
9741,88,0,87,175
9742,495,0,894,1389
9743,528,0,938,1466
9744,263,0,390,653
9745,62,0,627,689
9746,940,0,153,1093
9747,646,0,233,879
9748,820,0,377,1197
9749,788,0,151,939
9750,146,0,407,553
9751,546,0,512,1058
9752,32,0,898,930
9753,344,0,374,718
9754,158,0,682,840
9755,346,0,801,1147
9756,871,0,410,1281
9757,119,0,197,316
9758,341,0,762,1103
9759,842,0,714,1556
9760,538,0,323,861
9761,300,0,661,961
9762,69,0,331,400
9763,786,0,732,1518
9764,487,0,956,1443
9765,527,0,90,617
9766,911,0,843,1754
9767,563,0,66,629
9768,671,0,81,752
9769,936,0,387,1323
9770,859,0,776,1635
9771,14,0,3,17
9772,362,0,776,1138
9773,781,0,753,1534
9774,145,0,460,605
9775,357,0,410,767
9776,333,0,813,1146
9777,987,0,426,1413
9778,907,0,938,1845
9779,625,0,384,1009
9780,664,0,616,1280
9781,861,0,291,1152
9782,358,0,667,1025
9783,707,0,197,904
9784,978,0,997,1975
9785,220,0,122,342
9786,641,0,465,1106
9787,128,0,773,901
9788,616,0,352,968
9789,792,0,414,1206
9790,865,0,19,884
9791,421,0,920,1341
9792,553,0,965,1518
9793,952,0,834,1786
9794,262,0,161,423
9795,22,0,692,714
9796,143,0,623,766
9797,451,0,128,579
9798,799,0,188,987
9799,960,0,677,1637
9800,711,0,417,1128
9801,937,0,695,1632
9802,12,0,492,504
9803,544,0,468,1012
9804,501,0,707,1208
9805,194,0,550,744
9806,582,0,328,910
9807,739,0,162,901
9808,223,0,505,728
9809,825,0,396,1221
9810,260,0,379,639
9811,916,0,341,1257
9812,718,0,722,1440
9813,617,0,649,1266
9814,28,0,149,177
9815,67,0,794,861
9816,210,0,862,1072
9817,121,0,514,635
9818,747,0,266,1013
9819,702,0,998,1700
9820,64,0,465,529
9821,118,0,433,551
9822,78,0,329,407
9823,609,0,480,1089
9824,872,0,258,1130
9825,673,0,983,1656
9826,380,0,765,1145
9827,773,0,85,858
9828,887,0,893,1780
9829,435,0,477,912
9830,289,0,194,483
9831,279,0,784,1063
9832,661,0,514,1175
9833,962,0,930,1892
9834,761,0,18,779
9835,724,0,325,1049
9836,611,0,97,708
9837,627,0,136,763
9838,743,0,636,1379
9839,226,0,545,771
9840,793,0,548,1341
9841,369,0,999,1368
9842,260,0,768,1028
9843,598,0,160,758
9844,174,0,169,343
9845,618,0,412,1030
9846,662,0,312,974
9847,148,0,2,150
9848,626,0,976,1602
9849,853,0,809,1662
9850,382,0,889,1271
9851,916,0,259,1175
9852,739,0,476,1215
9853,780,0,254,1034
9854,770,0,800,1570
9855,608,0,571,1179
9856,816,0,224,1040
9857,321,0,301,622
9858,983,0,270,1253
9859,458,0,792,1250
9860,655,0,430,1085
9861,105,0,831,936
9862,24,0,104,128
9863,191,0,72,263
9864,193,0,439,632
9865,744,0,660,1404
9866,195,0,640,835
9867,530,0,691,1221
9868,129,0,989,1118
9869,241,0,417,658
9870,520,0,332,852
9871,259,0,49,308
9872,443,0,600,1043
9873,231,0,482,713
9874,838,0,853,1691
9875,992,0,912,1904
9876,36,0,329,365
9877,591,0,975,1566
9878,276,0,790,1066
9879,459,0,843,1302
9880,884,0,557,1441
9881,612,0,603,1215
9882,956,0,290,1246
9883,37,0,679,716
9884,724,0,460,1184
9885,645,0,850,1495
9886,996,0,334,1330
9887,576,0,374,950
9888,30,0,684,714
9889,518,0,264,782
9890,923,0,734,1657
9891,982,0,865,1847
9892,120,0,731,851
9893,37,0,635,672
9894,90,0,657,747
9895,488,0,703,1191
9896,773,0,976,1749
9897,101,0,295,396
9898,641,0,141,782
9899,823,0,647,1470
9900,948,0,772,1720
9901,207,0,577,784
9902,434,0,747,1181
9903,538,0,424,962
9904,121,0,273,394
9905,860,0,306,1166
9906,290,0,569,859
9907,833,0,643,1476
9908,77,0,517,594
9909,733,0,710,1443
9910,201,0,900,1101
9911,913,0,192,1105
9912,726,0,419,1145
9913,119,0,74,193
9914,902,0,448,1350
9915,181,0,685,866
9916,977,0,525,1502
9917,413,0,890,1303
9918,300,0,835,1135
9919,833,0,325,1158
9920,648,0,862,1510
9921,680,0,881,1561
9922,768,0,306,1074
9923,95,0,311,406
9924,731,0,555,1286
9925,315,0,940,1255
9926,276,0,60,336
9927,378,0,892,1270
9928,35,0,706,741
9929,485,0,854,1339
9930,752,0,416,1168
9931,417,0,152,569
9932,40,0,418,458
9933,737,0,3,740
9934,423,0,257,680
9935,45,0,269,314
9936,820,0,563,1383
9937,637,0,815,1452
9938,517,0,289,806
9939,220,0,67,287
9940,583,0,336,919
9941,434,0,544,978
9942,487,0,509,996
9943,138,0,276,414
9944,900,0,636,1536
9945,125,0,566,691
9946,507,0,938,1445
9947,961,0,837,1798
9948,95,0,280,375
9949,930,0,156,1086
9950,998,0,591,1589
9951,88,0,831,919
9952,357,0,418,775
9953,784,0,595,1379
9954,864,0,560,1424
9955,437,0,34,471
9956,360,0,5,365
9957,159,0,524,683
9958,254,0,816,1070
9959,590,0,733,1323
9960,21,0,117,138
9961,682,0,929,1611
9962,311,0,527,838
9963,884,0,559,1443
9964,603,0,129,732
9965,449,0,15,464
9966,655,0,420,1075
9967,475,0,244,719
9968,279,0,18,297
9969,151,0,951,1102
9970,513,0,949,1462
9971,722,0,802,1524
9972,150,0,5,155
9973,562,0,624,1186
9974,206,0,901,1107
9975,820,0,49,869
9976,325,0,243,568
9977,216,0,758,974
9978,913,0,297,1210
9979,694,0,598,1292
9980,89,0,582,671
9981,104,0,824,928
9982,830,0,748,1578
9983,60,0,313,373
9984,890,0,410,1300
9985,374,0,743,1117
9986,233,0,33,266
9987,65,0,155,220
9988,903,0,540,1443
9989,350,0,695,1045
9990,126,0,819,945
9991,744,0,203,947
9992,161,0,688,849
9993,960,0,394,1354
9994,582,0,721,1303
9995,177,0,796,973
9996,788,0,807,1595
9997,715,0,160,875
9998,159,0,683,842
9999,818,0,853,1671
