id,number_1,number_2,operator,solution
0,184,793,0,977
1,755,949,0,1704
2,991,734,0,1725
3,735,301,0,1036
4,145,845,0,990
5,840,997,0,1837
6,43,666,0,709
7,463,139,0,602
8,604,400,0,1004
9,740,261,0,1001
10,5,696,0,701
11,402,85,0,487
12,101,988,0,1089
13,916,783,0,1699
14,701,212,0,913
15,542,859,0,1401
16,154,603,0,757
17,934,872,0,1806
18,938,318,0,1256
19,364,688,0,1052
20,731,831,0,1562
21,756,205,0,961
22,811,13,0,824
23,481,842,0,1323
24,615,682,0,1297
25,279,958,0,1237
26,57,975,0,1032
27,658,238,0,896
28,700,617,0,1317
29,408,719,0,1127
30,480,190,0,670
31,798,743,0,1541
32,121,314,0,435
33,379,229,0,608
34,733,619,0,1352
35,391,168,0,559
36,298,723,0,1021
37,757,989,0,1746
38,177,483,0,660
39,783,80,0,863
40,359,432,0,791
41,18,521,0,539
42,314,992,0,1306
43,762,145,0,907
44,358,470,0,828
45,738,272,0,1010
46,317,299,0,616
47,887,167,0,1054
48,472,917,0,1389
49,435,185,0,620
50,315,6,0,321
51,807,696,0,1503
52,740,598,0,1338
53,484,978,0,1462
54,229,516,0,745
55,139,383,0,522
56,132,637,0,769
57,881,182,0,1063
58,11,476,0,487
59,841,524,0,1365
60,80,850,0,930
61,934,639,0,1573
62,549,320,0,869
63,431,841,0,1272
64,568,705,0,1273
65,567,411,0,978
66,659,980,0,1639
67,230,344,0,574
68,630,304,0,934
69,866,740,0,1606
70,850,928,0,1778
71,53,838,0,891
72,279,771,0,1050
73,474,549,0,1023
74,84,760,0,844
75,948,651,0,1599
76,833,688,0,1521
77,476,963,0,1439
78,56,938,0,994
79,398,770,0,1168
80,957,967,0,1924
81,210,651,0,861
82,634,307,0,941
83,567,270,0,837
84,774,261,0,1035
85,660,358,0,1018
86,609,5,0,614
87,814,803,0,1617
88,599,385,0,984
89,534,396,0,930
90,647,815,0,1462
91,139,407,0,546
92,984,847,0,1831
93,1,193,0,194
94,298,885,0,1183
95,686,294,0,980
96,61,356,0,417
97,939,475,0,1414
98,554,3,0,557
99,592,534,0,1126
100,467,958,0,1425
101,481,314,0,795
102,284,156,0,440
103,314,655,0,969
104,591,750,0,1341
105,306,250,0,556
106,999,107,0,1106
107,560,242,0,802
108,709,9,0,718
109,149,81,0,230
110,721,808,0,1529
111,187,893,0,1080
112,726,824,0,1550
113,632,434,0,1066
114,387,71,0,458
115,911,630,0,1541
116,514,664,0,1178
117,631,368,0,999
118,537,300,0,837
119,119,568,0,687
120,464,851,0,1315
121,862,437,0,1299
122,595,432,0,1027
123,597,924,0,1521
124,890,448,0,1338
125,820,681,0,1501
126,100,842,0,942
127,125,11,0,136
128,999,974,0,1973
129,981,919,0,1900
130,156,573,0,729
131,259,15,0,274
132,781,74,0,855
133,360,644,0,1004
134,249,543,0,792
135,212,999,0,1211
136,702,323,0,1025
137,351,902,0,1253
138,590,594,0,1184
139,325,581,0,906
140,281,349,0,630
141,864,393,0,1257
142,152,972,0,1124
143,146,75,0,221
144,409,396,0,805
145,309,318,0,627
146,840,286,0,1126
147,426,671,0,1097
148,283,603,0,886
149,615,168,0,783
150,313,686,0,999
151,148,131,0,279
152,64,448,0,512
153,188,950,0,1138
154,805,898,0,1703
155,281,964,0,1245
156,901,652,0,1553
157,364,118,0,482
158,261,429,0,690
159,154,491,0,645
160,211,642,0,853
161,167,185,0,352
162,406,714,0,1120
163,91,793,0,884
164,834,380,0,1214
165,562,317,0,879
166,910,254,0,1164
167,44,929,0,973
168,859,27,0,886
169,150,708,0,858
170,76,889,0,965
171,517,391,0,908
172,975,420,0,1395
173,648,589,0,1237
174,551,683,0,1234
175,713,902,0,1615
176,345,875,0,1220
177,407,907,0,1314
178,458,910,0,1368
179,468,385,0,853
180,651,30,0,681
181,464,64,0,528
182,228,774,0,1002
183,621,836,0,1457
184,579,999,0,1578
185,1000,575,0,1575
186,194,643,0,837
187,761,516,0,1277
188,134,445,0,579
189,904,952,0,1856
190,143,468,0,611
191,362,9,0,371
192,71,554,0,625
193,104,681,0,785
194,872,180,0,1052
195,709,663,0,1372
196,44,181,0,225
197,769,569,0,1338
198,416,0,0,416
199,273,63,0,336
200,774,410,0,1184
201,864,932,0,1796
202,578,275,0,853
203,104,466,0,570
204,489,29,0,518
205,638,148,0,786
206,165,942,0,1107
207,601,185,0,786
208,497,616,0,1113
209,563,874,0,1437
210,365,691,0,1056
211,292,658,0,950
212,394,638,0,1032
213,104,501,0,605
214,451,416,0,867
215,895,956,0,1851
216,542,891,0,1433
217,544,655,0,1199
218,95,234,0,329
219,442,426,0,868
220,424,113,0,537
221,759,931,0,1690
222,661,101,0,762
223,193,410,0,603
224,709,693,0,1402
225,217,995,0,1212
226,392,463,0,855
227,157,773,0,930
228,922,589,0,1511
229,190,92,0,282
230,145,578,0,723
231,70,118,0,188
232,179,298,0,477
233,13,888,0,901
234,769,107,0,876
235,384,294,0,678
236,860,483,0,1343
237,834,645,0,1479
238,1000,753,0,1753
239,120,241,0,361
240,452,490,0,942
241,756,655,0,1411
242,538,508,0,1046
243,61,419,0,480
244,614,643,0,1257
245,157,360,0,517
246,556,448,0,1004
247,213,428,0,641
248,492,398,0,890
249,339,520,0,859
250,986,211,0,1197
251,459,931,0,1390
252,425,448,0,873
253,859,226,0,1085
254,195,847,0,1042
255,584,604,0,1188
256,876,716,0,1592
257,141,455,0,596
258,534,374,0,908
259,952,994,0,1946
260,72,996,0,1068
261,847,364,0,1211
262,478,362,0,840
263,920,19,0,939
264,345,411,0,756
265,465,141,0,606
266,362,309,0,671
267,433,152,0,585
268,181,923,0,1104
269,201,673,0,874
270,567,301,0,868
271,67,424,0,491
272,665,817,0,1482
273,349,38,0,387
274,579,870,0,1449
275,483,824,0,1307
276,134,497,0,631
277,300,981,0,1281
278,978,630,0,1608
279,233,941,0,1174
280,743,736,0,1479
281,53,121,0,174
282,217,837,0,1054
283,224,228,0,452
284,731,682,0,1413
285,342,472,0,814
286,648,358,0,1006
287,121,931,0,1052
288,962,546,0,1508
289,356,479,0,835
290,248,908,0,1156
291,123,326,0,449
292,965,185,0,1150
293,938,528,0,1466
294,521,160,0,681
295,73,476,0,549
296,559,837,0,1396
297,9,72,0,81
298,557,394,0,951
299,834,299,0,1133
300,301,573,0,874
301,599,442,0,1041
302,343,427,0,770
303,257,375,0,632
304,50,94,0,144
305,399,568,0,967
306,179,199,0,378
307,880,863,0,1743
308,741,751,0,1492
309,393,820,0,1213
310,336,374,0,710
311,948,358,0,1306
312,292,340,0,632
313,171,591,0,762
314,107,608,0,715
315,267,347,0,614
316,242,559,0,801
317,315,407,0,722
318,164,294,0,458
319,474,903,0,1377
320,214,654,0,868
321,423,681,0,1104
322,454,608,0,1062
323,338,518,0,856
324,614,740,0,1354
325,299,296,0,595
326,542,945,0,1487
327,158,607,0,765
328,464,501,0,965
329,42,774,0,816
330,164,690,0,854
331,820,557,0,1377
332,413,333,0,746
333,359,304,0,663
334,862,184,0,1046
335,463,70,0,533
336,410,200,0,610
337,13,369,0,382
338,595,127,0,722
339,467,441,0,908
340,680,334,0,1014
341,679,92,0,771
342,882,99,0,981
343,566,294,0,860
344,564,455,0,1019
345,174,126,0,300
346,203,193,0,396
347,839,895,0,1734
348,550,542,0,1092
349,989,889,0,1878
350,12,684,0,696
351,790,242,0,1032
352,866,735,0,1601
353,952,728,0,1680
354,14,429,0,443
355,610,911,0,1521
356,631,383,0,1014
357,758,991,0,1749
358,570,89,0,659
359,935,861,0,1796
360,175,10,0,185
361,928,481,0,1409
362,707,528,0,1235
363,897,603,0,1500
364,272,616,0,888
365,806,705,0,1511
366,663,432,0,1095
367,51,101,0,152
368,368,189,0,557
369,145,104,0,249
370,120,232,0,352
371,174,791,0,965
372,364,786,0,1150
373,581,564,0,1145
374,928,226,0,1154
375,686,394,0,1080
376,400,328,0,728
377,43,622,0,665
378,476,358,0,834
379,723,405,0,1128
380,806,805,0,1611
381,996,633,0,1629
382,312,66,0,378
383,471,881,0,1352
384,939,567,0,1506
385,944,53,0,997
386,989,481,0,1470
387,750,931,0,1681
388,77,698,0,775
389,760,279,0,1039
390,99,122,0,221
391,469,581,0,1050
392,983,38,0,1021
393,621,231,0,852
394,988,212,0,1200
395,100,593,0,693
396,546,121,0,667
397,751,113,0,864
398,295,37,0,332
399,838,247,0,1085
400,651,897,0,1548
401,293,81,0,374
402,775,438,0,1213
403,170,824,0,994
404,439,724,0,1163
405,348,395,0,743
406,355,654,0,1009
407,755,194,0,949
408,440,759,0,1199
409,298,155,0,453
410,551,771,0,1322
411,970,334,0,1304
412,725,24,0,749
413,192,903,0,1095
414,846,330,0,1176
415,374,443,0,817
416,174,666,0,840
417,744,593,0,1337
418,618,358,0,976
419,550,486,0,1036
420,307,877,0,1184
421,681,268,0,949
422,561,146,0,707
423,791,600,0,1391
424,659,788,0,1447
425,177,525,0,702
426,254,364,0,618
427,113,820,0,933
428,783,124,0,907
429,322,425,0,747
430,734,603,0,1337
431,526,756,0,1282
432,827,643,0,1470
433,84,396,0,480
434,793,353,0,1146
435,537,542,0,1079
436,51,734,0,785
437,411,195,0,606
438,546,411,0,957
439,624,995,0,1619
440,81,826,0,907
441,279,197,0,476
442,304,123,0,427
443,742,242,0,984
444,297,175,0,472
445,773,610,0,1383
446,640,312,0,952
447,353,161,0,514
448,348,633,0,981
449,392,462,0,854
450,63,37,0,100
451,641,998,0,1639
452,987,426,0,1413
453,626,980,0,1606
454,606,305,0,911
455,983,301,0,1284
456,361,802,0,1163
457,696,484,0,1180
458,64,623,0,687
459,242,952,0,1194
460,154,717,0,871
461,177,499,0,676
462,463,286,0,749
463,296,985,0,1281
464,714,962,0,1676
465,771,916,0,1687
466,933,274,0,1207
467,171,813,0,984
468,261,215,0,476
469,329,457,0,786
470,715,500,0,1215
471,23,854,0,877
472,831,899,0,1730
473,802,856,0,1658
474,778,673,0,1451
475,612,408,0,1020
476,379,699,0,1078
477,77,285,0,362
478,607,404,0,1011
479,947,989,0,1936
480,562,547,0,1109
481,19,296,0,315
482,124,726,0,850
483,398,852,0,1250
484,425,39,0,464
485,989,590,0,1579
486,1000,625,0,1625
487,785,189,0,974
488,243,789,0,1032
489,578,449,0,1027
490,590,606,0,1196
491,307,152,0,459
492,298,931,0,1229
493,965,202,0,1167
494,728,113,0,841
495,862,392,0,1254
496,105,19,0,124
497,499,554,0,1053
498,352,261,0,613
499,206,996,0,1202
500,380,401,0,781
501,954,921,0,1875
502,578,256,0,834
503,282,826,0,1108
504,365,641,0,1006
505,397,845,0,1242
506,121,362,0,483
507,438,730,0,1168
508,108,839,0,947
509,33,542,0,575
510,416,60,0,476
511,897,556,0,1453
512,780,680,0,1460
513,798,902,0,1700
514,601,396,0,997
515,157,364,0,521
516,177,531,0,708
517,544,983,0,1527
518,393,127,0,520
519,880,829,0,1709
520,973,852,0,1825
521,95,490,0,585
522,3,228,0,231
523,796,833,0,1629
524,409,118,0,527
525,52,7,0,59
526,560,213,0,773
527,850,877,0,1727
528,174,570,0,744
529,607,577,0,1184
530,596,5,0,601
531,508,111,0,619
532,254,355,0,609
533,857,202,0,1059
534,61,633,0,694
535,473,501,0,974
536,566,903,0,1469
537,809,207,0,1016
538,771,108,0,879
539,478,194,0,672
540,642,681,0,1323
541,366,399,0,765
542,851,511,0,1362
543,272,677,0,949
544,603,624,0,1227
545,138,307,0,445
546,589,628,0,1217
547,577,539,0,1116
548,278,926,0,1204
549,161,540,0,701
550,473,428,0,901
551,395,48,0,443
552,37,789,0,826
553,19,139,0,158
554,766,112,0,878
555,73,624,0,697
556,470,464,0,934
557,511,509,0,1020
558,135,672,0,807
559,396,695,0,1091
560,350,623,0,973
561,992,505,0,1497
562,962,259,0,1221
563,303,423,0,726
564,818,823,0,1641
565,196,852,0,1048
566,855,691,0,1546
567,843,113,0,956
568,77,190,0,267
569,500,62,0,562
570,341,935,0,1276
571,153,806,0,959
572,911,23,0,934
573,807,213,0,1020
574,339,528,0,867
575,328,711,0,1039
576,218,341,0,559
577,664,136,0,800
578,234,686,0,920
579,219,625,0,844
580,94,149,0,243
581,734,687,0,1421
582,325,30,0,355
583,497,668,0,1165
584,992,702,0,1694
585,180,688,0,868
586,778,340,0,1118
587,801,42,0,843
588,280,832,0,1112
589,372,344,0,716
590,630,792,0,1422
591,943,964,0,1907
592,905,833,0,1738
593,947,973,0,1920
594,763,233,0,996
595,791,825,0,1616
596,143,958,0,1101
597,786,298,0,1084
598,813,351,0,1164
599,356,164,0,520
600,41,66,0,107
601,587,857,0,1444
602,262,372,0,634
603,783,174,0,957
604,295,224,0,519
605,563,549,0,1112
606,366,56,0,422
607,846,568,0,1414
608,444,403,0,847
609,508,287,0,795
610,702,973,0,1675
611,637,911,0,1548
612,100,389,0,489
613,873,634,0,1507
614,537,365,0,902
615,260,286,0,546
616,39,222,0,261
617,674,188,0,862
618,298,477,0,775
619,470,56,0,526
620,422,368,0,790
621,2,362,0,364
622,940,875,0,1815
623,837,699,0,1536
624,800,613,0,1413
625,313,486,0,799
626,566,693,0,1259
627,983,275,0,1258
628,899,193,0,1092
629,180,452,0,632
630,196,898,0,1094
631,657,876,0,1533
632,476,669,0,1145
633,931,796,0,1727
634,210,427,0,637
635,861,366,0,1227
636,833,572,0,1405
637,741,503,0,1244
638,496,239,0,735
639,796,632,0,1428
640,665,887,0,1552
641,288,691,0,979
642,961,938,0,1899
643,978,114,0,1092
644,263,231,0,494
645,400,775,0,1175
646,100,701,0,801
647,305,836,0,1141
648,591,137,0,728
649,306,803,0,1109
650,17,967,0,984
651,691,389,0,1080
652,516,114,0,630
653,502,971,0,1473
654,978,234,0,1212
655,252,284,0,536
656,312,509,0,821
657,373,310,0,683
658,676,846,0,1522
659,414,937,0,1351
660,373,228,0,601
661,870,924,0,1794
662,857,448,0,1305
663,492,536,0,1028
664,501,44,0,545
665,797,97,0,894
666,337,647,0,984
667,873,522,0,1395
668,6,696,0,702
669,578,367,0,945
670,842,662,0,1504
671,543,944,0,1487
672,867,811,0,1678
673,874,1,0,875
674,693,720,0,1413
675,930,363,0,1293
676,672,974,0,1646
677,932,177,0,1109
678,24,909,0,933
679,973,155,0,1128
680,912,768,0,1680
681,537,205,0,742
682,724,259,0,983
683,702,470,0,1172
684,491,130,0,621
685,292,721,0,1013
686,966,323,0,1289
687,661,329,0,990
688,66,604,0,670
689,119,95,0,214
690,918,990,0,1908
691,904,576,0,1480
692,187,878,0,1065
693,965,834,0,1799
694,443,334,0,777
695,815,79,0,894
696,506,242,0,748
697,581,748,0,1329
698,107,138,0,245
699,833,196,0,1029
700,154,370,0,524
701,212,247,0,459
702,126,121,0,247
703,4,346,0,350
704,599,899,0,1498
705,918,375,0,1293
706,297,1000,0,1297
707,595,797,0,1392
708,495,390,0,885
709,943,583,0,1526
710,457,982,0,1439
711,596,368,0,964
712,366,941,0,1307
713,583,109,0,692
714,426,228,0,654
715,440,509,0,949
716,434,192,0,626
717,869,303,0,1172
718,815,252,0,1067
719,753,919,0,1672
720,768,693,0,1461
721,64,275,0,339
722,632,370,0,1002
723,712,736,0,1448
724,142,815,0,957
725,860,747,0,1607
726,606,22,0,628
727,468,309,0,777
728,918,75,0,993
729,618,445,0,1063
730,487,854,0,1341
731,59,261,0,320
732,355,200,0,555
733,518,832,0,1350
734,706,685,0,1391
735,356,360,0,716
736,996,25,0,1021
737,764,508,0,1272
738,175,185,0,360
739,568,131,0,699
740,290,448,0,738
741,811,177,0,988
742,821,888,0,1709
743,390,733,0,1123
744,152,172,0,324
745,521,94,0,615
746,484,598,0,1082
747,536,338,0,874
748,550,848,0,1398
749,936,19,0,955
750,363,6,0,369
751,304,321,0,625
752,505,74,0,579
753,160,535,0,695
754,917,689,0,1606
755,72,158,0,230
756,633,666,0,1299
757,639,692,0,1331
758,520,1000,0,1520
759,39,160,0,199
760,847,531,0,1378
761,924,383,0,1307
762,865,41,0,906
763,841,899,0,1740
764,415,889,0,1304
765,87,774,0,861
766,344,619,0,963
767,757,663,0,1420
768,435,447,0,882
769,2,21,0,23
770,612,329,0,941
771,654,606,0,1260
772,725,322,0,1047
773,288,742,0,1030
774,481,411,0,892
775,163,190,0,353
776,935,605,0,1540
777,302,127,0,429
778,279,998,0,1277
779,29,878,0,907
780,11,5,0,16
781,43,145,0,188
782,518,979,0,1497
783,745,778,0,1523
784,240,890,0,1130
785,48,390,0,438
786,706,918,0,1624
787,346,349,0,695
788,3,59,0,62
789,620,938,0,1558
790,598,584,0,1182
791,503,829,0,1332
792,286,251,0,537
793,580,444,0,1024
794,964,481,0,1445
795,117,850,0,967
796,650,771,0,1421
797,684,325,0,1009
798,223,189,0,412
799,929,909,0,1838
800,617,64,0,681
801,660,718,0,1378
802,437,853,0,1290
803,916,741,0,1657
804,525,786,0,1311
805,292,840,0,1132
806,113,669,0,782
807,289,847,0,1136
808,468,188,0,656
809,814,39,0,853
810,392,645,0,1037
811,151,611,0,762
812,429,656,0,1085
813,222,526,0,748
814,254,544,0,798
815,381,291,0,672
816,344,790,0,1134
817,65,127,0,192
818,313,270,0,583
819,203,340,0,543
820,734,219,0,953
821,675,251,0,926
822,73,521,0,594
823,782,630,0,1412
824,430,776,0,1206
825,475,540,0,1015
826,819,280,0,1099
827,577,222,0,799
828,253,994,0,1247
829,818,341,0,1159
830,355,852,0,1207
831,366,768,0,1134
832,433,612,0,1045
833,340,486,0,826
834,800,209,0,1009
835,189,172,0,361
836,135,943,0,1078
837,855,238,0,1093
838,19,586,0,605
839,33,54,0,87
840,449,848,0,1297
841,332,145,0,477
842,862,676,0,1538
843,16,772,0,788
844,547,448,0,995
845,630,335,0,965
846,895,347,0,1242
847,699,849,0,1548
848,801,347,0,1148
849,422,471,0,893
850,800,613,0,1413
851,372,755,0,1127
852,416,250,0,666
853,647,689,0,1336
854,639,409,0,1048
855,948,233,0,1181
856,123,14,0,137
857,499,707,0,1206
858,313,806,0,1119
859,619,523,0,1142
860,341,732,0,1073
861,34,520,0,554
862,534,682,0,1216
863,832,197,0,1029
864,730,318,0,1048
865,718,177,0,895
866,354,959,0,1313
867,346,628,0,974
868,162,776,0,938
869,915,339,0,1254
870,895,940,0,1835
871,356,955,0,1311
872,163,54,0,217
873,339,830,0,1169
874,69,709,0,778
875,879,359,0,1238
876,14,627,0,641
877,360,548,0,908
878,358,558,0,916
879,368,131,0,499
880,289,178,0,467
881,1,552,0,553
882,333,133,0,466
883,535,312,0,847
884,690,173,0,863
885,923,156,0,1079
886,303,749,0,1052
887,53,80,0,133
888,748,577,0,1325
889,792,401,0,1193
890,243,586,0,829
891,422,475,0,897
892,108,565,0,673
893,205,561,0,766
894,683,373,0,1056
895,792,641,0,1433
896,63,538,0,601
897,557,392,0,949
898,305,434,0,739
899,518,934,0,1452
900,878,647,0,1525
901,762,261,0,1023
902,525,577,0,1102
903,994,506,0,1500
904,326,497,0,823
905,903,514,0,1417
906,294,577,0,871
907,454,661,0,1115
908,368,65,0,433
909,575,397,0,972
910,198,273,0,471
911,6,884,0,890
912,9,566,0,575
913,164,49,0,213
914,643,359,0,1002
915,610,972,0,1582
916,889,586,0,1475
917,366,950,0,1316
918,715,864,0,1579
919,27,116,0,143
920,439,611,0,1050
921,383,593,0,976
922,156,765,0,921
923,146,450,0,596
924,653,355,0,1008
925,722,834,0,1556
926,261,786,0,1047
927,277,520,0,797
928,50,674,0,724
929,393,619,0,1012
930,295,114,0,409
931,980,334,0,1314
932,83,939,0,1022
933,46,286,0,332
934,992,682,0,1674
935,266,639,0,905
936,418,889,0,1307
937,235,49,0,284
938,51,27,0,78
939,692,567,0,1259
940,876,389,0,1265
941,143,140,0,283
942,50,852,0,902
943,270,41,0,311
944,759,311,0,1070
945,53,220,0,273
946,453,597,0,1050
947,529,590,0,1119
948,419,966,0,1385
949,369,18,0,387
950,805,881,0,1686
951,669,794,0,1463
952,533,837,0,1370
953,430,488,0,918
954,947,57,0,1004
955,303,93,0,396
956,361,944,0,1305
957,860,877,0,1737
958,699,527,0,1226
959,69,972,0,1041
960,237,85,0,322
961,509,359,0,868
962,370,693,0,1063
963,969,387,0,1356
964,132,566,0,698
965,41,537,0,578
966,242,227,0,469
967,480,530,0,1010
968,608,350,0,958
969,938,708,0,1646
970,482,665,0,1147
971,322,982,0,1304
972,618,280,0,898
973,537,188,0,725
974,736,294,0,1030
975,376,595,0,971
976,919,367,0,1286
977,264,408,0,672
978,536,457,0,993
979,610,325,0,935
980,741,355,0,1096
981,347,256,0,603
982,229,182,0,411
983,195,631,0,826
984,271,851,0,1122
985,836,389,0,1225
986,456,40,0,496
987,471,209,0,680
988,840,107,0,947
989,20,243,0,263
990,939,825,0,1764
991,964,334,0,1298
992,271,140,0,411
993,626,711,0,1337
994,482,854,0,1336
995,691,763,0,1454
996,866,728,0,1594
997,273,254,0,527
998,70,653,0,723
999,435,631,0,1066
1000,866,22,0,888
1001,959,437,0,1396
1002,158,288,0,446
1003,693,140,0,833
1004,336,168,0,504
1005,187,888,0,1075
1006,453,305,0,758
1007,811,204,0,1015
1008,425,649,0,1074
1009,899,787,0,1686
1010,310,469,0,779
1011,44,769,0,813
1012,646,901,0,1547
1013,356,142,0,498
1014,63,723,0,786
1015,822,440,0,1262
1016,733,516,0,1249
1017,614,675,0,1289
1018,761,355,0,1116
1019,514,727,0,1241
1020,956,1000,0,1956
1021,409,965,0,1374
1022,141,405,0,546
1023,42,160,0,202
1024,291,70,0,361
1025,317,768,0,1085
1026,274,563,0,837
1027,165,927,0,1092
1028,855,740,0,1595
1029,983,702,0,1685
1030,508,459,0,967
1031,735,148,0,883
1032,716,55,0,771
1033,239,598,0,837
1034,190,589,0,779
1035,519,471,0,990
1036,975,187,0,1162
1037,577,55,0,632
1038,603,411,0,1014
1039,463,948,0,1411
1040,901,613,0,1514
1041,714,363,0,1077
1042,819,446,0,1265
1043,797,461,0,1258
1044,614,254,0,868
1045,286,968,0,1254
1046,283,845,0,1128
1047,661,715,0,1376
1048,498,184,0,682
1049,674,456,0,1130
1050,265,19,0,284
1051,492,893,0,1385
1052,547,763,0,1310
1053,600,592,0,1192
1054,669,853,0,1522
1055,797,657,0,1454
1056,841,772,0,1613
1057,700,258,0,958
1058,511,744,0,1255
1059,464,446,0,910
1060,851,842,0,1693
1061,403,540,0,943
1062,323,179,0,502
1063,907,970,0,1877
1064,555,797,0,1352
1065,121,133,0,254
1066,204,329,0,533
1067,115,175,0,290
1068,522,261,0,783
1069,553,939,0,1492
1070,868,144,0,1012
1071,28,871,0,899
1072,654,982,0,1636
1073,659,685,0,1344
1074,230,461,0,691
1075,255,738,0,993
1076,567,820,0,1387
1077,580,228,0,808
1078,897,76,0,973
1079,368,700,0,1068
1080,858,826,0,1684
1081,820,433,0,1253
1082,717,101,0,818
1083,106,194,0,300
1084,985,661,0,1646
1085,879,602,0,1481
1086,171,341,0,512
1087,76,995,0,1071
1088,938,90,0,1028
1089,407,444,0,851
1090,965,373,0,1338
1091,849,529,0,1378
1092,499,78,0,577
1093,480,104,0,584
1094,754,879,0,1633
1095,497,197,0,694
1096,636,334,0,970
1097,366,552,0,918
1098,102,625,0,727
1099,546,862,0,1408
1100,858,778,0,1636
1101,863,551,0,1414
1102,600,796,0,1396
1103,18,218,0,236
1104,4,315,0,319
1105,722,683,0,1405
1106,172,998,0,1170
1107,714,955,0,1669
1108,743,184,0,927
1109,32,659,0,691
1110,358,209,0,567
1111,321,654,0,975
1112,874,706,0,1580
1113,917,116,0,1033
1114,695,871,0,1566
1115,234,926,0,1160
1116,966,841,0,1807
1117,460,73,0,533
1118,229,369,0,598
1119,422,244,0,666
1120,571,510,0,1081
1121,790,563,0,1353
1122,950,747,0,1697
1123,207,749,0,956
1124,192,172,0,364
1125,963,151,0,1114
1126,816,688,0,1504
1127,481,561,0,1042
1128,968,706,0,1674
1129,578,182,0,760
1130,81,173,0,254
1131,528,372,0,900
1132,859,50,0,909
1133,72,787,0,859
1134,339,889,0,1228
1135,480,563,0,1043
1136,8,265,0,273
1137,971,349,0,1320
1138,223,434,0,657
1139,405,203,0,608
1140,390,872,0,1262
1141,951,720,0,1671
1142,948,562,0,1510
1143,276,706,0,982
1144,778,32,0,810
1145,478,80,0,558
1146,368,194,0,562
1147,384,79,0,463
1148,1,406,0,407
1149,792,62,0,854
1150,385,578,0,963
1151,35,935,0,970
1152,436,884,0,1320
1153,546,768,0,1314
1154,624,309,0,933
1155,567,564,0,1131
1156,338,392,0,730
1157,923,152,0,1075
1158,855,82,0,937
1159,423,801,0,1224
1160,537,811,0,1348
1161,390,995,0,1385
1162,361,750,0,1111
1163,329,455,0,784
1164,584,47,0,631
1165,54,843,0,897
1166,310,783,0,1093
1167,480,499,0,979
1168,873,936,0,1809
1169,24,802,0,826
1170,460,413,0,873
1171,667,256,0,923
1172,439,251,0,690
1173,935,794,0,1729
1174,799,400,0,1199
1175,24,753,0,777
1176,315,134,0,449
1177,627,411,0,1038
1178,266,970,0,1236
1179,809,451,0,1260
1180,792,856,0,1648
1181,855,792,0,1647
1182,146,123,0,269
1183,404,588,0,992
1184,262,769,0,1031
1185,759,541,0,1300
1186,317,857,0,1174
1187,36,107,0,143
1188,382,782,0,1164
1189,171,152,0,323
1190,953,705,0,1658
1191,287,521,0,808
1192,447,481,0,928
1193,358,561,0,919
1194,676,702,0,1378
1195,15,576,0,591
1196,486,237,0,723
1197,47,246,0,293
1198,610,497,0,1107
1199,67,986,0,1053
1200,509,661,0,1170
1201,610,122,0,732
1202,362,207,0,569
1203,269,431,0,700
1204,441,73,0,514
1205,114,314,0,428
1206,951,606,0,1557
1207,184,102,0,286
1208,131,116,0,247
1209,873,559,0,1432
1210,789,348,0,1137
1211,980,706,0,1686
1212,411,524,0,935
1213,661,682,0,1343
1214,241,797,0,1038
1215,409,280,0,689
1216,810,436,0,1246
1217,715,725,0,1440
1218,440,726,0,1166
1219,631,536,0,1167
1220,871,909,0,1780
1221,206,570,0,776
1222,276,82,0,358
1223,938,114,0,1052
1224,664,245,0,909
1225,314,15,0,329
1226,823,907,0,1730
1227,404,476,0,880
1228,69,876,0,945
1229,39,773,0,812
1230,38,74,0,112
1231,517,414,0,931
1232,938,894,0,1832
1233,799,668,0,1467
1234,516,290,0,806
1235,777,287,0,1064
1236,850,96,0,946
1237,151,490,0,641
1238,151,6,0,157
1239,535,487,0,1022
1240,770,264,0,1034
1241,579,23,0,602
1242,165,296,0,461
1243,132,856,0,988
1244,249,952,0,1201
1245,850,658,0,1508
1246,286,149,0,435
1247,237,562,0,799
1248,957,436,0,1393
1249,857,100,0,957
1250,706,823,0,1529
1251,961,334,0,1295
1252,102,993,0,1095
1253,226,866,0,1092
1254,916,102,0,1018
1255,767,470,0,1237
1256,504,261,0,765
1257,714,52,0,766
1258,953,57,0,1010
1259,306,113,0,419
1260,325,993,0,1318
1261,682,34,0,716
1262,622,192,0,814
1263,700,324,0,1024
1264,456,547,0,1003
1265,227,664,0,891
1266,888,561,0,1449
1267,772,344,0,1116
1268,241,421,0,662
1269,392,216,0,608
1270,629,672,0,1301
1271,34,510,0,544
1272,107,521,0,628
1273,139,104,0,243
1274,941,305,0,1246
1275,974,639,0,1613
1276,999,151,0,1150
1277,398,462,0,860
1278,908,194,0,1102
1279,61,496,0,557
1280,325,544,0,869
1281,345,563,0,908
1282,504,760,0,1264
1283,489,596,0,1085
1284,751,13,0,764
1285,309,881,0,1190
1286,541,466,0,1007
1287,978,390,0,1368
1288,60,822,0,882
1289,700,912,0,1612
1290,891,283,0,1174
1291,700,248,0,948
1292,109,801,0,910
1293,272,654,0,926
1294,516,143,0,659
1295,660,716,0,1376
1296,748,666,0,1414
1297,690,975,0,1665
1298,205,204,0,409
1299,593,130,0,723
1300,792,128,0,920
1301,598,376,0,974
1302,805,841,0,1646
1303,334,384,0,718
1304,91,553,0,644
1305,590,583,0,1173
1306,313,684,0,997
1307,421,884,0,1305
1308,14,61,0,75
1309,352,946,0,1298
1310,224,227,0,451
1311,301,826,0,1127
1312,41,867,0,908
1313,734,348,0,1082
1314,940,566,0,1506
1315,11,31,0,42
1316,672,27,0,699
1317,96,321,0,417
1318,917,454,0,1371
1319,699,192,0,891
1320,430,638,0,1068
1321,384,331,0,715
1322,886,952,0,1838
1323,446,873,0,1319
1324,52,791,0,843
1325,686,295,0,981
1326,229,770,0,999
1327,711,438,0,1149
1328,960,154,0,1114
1329,799,477,0,1276
1330,383,310,0,693
1331,703,729,0,1432
1332,470,905,0,1375
1333,66,430,0,496
1334,49,163,0,212
1335,269,242,0,511
1336,849,438,0,1287
1337,229,125,0,354
1338,278,760,0,1038
1339,42,314,0,356
1340,926,745,0,1671
1341,596,917,0,1513
1342,15,410,0,425
1343,590,154,0,744
1344,812,524,0,1336
1345,951,79,0,1030
1346,70,298,0,368
1347,581,107,0,688
1348,209,473,0,682
1349,189,919,0,1108
1350,140,282,0,422
1351,72,203,0,275
1352,251,87,0,338
1353,138,875,0,1013
1354,248,0,0,248
1355,963,711,0,1674
1356,267,285,0,552
1357,765,496,0,1261
1358,117,29,0,146
1359,370,588,0,958
1360,492,896,0,1388
1361,43,999,0,1042
1362,994,394,0,1388
1363,578,37,0,615
1364,979,199,0,1178
1365,118,467,0,585
1366,29,601,0,630
1367,818,830,0,1648
1368,559,22,0,581
1369,499,233,0,732
1370,379,885,0,1264
1371,4,138,0,142
1372,379,492,0,871
1373,770,840,0,1610
1374,1,80,0,81
1375,690,385,0,1075
1376,373,672,0,1045
1377,531,619,0,1150
1378,774,185,0,959
1379,29,166,0,195
1380,678,764,0,1442
1381,107,492,0,599
1382,832,510,0,1342
1383,533,151,0,684
1384,181,697,0,878
1385,925,221,0,1146
1386,97,498,0,595
1387,931,734,0,1665
1388,608,780,0,1388
1389,811,328,0,1139
1390,743,42,0,785
1391,461,751,0,1212
1392,949,225,0,1174
1393,384,298,0,682
1394,865,451,0,1316
1395,556,273,0,829
1396,45,153,0,198
1397,225,706,0,931
1398,782,280,0,1062
1399,588,864,0,1452
1400,534,74,0,608
1401,29,556,0,585
1402,571,782,0,1353
1403,997,20,0,1017
1404,381,153,0,534
1405,257,187,0,444
1406,515,312,0,827
1407,960,897,0,1857
1408,907,306,0,1213
1409,10,645,0,655
1410,185,287,0,472
1411,411,955,0,1366
1412,689,561,0,1250
1413,62,332,0,394
1414,1,75,0,76
1415,31,814,0,845
1416,648,816,0,1464
1417,116,25,0,141
1418,799,680,0,1479
1419,707,30,0,737
1420,77,497,0,574
1421,821,332,0,1153
1422,986,784,0,1770
1423,208,109,0,317
1424,605,544,0,1149
1425,434,562,0,996
1426,531,142,0,673
1427,669,381,0,1050
1428,511,594,0,1105
1429,417,210,0,627
1430,177,21,0,198
1431,676,365,0,1041
1432,550,493,0,1043
1433,816,790,0,1606
1434,789,991,0,1780
1435,993,178,0,1171
1436,503,656,0,1159
1437,624,173,0,797
1438,888,48,0,936
1439,654,635,0,1289
1440,113,66,0,179
1441,491,95,0,586
1442,898,828,0,1726
1443,899,879,0,1778
1444,95,866,0,961
1445,313,632,0,945
1446,993,514,0,1507
1447,752,917,0,1669
1448,560,25,0,585
1449,551,70,0,621
1450,924,385,0,1309
1451,353,362,0,715
1452,839,457,0,1296
1453,986,978,0,1964
1454,10,946,0,956
1455,964,184,0,1148
1456,176,424,0,600
1457,153,514,0,667
1458,594,254,0,848
1459,817,297,0,1114
1460,769,332,0,1101
1461,962,996,0,1958
1462,550,35,0,585
1463,785,95,0,880
1464,971,872,0,1843
1465,871,387,0,1258
1466,449,284,0,733
1467,778,180,0,958
1468,981,204,0,1185
1469,437,28,0,465
1470,1,2,0,3
1471,857,44,0,901
1472,525,472,0,997
1473,638,635,0,1273
1474,933,646,0,1579
1475,437,436,0,873
1476,544,239,0,783
1477,333,275,0,608
1478,472,717,0,1189
1479,210,416,0,626
1480,726,194,0,920
1481,163,733,0,896
1482,368,542,0,910
1483,418,42,0,460
1484,746,262,0,1008
1485,373,696,0,1069
1486,664,484,0,1148
1487,130,532,0,662
1488,592,745,0,1337
1489,891,928,0,1819
1490,111,551,0,662
1491,552,835,0,1387
1492,915,762,0,1677
1493,953,739,0,1692
1494,183,548,0,731
1495,709,547,0,1256
1496,166,201,0,367
1497,589,113,0,702
1498,352,662,0,1014
1499,248,890,0,1138
1500,829,228,0,1057
1501,904,360,0,1264
1502,105,233,0,338
1503,226,341,0,567
1504,88,548,0,636
1505,431,192,0,623
1506,129,815,0,944
1507,46,675,0,721
1508,767,111,0,878
1509,931,427,0,1358
1510,807,814,0,1621
1511,259,632,0,891
1512,30,507,0,537
1513,36,213,0,249
1514,594,781,0,1375
1515,357,416,0,773
1516,133,633,0,766
1517,734,324,0,1058
1518,807,191,0,998
1519,832,335,0,1167
1520,580,21,0,601
1521,485,883,0,1368
1522,318,463,0,781
1523,285,879,0,1164
1524,985,393,0,1378
1525,947,442,0,1389
1526,1,511,0,512
1527,503,578,0,1081
1528,641,943,0,1584
1529,598,279,0,877
1530,463,786,0,1249
1531,252,816,0,1068
1532,684,54,0,738
1533,724,414,0,1138
1534,94,78,0,172
1535,330,287,0,617
1536,10,241,0,251
1537,678,719,0,1397
1538,595,925,0,1520
1539,920,265,0,1185
1540,542,749,0,1291
1541,774,640,0,1414
1542,22,246,0,268
1543,736,737,0,1473
1544,642,326,0,968
1545,9,285,0,294
1546,210,441,0,651
1547,319,909,0,1228
1548,317,54,0,371
1549,738,811,0,1549
1550,920,719,0,1639
1551,992,710,0,1702
1552,508,494,0,1002
1553,341,303,0,644
1554,736,502,0,1238
1555,329,499,0,828
1556,175,370,0,545
1557,367,673,0,1040
1558,111,717,0,828
1559,298,69,0,367
1560,26,305,0,331
1561,229,437,0,666
1562,910,714,0,1624
1563,257,695,0,952
1564,370,405,0,775
1565,651,287,0,938
1566,20,461,0,481
1567,258,464,0,722
1568,733,523,0,1256
1569,630,13,0,643
1570,490,331,0,821
1571,713,753,0,1466
1572,779,204,0,983
1573,811,223,0,1034
1574,403,884,0,1287
1575,884,913,0,1797
1576,708,477,0,1185
1577,192,336,0,528
1578,491,732,0,1223
1579,961,354,0,1315
1580,569,894,0,1463
1581,362,953,0,1315
1582,238,927,0,1165
1583,166,885,0,1051
1584,965,253,0,1218
1585,241,221,0,462
1586,440,371,0,811
1587,618,527,0,1145
1588,763,117,0,880
1589,857,328,0,1185
1590,400,494,0,894
1591,929,693,0,1622
1592,108,140,0,248
1593,309,579,0,888
1594,321,35,0,356
1595,791,649,0,1440
1596,436,454,0,890
1597,390,559,0,949
1598,508,28,0,536
1599,24,254,0,278
1600,942,316,0,1258
1601,44,254,0,298
1602,106,648,0,754
1603,352,899,0,1251
1604,207,676,0,883
1605,537,148,0,685
1606,538,480,0,1018
1607,370,148,0,518
1608,415,24,0,439
1609,513,601,0,1114
1610,677,429,0,1106
1611,474,709,0,1183
1612,447,148,0,595
1613,435,556,0,991
1614,151,670,0,821
1615,314,168,0,482
1616,684,385,0,1069
1617,921,32,0,953
1618,337,539,0,876
1619,576,273,0,849
1620,338,375,0,713
1621,853,850,0,1703
1622,958,194,0,1152
1623,231,214,0,445
1624,677,94,0,771
1625,459,660,0,1119
1626,725,219,0,944
1627,859,763,0,1622
1628,363,456,0,819
1629,542,290,0,832
1630,632,909,0,1541
1631,291,903,0,1194
1632,28,412,0,440
1633,230,140,0,370
1634,118,598,0,716
1635,599,980,0,1579
1636,767,658,0,1425
1637,904,897,0,1801
1638,673,955,0,1628
1639,672,138,0,810
1640,238,603,0,841
1641,35,924,0,959
1642,216,40,0,256
1643,525,271,0,796
1644,7,128,0,135
1645,986,315,0,1301
1646,65,577,0,642
1647,324,266,0,590
1648,575,875,0,1450
1649,528,513,0,1041
1650,326,958,0,1284
1651,950,208,0,1158
1652,485,492,0,977
1653,74,222,0,296
1654,508,723,0,1231
1655,20,124,0,144
1656,494,70,0,564
1657,330,1,0,331
1658,434,119,0,553
1659,568,989,0,1557
1660,83,975,0,1058
1661,587,849,0,1436
1662,700,773,0,1473
1663,831,590,0,1421
1664,731,910,0,1641
1665,127,555,0,682
1666,596,809,0,1405
1667,906,344,0,1250
1668,164,970,0,1134
1669,556,923,0,1479
1670,975,1,0,976
1671,644,932,0,1576
1672,107,51,0,158
1673,440,761,0,1201
1674,33,16,0,49
1675,594,68,0,662
1676,521,943,0,1464
1677,802,629,0,1431
1678,421,480,0,901
1679,402,209,0,611
1680,129,537,0,666
1681,589,646,0,1235
1682,445,543,0,988
1683,735,670,0,1405
1684,629,53,0,682
1685,901,152,0,1053
1686,216,870,0,1086
1687,985,807,0,1792
1688,59,302,0,361
1689,308,580,0,888
1690,565,706,0,1271
1691,850,533,0,1383
1692,499,310,0,809
1693,976,946,0,1922
1694,501,571,0,1072
1695,500,602,0,1102
1696,108,832,0,940
1697,294,351,0,645
1698,455,585,0,1040
1699,422,653,0,1075
1700,101,704,0,805
1701,605,13,0,618
1702,661,220,0,881
1703,672,151,0,823
1704,93,965,0,1058
1705,94,763,0,857
1706,855,329,0,1184
1707,116,559,0,675
1708,326,539,0,865
1709,322,999,0,1321
1710,852,223,0,1075
1711,835,613,0,1448
1712,891,432,0,1323
1713,692,637,0,1329
1714,990,381,0,1371
1715,500,236,0,736
1716,582,579,0,1161
1717,928,628,0,1556
1718,846,139,0,985
1719,378,249,0,627
1720,307,358,0,665
1721,656,671,0,1327
1722,639,940,0,1579
1723,571,143,0,714
1724,486,604,0,1090
1725,166,889,0,1055
1726,167,527,0,694
1727,238,374,0,612
1728,986,289,0,1275
1729,769,622,0,1391
1730,760,913,0,1673
1731,84,151,0,235
1732,337,503,0,840
1733,776,218,0,994
1734,994,653,0,1647
1735,695,826,0,1521
1736,567,111,0,678
1737,254,160,0,414
1738,132,993,0,1125
1739,799,360,0,1159
1740,657,976,0,1633
1741,478,506,0,984
1742,778,138,0,916
1743,294,323,0,617
1744,838,121,0,959
1745,206,602,0,808
1746,549,313,0,862
1747,510,875,0,1385
1748,769,71,0,840
1749,594,906,0,1500
1750,346,453,0,799
1751,906,293,0,1199
1752,794,159,0,953
1753,128,786,0,914
1754,504,835,0,1339
1755,147,898,0,1045
1756,421,650,0,1071
1757,51,996,0,1047
1758,220,836,0,1056
1759,409,438,0,847
1760,201,937,0,1138
1761,939,516,0,1455
1762,628,455,0,1083
1763,549,521,0,1070
1764,4,169,0,173
1765,879,612,0,1491
1766,220,119,0,339
1767,353,584,0,937
1768,933,208,0,1141
1769,372,162,0,534
1770,933,427,0,1360
1771,801,696,0,1497
1772,96,849,0,945
1773,470,660,0,1130
1774,445,543,0,988
1775,794,703,0,1497
1776,749,929,0,1678
1777,958,261,0,1219
1778,736,62,0,798
1779,241,462,0,703
1780,203,910,0,1113
1781,622,536,0,1158
1782,584,164,0,748
1783,868,373,0,1241
1784,954,872,0,1826
1785,730,255,0,985
1786,436,531,0,967
1787,796,336,0,1132
1788,475,167,0,642
1789,500,969,0,1469
1790,833,627,0,1460
1791,976,417,0,1393
1792,706,363,0,1069
1793,372,832,0,1204
1794,290,158,0,448
1795,402,444,0,846
1796,423,815,0,1238
1797,804,435,0,1239
1798,68,893,0,961
1799,168,270,0,438
1800,421,631,0,1052
1801,388,173,0,561
1802,538,572,0,1110
1803,869,146,0,1015
1804,98,205,0,303
1805,252,565,0,817
1806,934,628,0,1562
1807,947,924,0,1871
1808,879,899,0,1778
1809,953,280,0,1233
1810,367,259,0,626
1811,237,392,0,629
1812,548,900,0,1448
1813,582,763,0,1345
1814,99,177,0,276
1815,220,638,0,858
1816,659,586,0,1245
1817,373,866,0,1239
1818,687,511,0,1198
1819,809,410,0,1219
1820,474,105,0,579
1821,735,887,0,1622
1822,164,540,0,704
1823,822,963,0,1785
1824,99,469,0,568
1825,529,430,0,959
1826,115,601,0,716
1827,460,35,0,495
1828,598,820,0,1418
1829,565,810,0,1375
1830,772,835,0,1607
1831,728,267,0,995
1832,98,927,0,1025
1833,824,794,0,1618
1834,1000,807,0,1807
1835,928,288,0,1216
1836,374,93,0,467
1837,1000,674,0,1674
1838,826,315,0,1141
1839,158,430,0,588
1840,905,946,0,1851
1841,345,915,0,1260
1842,544,842,0,1386
1843,773,756,0,1529
1844,138,936,0,1074
1845,228,962,0,1190
1846,395,271,0,666
1847,7,189,0,196
1848,149,273,0,422
1849,496,453,0,949
1850,380,888,0,1268
1851,94,331,0,425
1852,652,959,0,1611
1853,859,911,0,1770
1854,576,628,0,1204
1855,298,677,0,975
1856,23,966,0,989
1857,656,772,0,1428
1858,581,445,0,1026
1859,958,79,0,1037
1860,55,996,0,1051
1861,820,294,0,1114
1862,588,859,0,1447
1863,665,138,0,803
1864,320,181,0,501
1865,307,601,0,908
1866,792,957,0,1749
1867,154,446,0,600
1868,594,944,0,1538
1869,393,66,0,459
1870,602,443,0,1045
1871,712,607,0,1319
1872,682,341,0,1023
1873,146,295,0,441
1874,616,923,0,1539
1875,349,821,0,1170
1876,638,975,0,1613
1877,550,239,0,789
1878,350,596,0,946
1879,744,97,0,841
1880,940,549,0,1489
1881,786,281,0,1067
1882,107,645,0,752
1883,272,968,0,1240
1884,192,385,0,577
1885,445,989,0,1434
1886,89,814,0,903
1887,225,228,0,453
1888,373,935,0,1308
1889,446,749,0,1195
1890,924,900,0,1824
1891,379,896,0,1275
1892,96,856,0,952
1893,573,0,0,573
1894,433,194,0,627
1895,129,372,0,501
1896,377,950,0,1327
1897,587,502,0,1089
1898,765,470,0,1235
1899,614,766,0,1380
1900,124,422,0,546
1901,200,196,0,396
1902,446,157,0,603
1903,612,446,0,1058
1904,515,868,0,1383
1905,975,721,0,1696
1906,589,655,0,1244
1907,277,534,0,811
1908,486,221,0,707
1909,397,614,0,1011
1910,186,352,0,538
1911,459,924,0,1383
1912,748,155,0,903
1913,480,925,0,1405
1914,384,834,0,1218
1915,234,40,0,274
1916,829,879,0,1708
1917,950,634,0,1584
1918,870,616,0,1486
1919,19,635,0,654
1920,31,51,0,82
1921,893,788,0,1681
1922,968,190,0,1158
1923,293,763,0,1056
1924,613,46,0,659
1925,949,636,0,1585
1926,857,468,0,1325
1927,889,617,0,1506
1928,728,930,0,1658
1929,98,619,0,717
1930,999,69,0,1068
1931,653,330,0,983
1932,557,945,0,1502
1933,70,193,0,263
1934,130,452,0,582
1935,610,537,0,1147
1936,44,146,0,190
1937,674,590,0,1264
1938,817,972,0,1789
1939,478,389,0,867
1940,229,673,0,902
1941,852,477,0,1329
1942,950,425,0,1375
1943,267,435,0,702
1944,145,224,0,369
1945,498,48,0,546
1946,21,534,0,555
1947,516,859,0,1375
1948,840,324,0,1164
1949,647,510,0,1157
1950,230,612,0,842
1951,167,411,0,578
1952,325,384,0,709
1953,407,669,0,1076
1954,73,632,0,705
1955,178,583,0,761
1956,317,384,0,701
1957,373,26,0,399
1958,54,777,0,831
1959,991,551,0,1542
1960,129,175,0,304
1961,867,434,0,1301
1962,419,923,0,1342
1963,669,417,0,1086
1964,330,649,0,979
1965,47,69,0,116
1966,506,759,0,1265
1967,946,132,0,1078
1968,535,14,0,549
1969,634,810,0,1444
1970,175,987,0,1162
1971,937,688,0,1625
1972,657,296,0,953
1973,105,258,0,363
1974,971,78,0,1049
1975,34,886,0,920
1976,514,566,0,1080
1977,211,952,0,1163
1978,66,366,0,432
1979,549,491,0,1040
1980,235,217,0,452
1981,820,110,0,930
1982,684,856,0,1540
1983,665,962,0,1627
1984,65,259,0,324
1985,0,527,0,527
1986,177,157,0,334
1987,557,754,0,1311
1988,219,880,0,1099
1989,27,700,0,727
1990,334,124,0,458
1991,218,559,0,777
1992,723,26,0,749
1993,398,725,0,1123
1994,647,436,0,1083
1995,650,392,0,1042
1996,684,452,0,1136
1997,341,977,0,1318
1998,553,576,0,1129
1999,795,507,0,1302
2000,873,717,0,1590
2001,844,319,0,1163
2002,665,904,0,1569
2003,159,836,0,995
2004,546,299,0,845
2005,514,766,0,1280
2006,535,725,0,1260
2007,966,849,0,1815
2008,376,620,0,996
2009,337,272,0,609
2010,898,444,0,1342
2011,822,246,0,1068
2012,267,110,0,377
2013,379,882,0,1261
2014,152,883,0,1035
2015,937,670,0,1607
2016,182,474,0,656
2017,491,392,0,883
2018,636,647,0,1283
2019,118,642,0,760
2020,674,402,0,1076
2021,596,583,0,1179
2022,951,764,0,1715
2023,928,748,0,1676
2024,73,992,0,1065
2025,773,387,0,1160
2026,580,570,0,1150
2027,769,431,0,1200
2028,250,319,0,569
2029,260,35,0,295
2030,641,479,0,1120
2031,148,685,0,833
2032,659,105,0,764
2033,834,762,0,1596
2034,944,738,0,1682
2035,841,804,0,1645
2036,899,740,0,1639
2037,326,276,0,602
2038,49,361,0,410
2039,431,305,0,736
2040,246,427,0,673
2041,506,977,0,1483
2042,866,744,0,1610
2043,823,460,0,1283
2044,619,767,0,1386
2045,679,930,0,1609
2046,380,542,0,922
2047,258,927,0,1185
2048,490,893,0,1383
2049,283,315,0,598
2050,947,67,0,1014
2051,512,135,0,647
2052,730,618,0,1348
2053,632,164,0,796
2054,108,581,0,689
2055,55,176,0,231
2056,657,681,0,1338
2057,970,257,0,1227
2058,261,494,0,755
2059,671,342,0,1013
2060,682,359,0,1041
2061,713,641,0,1354
2062,609,610,0,1219
2063,774,963,0,1737
2064,719,68,0,787
2065,525,693,0,1218
2066,829,361,0,1190
2067,104,8,0,112
2068,671,52,0,723
2069,263,286,0,549
2070,473,230,0,703
2071,613,147,0,760
2072,416,944,0,1360
2073,411,43,0,454
2074,144,910,0,1054
2075,86,730,0,816
2076,819,113,0,932
2077,984,399,0,1383
2078,686,740,0,1426
2079,561,862,0,1423
2080,49,158,0,207
2081,946,621,0,1567
2082,927,777,0,1704
2083,319,5,0,324
2084,401,999,0,1400
2085,650,605,0,1255
2086,443,404,0,847
2087,786,514,0,1300
2088,172,848,0,1020
2089,344,469,0,813
2090,79,272,0,351
2091,514,610,0,1124
2092,316,349,0,665
2093,155,970,0,1125
2094,118,518,0,636
2095,723,907,0,1630
2096,210,756,0,966
2097,861,797,0,1658
2098,482,311,0,793
2099,648,460,0,1108
2100,217,947,0,1164
2101,198,638,0,836
2102,42,736,0,778
2103,349,715,0,1064
2104,697,954,0,1651
2105,994,379,0,1373
2106,135,187,0,322
2107,919,133,0,1052
2108,124,970,0,1094
2109,529,802,0,1331
2110,744,412,0,1156
2111,411,375,0,786
2112,837,540,0,1377
2113,919,804,0,1723
2114,973,521,0,1494
2115,545,829,0,1374
2116,516,282,0,798
2117,13,781,0,794
2118,484,710,0,1194
2119,990,957,0,1947
2120,702,244,0,946
2121,790,376,0,1166
2122,186,549,0,735
2123,255,642,0,897
2124,612,449,0,1061
2125,662,738,0,1400
2126,829,55,0,884
2127,271,115,0,386
2128,255,311,0,566
2129,82,647,0,729
2130,331,305,0,636
2131,362,968,0,1330
2132,288,478,0,766
2133,306,204,0,510
2134,420,346,0,766
2135,0,846,0,846
2136,117,994,0,1111
2137,496,31,0,527
2138,117,119,0,236
2139,561,257,0,818
2140,428,935,0,1363
2141,572,803,0,1375
2142,622,879,0,1501
2143,181,263,0,444
2144,941,611,0,1552
2145,896,478,0,1374
2146,887,761,0,1648
2147,804,272,0,1076
2148,492,584,0,1076
2149,242,655,0,897
2150,591,67,0,658
2151,153,519,0,672
2152,451,896,0,1347
2153,84,796,0,880
2154,594,779,0,1373
2155,375,199,0,574
2156,47,169,0,216
2157,77,509,0,586
2158,844,512,0,1356
2159,43,725,0,768
2160,390,771,0,1161
2161,648,606,0,1254
2162,41,506,0,547
2163,807,356,0,1163
2164,549,625,0,1174
2165,979,738,0,1717
2166,347,113,0,460
2167,680,20,0,700
2168,655,757,0,1412
2169,622,263,0,885
2170,998,229,0,1227
2171,164,132,0,296
2172,98,285,0,383
2173,93,134,0,227
2174,831,922,0,1753
2175,613,45,0,658
2176,257,639,0,896
2177,901,873,0,1774
2178,82,508,0,590
2179,708,949,0,1657
2180,443,151,0,594
2181,353,621,0,974
2182,489,200,0,689
2183,806,932,0,1738
2184,779,441,0,1220
2185,354,309,0,663
2186,822,920,0,1742
2187,44,22,0,66
2188,707,444,0,1151
2189,749,247,0,996
2190,843,468,0,1311
2191,374,401,0,775
2192,343,443,0,786
2193,213,265,0,478
2194,51,318,0,369
2195,187,275,0,462
2196,361,542,0,903
2197,902,962,0,1864
2198,452,42,0,494
2199,471,135,0,606
2200,485,189,0,674
2201,140,226,0,366
2202,24,107,0,131
2203,193,677,0,870
2204,605,409,0,1014
2205,459,816,0,1275
2206,919,505,0,1424
2207,816,43,0,859
2208,416,741,0,1157
2209,180,239,0,419
2210,168,100,0,268
2211,802,779,0,1581
2212,942,561,0,1503
2213,978,831,0,1809
2214,98,373,0,471
2215,445,421,0,866
2216,794,851,0,1645
2217,689,881,0,1570
2218,531,780,0,1311
2219,783,539,0,1322
2220,333,462,0,795
2221,856,822,0,1678
2222,716,872,0,1588
2223,528,224,0,752
2224,350,189,0,539
2225,169,376,0,545
2226,16,746,0,762
2227,262,228,0,490
2228,423,705,0,1128
2229,918,714,0,1632
2230,90,898,0,988
2231,462,964,0,1426
2232,340,858,0,1198
2233,570,940,0,1510
2234,995,223,0,1218
2235,390,46,0,436
2236,267,141,0,408
2237,544,594,0,1138
2238,497,103,0,600
2239,526,720,0,1246
2240,145,968,0,1113
2241,170,548,0,718
2242,278,542,0,820
2243,947,854,0,1801
2244,182,191,0,373
2245,490,856,0,1346
2246,492,965,0,1457
2247,453,787,0,1240
2248,164,272,0,436
2249,975,699,0,1674
2250,872,331,0,1203
2251,959,117,0,1076
2252,158,52,0,210
2253,861,723,0,1584
2254,651,245,0,896
2255,784,632,0,1416
2256,999,521,0,1520
2257,94,134,0,228
2258,355,632,0,987
2259,248,910,0,1158
2260,14,294,0,308
2261,756,757,0,1513
2262,499,118,0,617
2263,326,308,0,634
2264,932,415,0,1347
2265,195,437,0,632
2266,395,125,0,520
2267,983,259,0,1242
2268,52,639,0,691
2269,163,686,0,849
2270,660,988,0,1648
2271,813,866,0,1679
2272,700,130,0,830
2273,328,361,0,689
2274,262,982,0,1244
2275,425,514,0,939
2276,486,523,0,1009
2277,864,982,0,1846
2278,477,646,0,1123
2279,636,693,0,1329
2280,415,368,0,783
2281,30,975,0,1005
2282,663,48,0,711
2283,369,506,0,875
2284,253,808,0,1061
2285,987,629,0,1616
2286,320,690,0,1010
2287,919,668,0,1587
2288,445,138,0,583
2289,834,523,0,1357
2290,538,710,0,1248
2291,11,181,0,192
2292,134,626,0,760
2293,530,497,0,1027
2294,822,613,0,1435
2295,651,902,0,1553
2296,142,87,0,229
2297,459,197,0,656
2298,642,189,0,831
2299,770,728,0,1498
2300,377,618,0,995
2301,862,340,0,1202
2302,835,516,0,1351
2303,596,710,0,1306
2304,662,112,0,774
2305,113,194,0,307
2306,826,493,0,1319
2307,175,981,0,1156
2308,166,46,0,212
2309,687,323,0,1010
2310,986,289,0,1275
2311,484,891,0,1375
2312,708,152,0,860
2313,228,750,0,978
2314,381,98,0,479
2315,852,703,0,1555
2316,275,816,0,1091
2317,315,490,0,805
2318,573,160,0,733
2319,193,230,0,423
2320,450,697,0,1147
2321,941,699,0,1640
2322,55,423,0,478
2323,823,889,0,1712
2324,851,643,0,1494
2325,632,88,0,720
2326,475,367,0,842
2327,724,754,0,1478
2328,659,907,0,1566
2329,6,513,0,519
2330,11,297,0,308
2331,143,583,0,726
2332,64,91,0,155
2333,103,258,0,361
2334,334,648,0,982
2335,0,818,0,818
2336,127,148,0,275
2337,328,840,0,1168
2338,206,790,0,996
2339,627,896,0,1523
2340,548,319,0,867
2341,456,190,0,646
2342,30,158,0,188
2343,769,951,0,1720
2344,721,718,0,1439
2345,417,611,0,1028
2346,245,747,0,992
2347,555,452,0,1007
2348,478,351,0,829
2349,456,154,0,610
2350,618,388,0,1006
2351,219,314,0,533
2352,304,205,0,509
2353,365,772,0,1137
2354,103,265,0,368
2355,498,663,0,1161
2356,335,104,0,439
2357,124,393,0,517
2358,761,746,0,1507
2359,622,109,0,731
2360,531,88,0,619
2361,379,587,0,966
2362,620,221,0,841
2363,596,166,0,762
2364,831,493,0,1324
2365,464,32,0,496
2366,276,922,0,1198
2367,343,660,0,1003
2368,15,368,0,383
2369,100,838,0,938
2370,639,310,0,949
2371,952,35,0,987
2372,921,127,0,1048
2373,859,773,0,1632
2374,287,251,0,538
2375,436,308,0,744
2376,64,285,0,349
2377,84,249,0,333
2378,825,398,0,1223
2379,56,220,0,276
2380,142,983,0,1125
2381,820,65,0,885
2382,94,809,0,903
2383,384,13,0,397
2384,940,766,0,1706
2385,616,430,0,1046
2386,126,110,0,236
2387,240,769,0,1009
2388,684,568,0,1252
2389,11,480,0,491
2390,928,839,0,1767
2391,830,954,0,1784
2392,322,322,0,644
2393,405,956,0,1361
2394,774,618,0,1392
2395,296,166,0,462
2396,930,290,0,1220
2397,66,913,0,979
2398,871,466,0,1337
2399,587,698,0,1285
2400,214,303,0,517
2401,820,64,0,884
2402,352,268,0,620
2403,534,33,0,567
2404,599,108,0,707
2405,382,140,0,522
2406,715,796,0,1511
2407,266,36,0,302
2408,862,557,0,1419
2409,659,526,0,1185
2410,295,539,0,834
2411,521,216,0,737
2412,455,541,0,996
2413,3,960,0,963
2414,574,702,0,1276
2415,937,422,0,1359
2416,781,6,0,787
2417,94,557,0,651
2418,101,885,0,986
2419,931,391,0,1322
2420,61,459,0,520
2421,784,89,0,873
2422,680,147,0,827
2423,150,921,0,1071
2424,905,608,0,1513
2425,351,253,0,604
2426,937,846,0,1783
2427,462,455,0,917
2428,130,996,0,1126
2429,867,290,0,1157
2430,935,547,0,1482
2431,5,789,0,794
2432,223,469,0,692
2433,812,52,0,864
2434,259,126,0,385
2435,639,72,0,711
2436,461,245,0,706
2437,327,63,0,390
2438,965,752,0,1717
2439,685,604,0,1289
2440,392,0,0,392
2441,243,594,0,837
2442,299,269,0,568
2443,85,3,0,88
2444,265,836,0,1101
2445,882,135,0,1017
2446,74,408,0,482
2447,684,713,0,1397
2448,266,477,0,743
2449,365,51,0,416
2450,924,78,0,1002
2451,707,852,0,1559
2452,964,63,0,1027
2453,320,212,0,532
2454,137,133,0,270
2455,678,348,0,1026
2456,877,492,0,1369
2457,624,353,0,977
2458,379,951,0,1330
2459,966,767,0,1733
2460,962,837,0,1799
2461,514,556,0,1070
2462,135,320,0,455
2463,82,311,0,393
2464,556,667,0,1223
2465,484,822,0,1306
2466,287,851,0,1138
2467,749,33,0,782
2468,894,445,0,1339
2469,234,517,0,751
2470,742,463,0,1205
2471,151,72,0,223
2472,50,582,0,632
2473,898,664,0,1562
2474,822,667,0,1489
2475,413,343,0,756
2476,588,115,0,703
2477,55,66,0,121
2478,345,810,0,1155
2479,737,381,0,1118
2480,374,533,0,907
2481,177,172,0,349
2482,418,717,0,1135
2483,127,287,0,414
2484,604,721,0,1325
2485,109,272,0,381
2486,360,548,0,908
2487,755,500,0,1255
2488,263,334,0,597
2489,397,816,0,1213
2490,739,804,0,1543
2491,483,609,0,1092
2492,670,105,0,775
2493,502,928,0,1430
2494,556,111,0,667
2495,319,225,0,544
2496,406,169,0,575
2497,554,327,0,881
2498,169,990,0,1159
2499,715,348,0,1063
2500,651,90,0,741
2501,77,125,0,202
2502,48,350,0,398
2503,409,707,0,1116
2504,299,277,0,576
2505,674,535,0,1209
2506,627,193,0,820
2507,233,310,0,543
2508,857,497,0,1354
2509,309,670,0,979
2510,563,912,0,1475
2511,418,62,0,480
2512,148,577,0,725
2513,359,569,0,928
2514,756,194,0,950
2515,659,519,0,1178
2516,368,952,0,1320
2517,952,891,0,1843
2518,455,224,0,679
2519,812,617,0,1429
2520,453,424,0,877
2521,633,802,0,1435
2522,174,559,0,733
2523,835,360,0,1195
2524,519,468,0,987
2525,256,548,0,804
2526,834,969,0,1803
2527,434,827,0,1261
2528,339,522,0,861
2529,916,268,0,1184
2530,489,501,0,990
2531,674,99,0,773
2532,70,267,0,337
2533,872,543,0,1415
2534,895,419,0,1314
2535,439,681,0,1120
2536,857,668,0,1525
2537,548,225,0,773
2538,696,986,0,1682
2539,703,183,0,886
2540,442,780,0,1222
2541,129,477,0,606
2542,187,16,0,203
2543,148,239,0,387
2544,897,543,0,1440
2545,800,784,0,1584
2546,994,613,0,1607
2547,392,628,0,1020
2548,980,601,0,1581
2549,523,756,0,1279
2550,833,812,0,1645
2551,68,143,0,211
2552,832,163,0,995
2553,76,770,0,846
2554,929,438,0,1367
2555,822,673,0,1495
2556,614,361,0,975
2557,818,603,0,1421
2558,170,80,0,250
2559,919,870,0,1789
2560,264,584,0,848
2561,627,334,0,961
2562,572,695,0,1267
2563,803,466,0,1269
2564,885,845,0,1730
2565,766,865,0,1631
2566,961,704,0,1665
2567,431,890,0,1321
2568,733,448,0,1181
2569,260,872,0,1132
2570,862,144,0,1006
2571,414,700,0,1114
2572,242,224,0,466
2573,910,700,0,1610
2574,598,276,0,874
2575,15,314,0,329
2576,412,467,0,879
2577,608,632,0,1240
2578,326,108,0,434
2579,202,997,0,1199
2580,776,234,0,1010
2581,339,974,0,1313
2582,606,588,0,1194
2583,438,360,0,798
2584,751,300,0,1051
2585,40,290,0,330
2586,930,30,0,960
2587,610,213,0,823
2588,491,427,0,918
2589,78,771,0,849
2590,184,575,0,759
2591,924,817,0,1741
2592,428,15,0,443
2593,966,550,0,1516
2594,797,290,0,1087
2595,790,442,0,1232
2596,57,565,0,622
2597,442,709,0,1151
2598,867,841,0,1708
2599,485,95,0,580
2600,796,148,0,944
2601,789,382,0,1171
2602,571,921,0,1492
2603,424,212,0,636
2604,597,120,0,717
2605,402,646,0,1048
2606,619,96,0,715
2607,970,113,0,1083
2608,310,884,0,1194
2609,49,377,0,426
2610,59,794,0,853
2611,188,336,0,524
2612,624,377,0,1001
2613,745,960,0,1705
2614,421,272,0,693
2615,245,294,0,539
2616,108,901,0,1009
2617,817,466,0,1283
2618,766,936,0,1702
2619,280,187,0,467
2620,344,632,0,976
2621,615,529,0,1144
2622,307,109,0,416
2623,500,895,0,1395
2624,310,527,0,837
2625,585,24,0,609
2626,436,87,0,523
2627,94,167,0,261
2628,806,894,0,1700
2629,126,205,0,331
2630,626,448,0,1074
2631,344,850,0,1194
2632,217,49,0,266
2633,365,519,0,884
2634,633,267,0,900
2635,119,323,0,442
2636,329,841,0,1170
2637,989,867,0,1856
2638,201,331,0,532
2639,875,697,0,1572
2640,475,917,0,1392
2641,956,983,0,1939
2642,168,64,0,232
2643,1000,458,0,1458
2644,188,430,0,618
2645,747,243,0,990
2646,151,857,0,1008
2647,991,184,0,1175
2648,996,594,0,1590
2649,969,67,0,1036
2650,253,526,0,779
2651,376,544,0,920
2652,781,920,0,1701
2653,268,72,0,340
2654,559,551,0,1110
2655,473,113,0,586
2656,991,537,0,1528
2657,806,237,0,1043
2658,932,347,0,1279
2659,358,589,0,947
2660,674,527,0,1201
2661,873,983,0,1856
2662,525,116,0,641
2663,43,861,0,904
2664,342,415,0,757
2665,523,321,0,844
2666,291,945,0,1236
2667,463,175,0,638
2668,91,753,0,844
2669,465,344,0,809
2670,384,548,0,932
2671,580,228,0,808
2672,155,215,0,370
2673,551,481,0,1032
2674,585,884,0,1469
2675,8,766,0,774
2676,468,234,0,702
2677,785,85,0,870
2678,726,16,0,742
2679,338,202,0,540
2680,699,680,0,1379
2681,189,106,0,295
2682,19,113,0,132
2683,956,907,0,1863
2684,620,515,0,1135
2685,370,54,0,424
2686,813,434,0,1247
2687,948,759,0,1707
2688,272,180,0,452
2689,93,895,0,988
2690,457,194,0,651
2691,121,681,0,802
2692,956,924,0,1880
2693,583,588,0,1171
2694,286,429,0,715
2695,27,991,0,1018
2696,929,664,0,1593
2697,688,683,0,1371
2698,653,304,0,957
2699,92,313,0,405
2700,736,969,0,1705
2701,493,662,0,1155
2702,730,241,0,971
2703,932,186,0,1118
2704,632,902,0,1534
2705,520,443,0,963
2706,348,692,0,1040
2707,745,910,0,1655
2708,804,891,0,1695
2709,899,814,0,1713
2710,14,303,0,317
2711,69,576,0,645
2712,307,37,0,344
2713,289,103,0,392
2714,485,493,0,978
2715,138,74,0,212
2716,809,539,0,1348
2717,506,874,0,1380
2718,815,765,0,1580
2719,280,383,0,663
2720,642,133,0,775
2721,772,162,0,934
2722,988,282,0,1270
2723,116,341,0,457
2724,886,626,0,1512
2725,957,80,0,1037
2726,492,102,0,594
2727,761,943,0,1704
2728,470,320,0,790
2729,498,880,0,1378
2730,272,470,0,742
2731,659,573,0,1232
2732,782,746,0,1528
2733,815,377,0,1192
2734,526,844,0,1370
2735,193,181,0,374
2736,219,549,0,768
2737,223,680,0,903
2738,365,55,0,420
2739,33,331,0,364
2740,962,839,0,1801
2741,203,11,0,214
2742,418,282,0,700
2743,297,639,0,936
2744,982,200,0,1182
2745,761,76,0,837
2746,603,943,0,1546
2747,161,38,0,199
2748,871,972,0,1843
2749,331,407,0,738
2750,232,672,0,904
2751,222,719,0,941
2752,858,715,0,1573
2753,869,393,0,1262
2754,60,13,0,73
2755,713,250,0,963
2756,184,15,0,199
2757,980,721,0,1701
2758,88,732,0,820
2759,765,613,0,1378
2760,939,353,0,1292
2761,849,140,0,989
2762,632,329,0,961
2763,276,523,0,799
2764,196,243,0,439
2765,21,752,0,773
2766,33,445,0,478
2767,747,620,0,1367
2768,624,468,0,1092
2769,485,933,0,1418
2770,746,699,0,1445
2771,198,810,0,1008
2772,889,931,0,1820
2773,230,213,0,443
2774,708,340,0,1048
2775,785,481,0,1266
2776,430,794,0,1224
2777,130,203,0,333
2778,421,194,0,615
2779,639,951,0,1590
2780,942,748,0,1690
2781,720,781,0,1501
2782,221,80,0,301
2783,496,939,0,1435
2784,318,209,0,527
2785,820,941,0,1761
2786,161,609,0,770
2787,411,365,0,776
2788,326,437,0,763
2789,808,197,0,1005
2790,921,769,0,1690
2791,17,243,0,260
2792,766,945,0,1711
2793,584,764,0,1348
2794,326,283,0,609
2795,138,549,0,687
2796,643,466,0,1109
2797,28,264,0,292
2798,898,483,0,1381
2799,465,24,0,489
2800,158,792,0,950
2801,240,997,0,1237
2802,879,406,0,1285
2803,90,135,0,225
2804,477,465,0,942
2805,800,6,0,806
2806,110,132,0,242
2807,670,847,0,1517
2808,903,912,0,1815
2809,245,804,0,1049
2810,791,633,0,1424
2811,399,225,0,624
2812,968,752,0,1720
2813,801,906,0,1707
2814,331,963,0,1294
2815,115,384,0,499
2816,765,411,0,1176
2817,373,406,0,779
2818,508,868,0,1376
2819,268,957,0,1225
2820,802,658,0,1460
2821,957,807,0,1764
2822,747,496,0,1243
2823,86,119,0,205
2824,578,636,0,1214
2825,936,716,0,1652
2826,812,557,0,1369
2827,553,373,0,926
2828,422,747,0,1169
2829,665,582,0,1247
2830,985,789,0,1774
2831,274,309,0,583
2832,222,768,0,990
2833,561,399,0,960
2834,490,318,0,808
2835,464,391,0,855
2836,766,759,0,1525
2837,665,257,0,922
2838,804,161,0,965
2839,949,302,0,1251
2840,939,478,0,1417
2841,822,676,0,1498
2842,582,105,0,687
2843,981,606,0,1587
2844,914,769,0,1683
2845,717,857,0,1574
2846,559,130,0,689
2847,289,82,0,371
2848,437,119,0,556
2849,246,460,0,706
2850,532,715,0,1247
2851,494,245,0,739
2852,801,221,0,1022
2853,512,721,0,1233
2854,448,513,0,961
2855,706,742,0,1448
2856,218,800,0,1018
2857,705,486,0,1191
2858,792,206,0,998
2859,292,306,0,598
2860,689,98,0,787
2861,910,246,0,1156
2862,533,846,0,1379
2863,703,134,0,837
2864,597,277,0,874
2865,451,480,0,931
2866,931,541,0,1472
2867,655,396,0,1051
2868,384,93,0,477
2869,393,750,0,1143
2870,743,887,0,1630
2871,262,177,0,439
2872,234,576,0,810
2873,511,895,0,1406
2874,344,559,0,903
2875,530,801,0,1331
2876,92,688,0,780
2877,194,975,0,1169
2878,277,217,0,494
2879,571,371,0,942
2880,217,526,0,743
2881,805,312,0,1117
2882,293,26,0,319
2883,265,42,0,307
2884,778,896,0,1674
2885,835,877,0,1712
2886,692,658,0,1350
2887,21,393,0,414
2888,387,919,0,1306
2889,227,502,0,729
2890,832,193,0,1025
2891,8,139,0,147
2892,727,651,0,1378
2893,933,824,0,1757
2894,213,800,0,1013
2895,651,848,0,1499
2896,90,984,0,1074
2897,360,594,0,954
2898,402,158,0,560
2899,402,460,0,862
2900,790,474,0,1264
2901,429,442,0,871
2902,510,145,0,655
2903,751,887,0,1638
2904,693,638,0,1331
2905,104,951,0,1055
2906,799,795,0,1594
2907,459,564,0,1023
2908,827,78,0,905
2909,854,735,0,1589
2910,518,828,0,1346
2911,338,49,0,387
2912,599,198,0,797
2913,941,1,0,942
2914,450,908,0,1358
2915,705,896,0,1601
2916,293,255,0,548
2917,708,683,0,1391
2918,19,528,0,547
2919,371,279,0,650
2920,784,689,0,1473
2921,677,939,0,1616
2922,585,424,0,1009
2923,514,478,0,992
2924,671,65,0,736
2925,354,963,0,1317
2926,7,92,0,99
2927,645,83,0,728
2928,653,473,0,1126
2929,586,497,0,1083
2930,522,363,0,885
2931,510,604,0,1114
2932,811,950,0,1761
2933,984,341,0,1325
2934,738,396,0,1134
2935,344,307,0,651
2936,190,238,0,428
2937,715,457,0,1172
2938,298,167,0,465
2939,793,999,0,1792
2940,397,340,0,737
2941,788,931,0,1719
2942,570,84,0,654
2943,82,202,0,284
2944,960,388,0,1348
2945,678,102,0,780
2946,795,346,0,1141
2947,928,611,0,1539
2948,285,365,0,650
2949,957,547,0,1504
2950,886,37,0,923
2951,462,822,0,1284
2952,973,964,0,1937
2953,949,829,0,1778
2954,335,81,0,416
2955,728,86,0,814
2956,289,886,0,1175
2957,838,132,0,970
2958,599,416,0,1015
2959,620,447,0,1067
2960,585,505,0,1090
2961,664,227,0,891
2962,386,227,0,613
2963,744,380,0,1124
2964,892,36,0,928
2965,80,224,0,304
2966,76,935,0,1011
2967,286,666,0,952
2968,848,248,0,1096
2969,327,402,0,729
2970,903,522,0,1425
2971,195,745,0,940
2972,184,106,0,290
2973,707,461,0,1168
2974,887,253,0,1140
2975,417,922,0,1339
2976,145,338,0,483
2977,842,579,0,1421
2978,806,605,0,1411
2979,583,124,0,707
2980,231,316,0,547
2981,974,307,0,1281
2982,39,935,0,974
2983,885,184,0,1069
2984,369,546,0,915
2985,447,160,0,607
2986,248,4,0,252
2987,141,255,0,396
2988,72,965,0,1037
2989,872,29,0,901
2990,748,68,0,816
2991,526,657,0,1183
2992,194,958,0,1152
2993,348,764,0,1112
2994,286,86,0,372
2995,14,575,0,589
2996,636,611,0,1247
2997,143,301,0,444
2998,615,239,0,854
2999,307,839,0,1146
3000,138,631,0,769
3001,93,44,0,137
3002,48,826,0,874
3003,342,21,0,363
3004,309,725,0,1034
3005,607,763,0,1370
3006,772,893,0,1665
3007,737,610,0,1347
3008,738,244,0,982
3009,763,458,0,1221
3010,709,67,0,776
3011,535,0,0,535
3012,253,522,0,775
3013,926,167,0,1093
3014,644,403,0,1047
3015,882,519,0,1401
3016,864,183,0,1047
3017,864,155,0,1019
3018,44,257,0,301
3019,131,562,0,693
3020,72,789,0,861
3021,995,40,0,1035
3022,705,951,0,1656
3023,855,738,0,1593
3024,411,653,0,1064
3025,280,118,0,398
3026,400,790,0,1190
3027,789,537,0,1326
3028,720,152,0,872
3029,865,821,0,1686
3030,438,635,0,1073
3031,160,156,0,316
3032,924,353,0,1277
3033,728,315,0,1043
3034,501,34,0,535
3035,386,864,0,1250
3036,178,933,0,1111
3037,447,843,0,1290
3038,709,853,0,1562
3039,788,767,0,1555
3040,561,802,0,1363
3041,294,252,0,546
3042,493,215,0,708
3043,78,438,0,516
3044,909,600,0,1509
3045,687,840,0,1527
3046,716,794,0,1510
3047,90,474,0,564
3048,354,810,0,1164
3049,651,353,0,1004
3050,235,956,0,1191
3051,281,431,0,712
3052,504,150,0,654
3053,963,885,0,1848
3054,88,316,0,404
3055,654,589,0,1243
3056,961,121,0,1082
3057,964,87,0,1051
3058,966,169,0,1135
3059,937,753,0,1690
3060,782,93,0,875
3061,33,880,0,913
3062,545,370,0,915
3063,840,588,0,1428
3064,680,88,0,768
3065,572,457,0,1029
3066,231,343,0,574
3067,676,753,0,1429
3068,452,314,0,766
3069,430,18,0,448
3070,371,99,0,470
3071,358,562,0,920
3072,834,155,0,989
3073,22,410,0,432
3074,107,241,0,348
3075,540,338,0,878
3076,755,94,0,849
3077,918,730,0,1648
3078,218,149,0,367
3079,401,157,0,558
3080,653,588,0,1241
3081,179,511,0,690
3082,18,471,0,489
3083,793,646,0,1439
3084,345,707,0,1052
3085,487,41,0,528
3086,752,538,0,1290
3087,909,587,0,1496
3088,468,327,0,795
3089,889,258,0,1147
3090,450,640,0,1090
3091,378,372,0,750
3092,368,118,0,486
3093,589,475,0,1064
3094,648,886,0,1534
3095,692,994,0,1686
3096,527,956,0,1483
3097,285,634,0,919
3098,261,524,0,785
3099,367,980,0,1347
3100,281,157,0,438
3101,244,589,0,833
3102,241,830,0,1071
3103,429,702,0,1131
3104,591,109,0,700
3105,714,329,0,1043
3106,101,394,0,495
3107,50,319,0,369
3108,977,609,0,1586
3109,667,598,0,1265
3110,77,748,0,825
3111,262,341,0,603
3112,111,837,0,948
3113,764,865,0,1629
3114,979,926,0,1905
3115,60,718,0,778
3116,640,636,0,1276
3117,120,573,0,693
3118,859,723,0,1582
3119,845,830,0,1675
3120,643,613,0,1256
3121,519,176,0,695
3122,439,103,0,542
3123,69,198,0,267
3124,738,149,0,887
3125,434,69,0,503
3126,359,371,0,730
3127,463,270,0,733
3128,508,424,0,932
3129,181,193,0,374
3130,60,544,0,604
3131,487,44,0,531
3132,377,123,0,500
3133,386,397,0,783
3134,296,620,0,916
3135,390,688,0,1078
3136,239,824,0,1063
3137,665,575,0,1240
3138,180,174,0,354
3139,424,10,0,434
3140,8,986,0,994
3141,190,91,0,281
3142,56,975,0,1031
3143,467,392,0,859
3144,363,482,0,845
3145,660,375,0,1035
3146,110,469,0,579
3147,766,915,0,1681
3148,589,562,0,1151
3149,954,407,0,1361
3150,247,386,0,633
3151,5,513,0,518
3152,673,169,0,842
3153,463,912,0,1375
3154,172,184,0,356
3155,401,805,0,1206
3156,288,232,0,520
3157,778,62,0,840
3158,92,812,0,904
3159,195,77,0,272
3160,713,909,0,1622
3161,739,669,0,1408
3162,326,638,0,964
3163,581,644,0,1225
3164,110,917,0,1027
3165,347,969,0,1316
3166,521,731,0,1252
3167,386,730,0,1116
3168,785,753,0,1538
3169,341,214,0,555
3170,18,771,0,789
3171,699,179,0,878
3172,477,937,0,1414
3173,917,239,0,1156
3174,595,329,0,924
3175,270,960,0,1230
3176,150,729,0,879
3177,320,41,0,361
3178,281,826,0,1107
3179,873,456,0,1329
3180,469,370,0,839
3181,581,133,0,714
3182,879,153,0,1032
3183,463,862,0,1325
3184,916,409,0,1325
3185,32,213,0,245
3186,92,408,0,500
3187,339,630,0,969
3188,169,401,0,570
3189,402,358,0,760
3190,833,517,0,1350
3191,60,300,0,360
3192,408,48,0,456
3193,850,41,0,891
3194,865,758,0,1623
3195,364,894,0,1258
3196,733,796,0,1529
3197,900,835,0,1735
3198,690,47,0,737
3199,220,323,0,543
3200,652,676,0,1328
3201,953,316,0,1269
3202,741,184,0,925
3203,529,671,0,1200
3204,64,491,0,555
3205,83,336,0,419
3206,428,913,0,1341
3207,456,748,0,1204
3208,561,436,0,997
3209,969,726,0,1695
3210,570,321,0,891
3211,950,268,0,1218
3212,87,74,0,161
3213,940,969,0,1909
3214,517,630,0,1147
3215,424,546,0,970
3216,359,669,0,1028
3217,142,506,0,648
3218,143,14,0,157
3219,674,69,0,743
3220,529,751,0,1280
3221,735,714,0,1449
3222,119,169,0,288
3223,581,308,0,889
3224,500,753,0,1253
3225,189,842,0,1031
3226,90,156,0,246
3227,199,900,0,1099
3228,823,414,0,1237
3229,97,512,0,609
3230,3,71,0,74
3231,527,29,0,556
3232,762,875,0,1637
3233,925,729,0,1654
3234,525,624,0,1149
3235,919,717,0,1636
3236,695,51,0,746
3237,326,216,0,542
3238,410,773,0,1183
3239,696,608,0,1304
3240,641,289,0,930
3241,760,404,0,1164
3242,231,985,0,1216
3243,372,769,0,1141
3244,398,918,0,1316
3245,422,726,0,1148
3246,540,457,0,997
3247,299,182,0,481
3248,73,489,0,562
3249,482,298,0,780
3250,609,784,0,1393
3251,976,580,0,1556
3252,22,619,0,641
3253,323,795,0,1118
3254,398,96,0,494
3255,519,424,0,943
3256,47,540,0,587
3257,8,525,0,533
3258,430,843,0,1273
3259,773,504,0,1277
3260,248,976,0,1224
3261,309,294,0,603
3262,159,178,0,337
3263,343,673,0,1016
3264,31,309,0,340
3265,562,705,0,1267
3266,85,74,0,159
3267,925,489,0,1414
3268,148,694,0,842
3269,574,175,0,749
3270,123,503,0,626
3271,262,287,0,549
3272,22,324,0,346
3273,649,672,0,1321
3274,635,195,0,830
3275,817,917,0,1734
3276,64,907,0,971
3277,677,944,0,1621
3278,950,743,0,1693
3279,194,666,0,860
3280,404,930,0,1334
3281,534,794,0,1328
3282,958,341,0,1299
3283,315,415,0,730
3284,675,607,0,1282
3285,259,313,0,572
3286,490,524,0,1014
3287,44,357,0,401
3288,28,83,0,111
3289,926,991,0,1917
3290,788,428,0,1216
3291,904,965,0,1869
3292,832,702,0,1534
3293,632,153,0,785
3294,280,0,0,280
3295,316,127,0,443
3296,665,226,0,891
3297,834,683,0,1517
3298,425,746,0,1171
3299,641,796,0,1437
3300,672,493,0,1165
3301,46,93,0,139
3302,683,354,0,1037
3303,627,563,0,1190
3304,697,257,0,954
3305,265,875,0,1140
3306,540,973,0,1513
3307,110,601,0,711
3308,170,658,0,828
3309,952,373,0,1325
3310,129,845,0,974
3311,780,441,0,1221
3312,216,522,0,738
3313,117,863,0,980
3314,694,613,0,1307
3315,966,939,0,1905
3316,727,616,0,1343
3317,726,879,0,1605
3318,333,483,0,816
3319,158,460,0,618
3320,646,811,0,1457
3321,802,621,0,1423
3322,936,566,0,1502
3323,731,363,0,1094
3324,634,830,0,1464
3325,665,163,0,828
3326,736,286,0,1022
3327,929,227,0,1156
3328,27,559,0,586
3329,786,902,0,1688
3330,369,44,0,413
3331,664,381,0,1045
3332,469,94,0,563
3333,0,345,0,345
3334,832,557,0,1389
3335,320,214,0,534
3336,330,763,0,1093
3337,410,430,0,840
3338,505,716,0,1221
3339,903,331,0,1234
3340,794,984,0,1778
3341,794,1000,0,1794
3342,143,399,0,542
3343,111,461,0,572
3344,743,519,0,1262
3345,977,238,0,1215
3346,695,76,0,771
3347,832,351,0,1183
3348,246,411,0,657
3349,392,402,0,794
3350,906,841,0,1747
3351,579,298,0,877
3352,13,773,0,786
3353,503,10,0,513
3354,349,775,0,1124
3355,716,383,0,1099
3356,141,533,0,674
3357,649,413,0,1062
3358,388,840,0,1228
3359,934,190,0,1124
3360,823,922,0,1745
3361,316,83,0,399
3362,414,293,0,707
3363,940,507,0,1447
3364,466,934,0,1400
3365,867,564,0,1431
3366,942,903,0,1845
3367,253,44,0,297
3368,99,87,0,186
3369,517,119,0,636
3370,898,483,0,1381
3371,636,314,0,950
3372,87,801,0,888
3373,634,373,0,1007
3374,620,873,0,1493
3375,921,123,0,1044
3376,489,634,0,1123
3377,181,528,0,709
3378,305,403,0,708
3379,941,74,0,1015
3380,612,535,0,1147
3381,596,664,0,1260
3382,126,146,0,272
3383,171,364,0,535
3384,598,13,0,611
3385,521,524,0,1045
3386,434,704,0,1138
3387,161,902,0,1063
3388,115,332,0,447
3389,589,124,0,713
3390,860,373,0,1233
3391,807,576,0,1383
3392,125,338,0,463
3393,784,36,0,820
3394,39,244,0,283
3395,223,984,0,1207
3396,484,360,0,844
3397,182,324,0,506
3398,826,27,0,853
3399,260,43,0,303
3400,763,33,0,796
3401,734,618,0,1352
3402,867,210,0,1077
3403,793,961,0,1754
3404,818,834,0,1652
3405,614,260,0,874
3406,967,353,0,1320
3407,771,33,0,804
3408,1,404,0,405
3409,652,577,0,1229
3410,665,25,0,690
3411,793,57,0,850
3412,816,39,0,855
3413,673,837,0,1510
3414,298,87,0,385
3415,755,777,0,1532
3416,81,83,0,164
3417,412,350,0,762
3418,203,22,0,225
3419,984,139,0,1123
3420,798,392,0,1190
3421,730,676,0,1406
3422,519,30,0,549
3423,279,782,0,1061
3424,119,155,0,274
3425,15,914,0,929
3426,270,759,0,1029
3427,71,994,0,1065
3428,551,22,0,573
3429,850,387,0,1237
3430,345,171,0,516
3431,794,278,0,1072
3432,218,567,0,785
3433,105,452,0,557
3434,282,172,0,454
3435,986,8,0,994
3436,386,436,0,822
3437,820,236,0,1056
3438,791,934,0,1725
3439,181,44,0,225
3440,866,446,0,1312
3441,965,476,0,1441
3442,763,853,0,1616
3443,98,565,0,663
3444,866,71,0,937
3445,623,296,0,919
3446,766,7,0,773
3447,866,713,0,1579
3448,559,301,0,860
3449,52,442,0,494
3450,140,145,0,285
3451,72,922,0,994
3452,834,79,0,913
3453,618,215,0,833
3454,57,103,0,160
3455,197,665,0,862
3456,401,305,0,706
3457,195,787,0,982
3458,367,573,0,940
3459,440,248,0,688
3460,424,721,0,1145
3461,78,555,0,633
3462,294,557,0,851
3463,109,842,0,951
3464,60,274,0,334
3465,238,837,0,1075
3466,904,173,0,1077
3467,827,428,0,1255
3468,969,591,0,1560
3469,614,866,0,1480
3470,789,860,0,1649
3471,762,894,0,1656
3472,528,935,0,1463
3473,466,325,0,791
3474,673,408,0,1081
3475,173,74,0,247
3476,132,490,0,622
3477,216,181,0,397
3478,14,135,0,149
3479,552,714,0,1266
3480,851,656,0,1507
3481,646,530,0,1176
3482,762,435,0,1197
3483,13,213,0,226
3484,221,510,0,731
3485,102,944,0,1046
3486,665,10,0,675
3487,116,814,0,930
3488,364,610,0,974
3489,953,261,0,1214
3490,544,358,0,902
3491,591,783,0,1374
3492,644,694,0,1338
3493,1,578,0,579
3494,609,627,0,1236
3495,364,210,0,574
3496,858,396,0,1254
3497,729,488,0,1217
3498,451,480,0,931
3499,667,449,0,1116
3500,861,364,0,1225
3501,924,357,0,1281
3502,584,627,0,1211
3503,659,771,0,1430
3504,877,465,0,1342
3505,228,308,0,536
3506,797,685,0,1482
3507,134,972,0,1106
3508,868,449,0,1317
3509,784,654,0,1438
3510,43,179,0,222
3511,903,701,0,1604
3512,760,611,0,1371
3513,683,987,0,1670
3514,521,215,0,736
3515,245,129,0,374
3516,28,172,0,200
3517,573,184,0,757
3518,301,242,0,543
3519,679,314,0,993
3520,863,1000,0,1863
3521,485,911,0,1396
3522,82,658,0,740
3523,222,276,0,498
3524,98,835,0,933
3525,213,128,0,341
3526,929,347,0,1276
3527,457,367,0,824
3528,695,169,0,864
3529,804,926,0,1730
3530,461,201,0,662
3531,813,450,0,1263
3532,828,173,0,1001
3533,421,499,0,920
3534,938,654,0,1592
3535,619,613,0,1232
3536,735,967,0,1702
3537,675,682,0,1357
3538,858,149,0,1007
3539,950,508,0,1458
3540,897,744,0,1641
3541,187,279,0,466
3542,151,276,0,427
3543,9,884,0,893
3544,857,370,0,1227
3545,583,595,0,1178
3546,227,328,0,555
3547,781,911,0,1692
3548,503,588,0,1091
3549,448,213,0,661
3550,640,743,0,1383
3551,938,853,0,1791
3552,0,186,0,186
3553,942,776,0,1718
3554,588,320,0,908
3555,210,42,0,252
3556,906,766,0,1672
3557,706,745,0,1451
3558,482,911,0,1393
3559,803,990,0,1793
3560,204,209,0,413
3561,53,436,0,489
3562,628,98,0,726
3563,27,917,0,944
3564,140,662,0,802
3565,574,950,0,1524
3566,995,684,0,1679
3567,693,515,0,1208
3568,990,436,0,1426
3569,65,511,0,576
3570,330,229,0,559
3571,114,677,0,791
3572,163,801,0,964
3573,978,552,0,1530
3574,7,166,0,173
3575,91,581,0,672
3576,887,443,0,1330
3577,309,778,0,1087
3578,501,612,0,1113
3579,654,946,0,1600
3580,754,116,0,870
3581,63,898,0,961
3582,533,905,0,1438
3583,594,513,0,1107
3584,796,17,0,813
3585,45,676,0,721
3586,707,497,0,1204
3587,903,16,0,919
3588,347,291,0,638
3589,444,313,0,757
3590,53,848,0,901
3591,306,812,0,1118
3592,421,147,0,568
3593,265,482,0,747
3594,833,161,0,994
3595,195,636,0,831
3596,637,397,0,1034
3597,614,233,0,847
3598,351,667,0,1018
3599,484,841,0,1325
3600,197,118,0,315
3601,61,1000,0,1061
3602,849,718,0,1567
3603,42,945,0,987
3604,397,929,0,1326
3605,423,788,0,1211
3606,923,847,0,1770
3607,607,765,0,1372
3608,465,515,0,980
3609,347,846,0,1193
3610,765,218,0,983
3611,669,715,0,1384
3612,545,241,0,786
3613,452,294,0,746
3614,185,33,0,218
3615,920,426,0,1346
3616,410,678,0,1088
3617,34,263,0,297
3618,882,365,0,1247
3619,929,147,0,1076
3620,34,250,0,284
3621,464,561,0,1025
3622,354,594,0,948
3623,519,88,0,607
3624,918,460,0,1378
3625,778,976,0,1754
3626,841,35,0,876
3627,862,115,0,977
3628,509,404,0,913
3629,592,555,0,1147
3630,337,154,0,491
3631,579,201,0,780
3632,156,658,0,814
3633,662,885,0,1547
3634,119,841,0,960
3635,811,33,0,844
3636,713,637,0,1350
3637,407,214,0,621
3638,489,327,0,816
3639,645,713,0,1358
3640,433,580,0,1013
3641,833,955,0,1788
3642,453,790,0,1243
3643,716,464,0,1180
3644,82,264,0,346
3645,201,743,0,944
3646,514,29,0,543
3647,199,243,0,442
3648,385,124,0,509
3649,235,839,0,1074
3650,498,843,0,1341
3651,420,700,0,1120
3652,420,953,0,1373
3653,571,219,0,790
3654,240,531,0,771
3655,776,611,0,1387
3656,362,343,0,705
3657,671,784,0,1455
3658,560,284,0,844
3659,282,303,0,585
3660,667,664,0,1331
3661,518,752,0,1270
3662,658,462,0,1120
3663,645,622,0,1267
3664,69,557,0,626
3665,500,714,0,1214
3666,638,791,0,1429
3667,621,666,0,1287
3668,488,24,0,512
3669,709,587,0,1296
3670,678,784,0,1462
3671,592,670,0,1262
3672,573,253,0,826
3673,358,553,0,911
3674,443,571,0,1014
3675,722,275,0,997
3676,316,649,0,965
3677,139,981,0,1120
3678,543,807,0,1350
3679,607,559,0,1166
3680,258,751,0,1009
3681,190,359,0,549
3682,692,95,0,787
3683,860,59,0,919
3684,914,975,0,1889
3685,742,236,0,978
3686,801,132,0,933
3687,573,572,0,1145
3688,827,973,0,1800
3689,939,683,0,1622
3690,493,419,0,912
3691,897,273,0,1170
3692,270,278,0,548
3693,383,108,0,491
3694,794,426,0,1220
3695,899,394,0,1293
3696,493,315,0,808
3697,412,418,0,830
3698,557,746,0,1303
3699,930,393,0,1323
3700,377,568,0,945
3701,270,264,0,534
3702,390,725,0,1115
3703,311,31,0,342
3704,99,883,0,982
3705,418,912,0,1330
3706,459,950,0,1409
3707,243,849,0,1092
3708,216,953,0,1169
3709,735,1000,0,1735
3710,980,33,0,1013
3711,125,730,0,855
3712,767,933,0,1700
3713,631,597,0,1228
3714,440,264,0,704
3715,266,960,0,1226
3716,434,367,0,801
3717,936,252,0,1188
3718,605,177,0,782
3719,208,650,0,858
3720,512,873,0,1385
3721,942,159,0,1101
3722,421,971,0,1392
3723,723,681,0,1404
3724,614,724,0,1338
3725,8,19,0,27
3726,958,376,0,1334
3727,126,103,0,229
3728,618,828,0,1446
3729,648,427,0,1075
3730,549,592,0,1141
3731,189,249,0,438
3732,773,218,0,991
3733,205,976,0,1181
3734,681,399,0,1080
3735,619,585,0,1204
3736,65,888,0,953
3737,99,965,0,1064
3738,697,762,0,1459
3739,442,88,0,530
3740,448,854,0,1302
3741,482,143,0,625
3742,280,24,0,304
3743,967,876,0,1843
3744,573,753,0,1326
3745,360,699,0,1059
3746,699,649,0,1348
3747,528,432,0,960
3748,41,546,0,587
3749,800,657,0,1457
3750,783,72,0,855
3751,809,1000,0,1809
3752,139,609,0,748
3753,971,621,0,1592
3754,201,113,0,314
3755,312,516,0,828
3756,190,166,0,356
3757,319,319,0,638
3758,853,109,0,962
3759,202,460,0,662
3760,711,49,0,760
3761,324,687,0,1011
3762,941,516,0,1457
3763,399,77,0,476
3764,828,643,0,1471
3765,222,423,0,645
3766,908,810,0,1718
3767,405,106,0,511
3768,976,722,0,1698
3769,286,359,0,645
3770,336,638,0,974
3771,470,644,0,1114
3772,407,597,0,1004
3773,170,979,0,1149
3774,636,110,0,746
3775,999,769,0,1768
3776,669,587,0,1256
3777,993,319,0,1312
3778,829,367,0,1196
3779,87,373,0,460
3780,350,438,0,788
3781,910,371,0,1281
3782,427,390,0,817
3783,995,560,0,1555
3784,697,969,0,1666
3785,873,281,0,1154
3786,637,77,0,714
3787,626,617,0,1243
3788,346,634,0,980
3789,583,322,0,905
3790,67,696,0,763
3791,997,178,0,1175
3792,337,159,0,496
3793,244,872,0,1116
3794,283,773,0,1056
3795,842,318,0,1160
3796,816,335,0,1151
3797,627,622,0,1249
3798,935,629,0,1564
3799,707,985,0,1692
3800,401,87,0,488
3801,519,695,0,1214
3802,692,70,0,762
3803,647,963,0,1610
3804,819,997,0,1816
3805,979,145,0,1124
3806,845,404,0,1249
3807,544,863,0,1407
3808,935,731,0,1666
3809,636,956,0,1592
3810,690,347,0,1037
3811,171,455,0,626
3812,522,378,0,900
3813,26,578,0,604
3814,332,534,0,866
3815,977,261,0,1238
3816,926,267,0,1193
3817,229,881,0,1110
3818,710,813,0,1523
3819,556,722,0,1278
3820,587,909,0,1496
3821,549,66,0,615
3822,680,223,0,903
3823,63,987,0,1050
3824,82,252,0,334
3825,538,982,0,1520
3826,117,86,0,203
3827,372,880,0,1252
3828,572,200,0,772
3829,614,286,0,900
3830,393,782,0,1175
3831,536,619,0,1155
3832,786,346,0,1132
3833,66,235,0,301
3834,331,695,0,1026
3835,570,402,0,972
3836,128,274,0,402
3837,653,183,0,836
3838,764,927,0,1691
3839,851,22,0,873
3840,945,532,0,1477
3841,840,308,0,1148
3842,137,402,0,539
3843,107,400,0,507
3844,112,959,0,1071
3845,639,316,0,955
3846,108,392,0,500
3847,990,600,0,1590
3848,393,662,0,1055
3849,783,379,0,1162
3850,740,740,0,1480
3851,356,644,0,1000
3852,641,225,0,866
3853,508,7,0,515
3854,218,806,0,1024
3855,907,918,0,1825
3856,818,130,0,948
3857,436,92,0,528
3858,131,872,0,1003
3859,549,694,0,1243
3860,356,960,0,1316
3861,585,956,0,1541
3862,683,661,0,1344
3863,457,486,0,943
3864,119,857,0,976
3865,719,836,0,1555
3866,360,317,0,677
3867,427,873,0,1300
3868,440,876,0,1316
3869,144,881,0,1025
3870,431,409,0,840
3871,322,551,0,873
3872,211,614,0,825
3873,437,373,0,810
3874,971,168,0,1139
3875,340,229,0,569
3876,447,230,0,677
3877,231,272,0,503
3878,460,185,0,645
3879,269,989,0,1258
3880,307,39,0,346
3881,19,428,0,447
3882,566,796,0,1362
3883,826,395,0,1221
3884,956,838,0,1794
3885,741,190,0,931
3886,928,421,0,1349
3887,9,72,0,81
3888,479,343,0,822
3889,628,583,0,1211
3890,795,445,0,1240
3891,867,180,0,1047
3892,410,358,0,768
3893,869,911,0,1780
3894,279,746,0,1025
3895,706,631,0,1337
3896,992,412,0,1404
3897,379,280,0,659
3898,542,995,0,1537
3899,251,355,0,606
3900,36,590,0,626
3901,166,841,0,1007
3902,103,757,0,860
3903,138,837,0,975
3904,900,145,0,1045
3905,807,339,0,1146
3906,398,508,0,906
3907,596,220,0,816
3908,908,622,0,1530
3909,233,240,0,473
3910,170,434,0,604
3911,894,458,0,1352
3912,393,645,0,1038
3913,251,944,0,1195
3914,632,3,0,635
3915,562,897,0,1459
3916,219,174,0,393
3917,134,156,0,290
3918,181,406,0,587
3919,847,232,0,1079
3920,600,928,0,1528
3921,274,462,0,736
3922,953,609,0,1562
3923,947,415,0,1362
3924,428,173,0,601
3925,166,781,0,947
3926,114,804,0,918
3927,794,101,0,895
3928,766,675,0,1441
3929,238,180,0,418
3930,653,92,0,745
3931,555,832,0,1387
3932,555,865,0,1420
3933,890,855,0,1745
3934,107,399,0,506
3935,956,728,0,1684
3936,325,76,0,401
3937,952,964,0,1916
3938,667,114,0,781
3939,179,39,0,218
3940,61,376,0,437
3941,369,502,0,871
3942,103,278,0,381
3943,101,685,0,786
3944,713,361,0,1074
3945,378,57,0,435
3946,226,960,0,1186
3947,845,711,0,1556
3948,399,785,0,1184
3949,553,856,0,1409
3950,796,587,0,1383
3951,717,388,0,1105
3952,435,730,0,1165
3953,123,253,0,376
3954,934,774,0,1708
3955,486,45,0,531
3956,294,406,0,700
3957,552,600,0,1152
3958,252,209,0,461
3959,952,550,0,1502
3960,208,881,0,1089
3961,759,666,0,1425
3962,779,864,0,1643
3963,98,895,0,993
3964,247,836,0,1083
3965,799,608,0,1407
3966,923,826,0,1749
3967,615,617,0,1232
3968,807,992,0,1799
3969,347,487,0,834
3970,924,27,0,951
3971,207,268,0,475
3972,607,199,0,806
3973,297,333,0,630
3974,54,384,0,438
3975,782,85,0,867
3976,579,164,0,743
3977,372,916,0,1288
3978,905,152,0,1057
3979,80,808,0,888
3980,7,218,0,225
3981,582,638,0,1220
3982,966,842,0,1808
3983,927,710,0,1637
3984,251,432,0,683
3985,988,894,0,1882
3986,932,350,0,1282
3987,717,753,0,1470
3988,283,130,0,413
3989,487,122,0,609
3990,320,469,0,789
3991,48,239,0,287
3992,595,785,0,1380
3993,95,970,0,1065
3994,253,186,0,439
3995,102,778,0,880
3996,142,732,0,874
3997,512,982,0,1494
3998,974,230,0,1204
3999,939,694,0,1633
4000,421,749,0,1170
4001,500,885,0,1385
4002,866,463,0,1329
4003,68,83,0,151
4004,265,633,0,898
4005,20,582,0,602
4006,465,27,0,492
4007,898,327,0,1225
4008,550,422,0,972
4009,979,145,0,1124
4010,425,430,0,855
4011,342,476,0,818
4012,946,223,0,1169
4013,424,980,0,1404
4014,528,357,0,885
4015,207,402,0,609
4016,742,644,0,1386
4017,944,424,0,1368
4018,696,44,0,740
4019,978,846,0,1824
4020,305,945,0,1250
4021,589,206,0,795
4022,934,697,0,1631
4023,704,36,0,740
4024,23,858,0,881
4025,535,864,0,1399
4026,167,499,0,666
4027,415,444,0,859
4028,5,916,0,921
4029,441,525,0,966
4030,933,703,0,1636
4031,660,150,0,810
4032,293,407,0,700
4033,185,155,0,340
4034,981,238,0,1219
4035,896,426,0,1322
4036,103,38,0,141
4037,660,366,0,1026
4038,76,760,0,836
4039,732,521,0,1253
4040,321,1000,0,1321
4041,277,966,0,1243
4042,411,602,0,1013
4043,911,313,0,1224
4044,166,793,0,959
4045,202,23,0,225
4046,156,628,0,784
4047,939,869,0,1808
4048,389,591,0,980
4049,749,153,0,902
4050,942,830,0,1772
4051,937,165,0,1102
4052,971,611,0,1582
4053,685,636,0,1321
4054,796,674,0,1470
4055,238,81,0,319
4056,260,82,0,342
4057,688,597,0,1285
4058,22,498,0,520
4059,580,823,0,1403
4060,155,717,0,872
4061,736,722,0,1458
4062,665,122,0,787
4063,934,515,0,1449
4064,465,583,0,1048
4065,389,799,0,1188
4066,378,722,0,1100
4067,154,897,0,1051
4068,426,148,0,574
4069,271,929,0,1200
4070,863,903,0,1766
4071,1,905,0,906
4072,640,589,0,1229
4073,710,530,0,1240
4074,283,831,0,1114
4075,742,495,0,1237
4076,648,369,0,1017
4077,486,789,0,1275
4078,634,753,0,1387
4079,586,820,0,1406
4080,975,25,0,1000
4081,807,244,0,1051
4082,486,473,0,959
4083,857,342,0,1199
4084,755,311,0,1066
4085,614,272,0,886
4086,937,492,0,1429
4087,753,12,0,765
4088,195,93,0,288
4089,861,663,0,1524
4090,710,839,0,1549
4091,695,607,0,1302
4092,642,484,0,1126
4093,771,806,0,1577
4094,339,766,0,1105
4095,117,561,0,678
4096,393,390,0,783
4097,385,905,0,1290
4098,496,643,0,1139
4099,673,232,0,905
4100,359,850,0,1209
4101,53,766,0,819
4102,66,47,0,113
4103,213,78,0,291
4104,648,996,0,1644
4105,841,286,0,1127
4106,928,218,0,1146
4107,938,65,0,1003
4108,385,688,0,1073
4109,346,929,0,1275
4110,805,227,0,1032
4111,442,638,0,1080
4112,68,544,0,612
4113,352,229,0,581
4114,785,673,0,1458
4115,983,242,0,1225
4116,427,523,0,950
4117,290,655,0,945
4118,727,174,0,901
4119,613,934,0,1547
4120,891,7,0,898
4121,849,897,0,1746
4122,458,267,0,725
4123,310,637,0,947
4124,685,739,0,1424
4125,837,358,0,1195
4126,226,763,0,989
4127,260,372,0,632
4128,964,993,0,1957
4129,617,194,0,811
4130,858,782,0,1640
4131,348,539,0,887
4132,595,40,0,635
4133,573,602,0,1175
4134,932,937,0,1869
4135,606,209,0,815
4136,337,158,0,495
4137,468,420,0,888
4138,361,777,0,1138
4139,638,567,0,1205
4140,590,134,0,724
4141,733,806,0,1539
4142,588,89,0,677
4143,240,497,0,737
4144,568,670,0,1238
4145,388,818,0,1206
4146,315,866,0,1181
4147,318,207,0,525
4148,367,740,0,1107
4149,354,702,0,1056
4150,324,226,0,550
4151,991,939,0,1930
4152,618,903,0,1521
4153,435,373,0,808
4154,575,523,0,1098
4155,310,610,0,920
4156,184,778,0,962
4157,334,149,0,483
4158,351,51,0,402
4159,787,955,0,1742
4160,544,745,0,1289
4161,139,227,0,366
4162,727,142,0,869
4163,462,495,0,957
4164,521,281,0,802
4165,507,681,0,1188
4166,810,351,0,1161
4167,980,798,0,1778
4168,200,723,0,923
4169,726,312,0,1038
4170,497,884,0,1381
4171,600,349,0,949
4172,895,210,0,1105
4173,102,111,0,213
4174,692,58,0,750
4175,40,122,0,162
4176,359,465,0,824
4177,631,375,0,1006
4178,118,555,0,673
4179,107,195,0,302
4180,754,367,0,1121
4181,882,139,0,1021
4182,537,446,0,983
4183,3,66,0,69
4184,182,189,0,371
4185,586,550,0,1136
4186,577,659,0,1236
4187,440,376,0,816
4188,996,328,0,1324
4189,277,51,0,328
4190,64,562,0,626
4191,101,423,0,524
4192,409,163,0,572
4193,270,815,0,1085
4194,155,296,0,451
4195,905,878,0,1783
4196,869,150,0,1019
4197,19,820,0,839
4198,686,117,0,803
4199,77,93,0,170
4200,262,851,0,1113
4201,586,186,0,772
4202,911,867,0,1778
4203,641,559,0,1200
4204,569,242,0,811
4205,757,178,0,935
4206,548,143,0,691
4207,643,96,0,739
4208,492,625,0,1117
4209,819,262,0,1081
4210,884,971,0,1855
4211,548,259,0,807
4212,253,342,0,595
4213,278,125,0,403
4214,237,676,0,913
4215,499,593,0,1092
4216,707,355,0,1062
4217,820,349,0,1169
4218,934,545,0,1479
4219,763,513,0,1276
4220,207,394,0,601
4221,158,385,0,543
4222,762,874,0,1636
4223,865,811,0,1676
4224,106,636,0,742
4225,771,530,0,1301
4226,305,4,0,309
4227,133,371,0,504
4228,403,705,0,1108
4229,151,439,0,590
4230,604,843,0,1447
4231,958,665,0,1623
4232,712,755,0,1467
4233,88,641,0,729
4234,876,2,0,878
4235,883,301,0,1184
4236,310,587,0,897
4237,24,623,0,647
4238,292,709,0,1001
4239,669,32,0,701
4240,862,763,0,1625
4241,693,446,0,1139
4242,467,413,0,880
4243,406,125,0,531
4244,314,469,0,783
4245,532,644,0,1176
4246,329,34,0,363
4247,33,664,0,697
4248,883,144,0,1027
4249,609,877,0,1486
4250,482,623,0,1105
4251,801,996,0,1797
4252,490,866,0,1356
4253,324,326,0,650
4254,26,346,0,372
4255,386,322,0,708
4256,23,570,0,593
4257,951,331,0,1282
4258,694,447,0,1141
4259,934,196,0,1130
4260,848,550,0,1398
4261,389,462,0,851
4262,797,438,0,1235
4263,193,823,0,1016
4264,314,408,0,722
4265,171,181,0,352
4266,226,407,0,633
4267,948,550,0,1498
4268,320,519,0,839
4269,768,73,0,841
4270,903,475,0,1378
4271,811,113,0,924
4272,68,955,0,1023
4273,192,262,0,454
4274,613,430,0,1043
4275,974,28,0,1002
4276,911,645,0,1556
4277,346,235,0,581
4278,937,315,0,1252
4279,909,63,0,972
4280,651,925,0,1576
4281,567,139,0,706
4282,22,496,0,518
4283,290,208,0,498
4284,752,283,0,1035
4285,228,350,0,578
4286,825,83,0,908
4287,208,959,0,1167
4288,261,497,0,758
4289,297,284,0,581
4290,734,466,0,1200
4291,884,860,0,1744
4292,753,39,0,792
4293,638,528,0,1166
4294,334,565,0,899
4295,738,257,0,995
4296,687,34,0,721
4297,970,585,0,1555
4298,667,227,0,894
4299,28,297,0,325
4300,241,975,0,1216
4301,601,925,0,1526
4302,351,674,0,1025
4303,36,212,0,248
4304,560,401,0,961
4305,265,1000,0,1265
4306,299,240,0,539
4307,274,715,0,989
4308,802,532,0,1334
4309,257,637,0,894
4310,614,926,0,1540
4311,88,567,0,655
4312,879,229,0,1108
4313,710,949,0,1659
4314,538,75,0,613
4315,105,426,0,531
4316,160,537,0,697
4317,646,797,0,1443
4318,833,698,0,1531
4319,664,551,0,1215
4320,646,348,0,994
4321,36,135,0,171
4322,340,427,0,767
4323,724,841,0,1565
4324,42,492,0,534
4325,978,825,0,1803
4326,849,986,0,1835
4327,533,923,0,1456
4328,89,947,0,1036
4329,93,592,0,685
4330,676,547,0,1223
4331,25,650,0,675
4332,865,450,0,1315
4333,256,636,0,892
4334,277,934,0,1211
4335,578,666,0,1244
4336,805,517,0,1322
4337,927,241,0,1168
4338,524,697,0,1221
4339,801,25,0,826
4340,881,729,0,1610
4341,171,134,0,305
4342,173,926,0,1099
4343,693,254,0,947
4344,250,65,0,315
4345,709,966,0,1675
4346,460,260,0,720
4347,790,833,0,1623
4348,696,226,0,922
4349,723,354,0,1077
4350,164,573,0,737
4351,23,575,0,598
4352,213,389,0,602
4353,105,586,0,691
4354,630,440,0,1070
4355,652,684,0,1336
4356,326,618,0,944
4357,92,679,0,771
4358,20,853,0,873
4359,678,339,0,1017
4360,352,846,0,1198
4361,40,75,0,115
4362,282,217,0,499
4363,85,359,0,444
4364,852,554,0,1406
4365,710,526,0,1236
4366,641,645,0,1286
4367,702,179,0,881
4368,485,317,0,802
4369,694,799,0,1493
4370,877,936,0,1813
4371,676,102,0,778
4372,70,607,0,677
4373,818,952,0,1770
4374,235,837,0,1072
4375,544,52,0,596
4376,329,274,0,603
4377,687,293,0,980
4378,896,739,0,1635
4379,777,953,0,1730
4380,236,705,0,941
4381,73,621,0,694
4382,875,259,0,1134
4383,88,109,0,197
4384,639,333,0,972
4385,319,940,0,1259
4386,842,983,0,1825
4387,321,115,0,436
4388,590,137,0,727
4389,435,927,0,1362
4390,840,514,0,1354
4391,886,172,0,1058
4392,370,567,0,937
4393,297,198,0,495
4394,552,368,0,920
4395,119,593,0,712
4396,718,471,0,1189
4397,490,544,0,1034
4398,975,107,0,1082
4399,929,65,0,994
4400,427,606,0,1033
4401,771,687,0,1458
4402,201,857,0,1058
4403,326,93,0,419
4404,32,738,0,770
4405,825,274,0,1099
4406,492,653,0,1145
4407,122,108,0,230
4408,103,811,0,914
4409,245,367,0,612
4410,125,998,0,1123
4411,250,875,0,1125
4412,562,290,0,852
4413,390,449,0,839
4414,549,449,0,998
4415,949,992,0,1941
4416,977,965,0,1942
4417,799,565,0,1364
4418,354,137,0,491
4419,425,277,0,702
4420,540,501,0,1041
4421,78,170,0,248
4422,913,694,0,1607
4423,742,778,0,1520
4424,140,686,0,826
4425,994,576,0,1570
4426,109,534,0,643
4427,444,968,0,1412
4428,658,841,0,1499
4429,527,334,0,861
4430,879,861,0,1740
4431,793,710,0,1503
4432,415,743,0,1158
4433,883,424,0,1307
4434,664,225,0,889
4435,870,124,0,994
4436,398,115,0,513
4437,752,923,0,1675
4438,463,614,0,1077
4439,759,831,0,1590
4440,903,560,0,1463
4441,125,157,0,282
4442,469,444,0,913
4443,770,549,0,1319
4444,981,942,0,1923
4445,594,538,0,1132
4446,222,847,0,1069
4447,749,162,0,911
4448,939,798,0,1737
4449,1000,31,0,1031
4450,871,56,0,927
4451,996,429,0,1425
4452,429,733,0,1162
4453,441,981,0,1422
4454,545,859,0,1404
4455,287,382,0,669
4456,278,601,0,879
4457,883,707,0,1590
4458,771,682,0,1453
4459,530,999,0,1529
4460,367,524,0,891
4461,300,970,0,1270
4462,977,63,0,1040
4463,651,88,0,739
4464,336,90,0,426
4465,573,485,0,1058
4466,660,845,0,1505
4467,155,782,0,937
4468,458,9,0,467
4469,321,831,0,1152
4470,770,882,0,1652
4471,178,808,0,986
4472,766,859,0,1625
4473,4,476,0,480
4474,637,583,0,1220
4475,959,439,0,1398
4476,342,306,0,648
4477,51,223,0,274
4478,108,645,0,753
4479,157,45,0,202
4480,926,887,0,1813
4481,470,519,0,989
4482,926,323,0,1249
4483,819,195,0,1014
4484,3,708,0,711
4485,309,836,0,1145
4486,541,409,0,950
4487,145,936,0,1081
4488,75,824,0,899
4489,257,410,0,667
4490,225,675,0,900
4491,22,560,0,582
4492,897,940,0,1837
4493,859,351,0,1210
4494,568,114,0,682
4495,45,651,0,696
4496,498,0,0,498
4497,772,445,0,1217
4498,703,697,0,1400
4499,158,568,0,726
4500,817,821,0,1638
4501,501,210,0,711
4502,433,563,0,996
4503,361,298,0,659
4504,617,350,0,967
4505,175,384,0,559
4506,518,408,0,926
4507,64,996,0,1060
4508,323,20,0,343
4509,467,540,0,1007
4510,229,263,0,492
4511,162,428,0,590
4512,120,391,0,511
4513,70,1000,0,1070
4514,656,539,0,1195
4515,738,851,0,1589
4516,628,654,0,1282
4517,831,552,0,1383
4518,937,706,0,1643
4519,507,722,0,1229
4520,576,730,0,1306
4521,139,92,0,231
4522,979,822,0,1801
4523,827,149,0,976
4524,195,266,0,461
4525,150,861,0,1011
4526,608,167,0,775
4527,916,862,0,1778
4528,730,101,0,831
4529,193,838,0,1031
4530,602,746,0,1348
4531,614,155,0,769
4532,940,829,0,1769
4533,396,618,0,1014
4534,48,443,0,491
4535,300,857,0,1157
4536,781,990,0,1771
4537,508,749,0,1257
4538,451,468,0,919
4539,524,939,0,1463
4540,340,477,0,817
4541,50,506,0,556
4542,835,294,0,1129
4543,975,179,0,1154
4544,694,215,0,909
4545,19,47,0,66
4546,995,364,0,1359
4547,248,763,0,1011
4548,790,807,0,1597
4549,87,776,0,863
4550,369,897,0,1266
4551,1,309,0,310
4552,232,92,0,324
4553,545,934,0,1479
4554,323,406,0,729
4555,984,358,0,1342
4556,33,954,0,987
4557,238,958,0,1196
4558,597,558,0,1155
4559,873,740,0,1613
4560,873,453,0,1326
4561,107,965,0,1072
4562,707,965,0,1672
4563,136,227,0,363
4564,760,589,0,1349
4565,5,23,0,28
4566,281,815,0,1096
4567,415,50,0,465
4568,499,73,0,572
4569,542,491,0,1033
4570,743,275,0,1018
4571,30,472,0,502
4572,575,443,0,1018
4573,772,618,0,1390
4574,354,117,0,471
4575,875,401,0,1276
4576,18,150,0,168
4577,877,843,0,1720
4578,172,23,0,195
4579,348,934,0,1282
4580,619,131,0,750
4581,33,562,0,595
4582,298,476,0,774
4583,24,800,0,824
4584,563,536,0,1099
4585,959,420,0,1379
4586,282,437,0,719
4587,808,387,0,1195
4588,359,900,0,1259
4589,588,791,0,1379
4590,311,955,0,1266
4591,614,926,0,1540
4592,255,162,0,417
4593,217,588,0,805
4594,935,133,0,1068
4595,533,516,0,1049
4596,367,159,0,526
4597,500,529,0,1029
4598,749,456,0,1205
4599,952,676,0,1628
4600,527,540,0,1067
4601,343,503,0,846
4602,128,876,0,1004
4603,534,561,0,1095
4604,920,159,0,1079
4605,662,996,0,1658
4606,441,898,0,1339
4607,383,478,0,861
4608,857,750,0,1607
4609,381,681,0,1062
4610,879,412,0,1291
4611,648,911,0,1559
4612,974,407,0,1381
4613,99,928,0,1027
4614,870,457,0,1327
4615,949,810,0,1759
4616,75,333,0,408
4617,64,591,0,655
4618,692,712,0,1404
4619,597,250,0,847
4620,650,346,0,996
4621,622,297,0,919
4622,591,257,0,848
4623,322,376,0,698
4624,953,451,0,1404
4625,366,360,0,726
4626,12,59,0,71
4627,630,306,0,936
4628,548,858,0,1406
4629,655,868,0,1523
4630,924,744,0,1668
4631,538,275,0,813
4632,382,545,0,927
4633,934,726,0,1660
4634,866,59,0,925
4635,903,896,0,1799
4636,242,539,0,781
4637,200,155,0,355
4638,268,966,0,1234
4639,918,420,0,1338
4640,867,579,0,1446
4641,859,724,0,1583
4642,45,31,0,76
4643,738,560,0,1298
4644,592,87,0,679
4645,2,101,0,103
4646,829,323,0,1152
4647,908,254,0,1162
4648,549,878,0,1427
4649,646,174,0,820
4650,860,850,0,1710
4651,477,915,0,1392
4652,484,425,0,909
4653,276,977,0,1253
4654,554,487,0,1041
4655,960,382,0,1342
4656,530,529,0,1059
4657,136,249,0,385
4658,190,925,0,1115
4659,556,923,0,1479
4660,481,478,0,959
4661,638,148,0,786
4662,937,233,0,1170
4663,123,312,0,435
4664,35,833,0,868
4665,510,208,0,718
4666,654,81,0,735
4667,250,28,0,278
4668,854,845,0,1699
4669,2,685,0,687
4670,296,419,0,715
4671,563,111,0,674
4672,959,414,0,1373
4673,729,116,0,845
4674,288,738,0,1026
4675,213,699,0,912
4676,124,75,0,199
4677,302,415,0,717
4678,877,162,0,1039
4679,97,455,0,552
4680,406,264,0,670
4681,926,122,0,1048
4682,825,653,0,1478
4683,712,161,0,873
4684,27,911,0,938
4685,209,725,0,934
4686,30,400,0,430
4687,975,398,0,1373
4688,856,735,0,1591
4689,46,449,0,495
4690,896,900,0,1796
4691,450,345,0,795
4692,674,840,0,1514
4693,825,190,0,1015
4694,104,267,0,371
4695,548,633,0,1181
4696,144,774,0,918
4697,639,582,0,1221
4698,8,475,0,483
4699,50,30,0,80
4700,756,496,0,1252
4701,202,366,0,568
4702,506,665,0,1171
4703,170,679,0,849
4704,182,584,0,766
4705,405,764,0,1169
4706,704,272,0,976
4707,937,480,0,1417
4708,6,561,0,567
4709,290,212,0,502
4710,710,271,0,981
4711,105,580,0,685
4712,476,488,0,964
4713,82,352,0,434
4714,516,327,0,843
4715,937,249,0,1186
4716,233,313,0,546
4717,178,4,0,182
4718,373,626,0,999
4719,342,371,0,713
4720,459,989,0,1448
4721,769,720,0,1489
4722,588,750,0,1338
4723,261,818,0,1079
4724,832,199,0,1031
4725,570,993,0,1563
4726,42,480,0,522
4727,753,378,0,1131
4728,987,500,0,1487
4729,0,281,0,281
4730,666,794,0,1460
4731,445,369,0,814
4732,260,280,0,540
4733,476,179,0,655
4734,710,530,0,1240
4735,691,54,0,745
4736,609,590,0,1199
4737,604,635,0,1239
4738,374,179,0,553
4739,789,16,0,805
4740,484,1000,0,1484
4741,543,709,0,1252
4742,435,94,0,529
4743,920,69,0,989
4744,966,601,0,1567
4745,23,915,0,938
4746,258,957,0,1215
4747,996,609,0,1605
4748,496,891,0,1387
4749,210,15,0,225
4750,769,43,0,812
4751,452,211,0,663
4752,987,782,0,1769
4753,435,399,0,834
4754,544,453,0,997
4755,519,5,0,524
4756,469,673,0,1142
4757,664,482,0,1146
4758,365,754,0,1119
4759,831,193,0,1024
4760,128,855,0,983
4761,916,897,0,1813
4762,667,303,0,970
4763,512,618,0,1130
4764,95,54,0,149
4765,261,905,0,1166
4766,13,790,0,803
4767,492,231,0,723
4768,813,848,0,1661
4769,497,755,0,1252
4770,508,210,0,718
4771,323,535,0,858
4772,177,136,0,313
4773,30,471,0,501
4774,731,330,0,1061
4775,145,11,0,156
4776,802,128,0,930
4777,114,592,0,706
4778,155,399,0,554
4779,737,189,0,926
4780,394,16,0,410
4781,167,81,0,248
4782,665,366,0,1031
4783,123,592,0,715
4784,667,207,0,874
4785,159,180,0,339
4786,804,682,0,1486
4787,596,636,0,1232
4788,504,49,0,553
4789,142,638,0,780
4790,642,617,0,1259
4791,682,672,0,1354
4792,500,27,0,527
4793,251,537,0,788
4794,1,589,0,590
4795,845,364,0,1209
4796,923,858,0,1781
4797,773,785,0,1558
4798,567,243,0,810
4799,554,444,0,998
4800,323,884,0,1207
4801,236,733,0,969
4802,142,491,0,633
4803,190,935,0,1125
4804,423,784,0,1207
4805,536,523,0,1059
4806,92,57,0,149
4807,332,795,0,1127
4808,181,19,0,200
4809,107,602,0,709
4810,719,448,0,1167
4811,21,90,0,111
4812,475,891,0,1366
4813,74,126,0,200
4814,343,476,0,819
4815,318,744,0,1062
4816,48,637,0,685
4817,462,924,0,1386
4818,470,206,0,676
4819,813,678,0,1491
4820,686,955,0,1641
4821,320,970,0,1290
4822,87,858,0,945
4823,21,785,0,806
4824,672,603,0,1275
4825,897,427,0,1324
4826,783,841,0,1624
4827,14,887,0,901
4828,616,228,0,844
4829,359,562,0,921
4830,84,578,0,662
4831,466,66,0,532
4832,819,997,0,1816
4833,59,181,0,240
4834,335,244,0,579
4835,299,856,0,1155
4836,58,428,0,486
4837,794,47,0,841
4838,885,484,0,1369
4839,60,473,0,533
4840,335,780,0,1115
4841,132,357,0,489
4842,874,921,0,1795
4843,522,190,0,712
4844,661,68,0,729
4845,3,389,0,392
4846,667,349,0,1016
4847,117,178,0,295
4848,453,983,0,1436
4849,871,134,0,1005
4850,336,186,0,522
4851,49,529,0,578
4852,999,560,0,1559
4853,131,835,0,966
4854,670,352,0,1022
4855,12,276,0,288
4856,201,406,0,607
4857,703,34,0,737
4858,366,354,0,720
4859,869,352,0,1221
4860,499,801,0,1300
4861,509,774,0,1283
4862,492,458,0,950
4863,545,744,0,1289
4864,181,441,0,622
4865,999,74,0,1073
4866,568,301,0,869
4867,549,435,0,984
4868,529,796,0,1325
4869,237,258,0,495
4870,893,532,0,1425
4871,962,585,0,1547
4872,384,796,0,1180
4873,794,760,0,1554
4874,877,903,0,1780
4875,891,576,0,1467
4876,310,971,0,1281
4877,579,881,0,1460
4878,830,440,0,1270
4879,963,954,0,1917
4880,714,790,0,1504
4881,339,803,0,1142
4882,859,492,0,1351
4883,645,530,0,1175
4884,800,19,0,819
4885,263,114,0,377
4886,949,946,0,1895
4887,201,13,0,214
4888,16,149,0,165
4889,22,44,0,66
4890,221,806,0,1027
4891,321,786,0,1107
4892,752,621,0,1373
4893,514,576,0,1090
4894,575,101,0,676
4895,760,923,0,1683
4896,790,64,0,854
4897,789,366,0,1155
4898,538,520,0,1058
4899,834,844,0,1678
4900,138,173,0,311
4901,659,295,0,954
4902,545,84,0,629
4903,154,0,0,154
4904,902,80,0,982
4905,773,97,0,870
4906,810,977,0,1787
4907,827,128,0,955
4908,124,667,0,791
4909,201,839,0,1040
4910,18,171,0,189
4911,249,556,0,805
4912,859,422,0,1281
4913,184,447,0,631
4914,580,758,0,1338
4915,184,428,0,612
4916,181,572,0,753
4917,302,319,0,621
4918,985,765,0,1750
4919,921,732,0,1653
4920,508,950,0,1458
4921,805,954,0,1759
4922,245,305,0,550
4923,266,703,0,969
4924,61,814,0,875
4925,292,48,0,340
4926,112,936,0,1048
4927,818,248,0,1066
4928,813,616,0,1429
4929,21,714,0,735
4930,956,196,0,1152
4931,210,488,0,698
4932,394,9,0,403
4933,562,384,0,946
4934,742,868,0,1610
4935,155,455,0,610
4936,726,290,0,1016
4937,426,496,0,922
4938,717,326,0,1043
4939,110,944,0,1054
4940,531,697,0,1228
4941,182,652,0,834
4942,129,974,0,1103
4943,351,879,0,1230
4944,587,34,0,621
4945,375,128,0,503
4946,897,557,0,1454
4947,50,933,0,983
4948,101,795,0,896
4949,474,34,0,508
4950,403,240,0,643
4951,492,192,0,684
4952,834,556,0,1390
4953,856,413,0,1269
4954,373,169,0,542
4955,922,547,0,1469
4956,666,88,0,754
4957,836,911,0,1747
4958,162,793,0,955
4959,183,839,0,1022
4960,53,701,0,754
4961,516,330,0,846
4962,62,321,0,383
4963,95,987,0,1082
4964,266,483,0,749
4965,986,343,0,1329
4966,717,59,0,776
4967,656,890,0,1546
4968,96,613,0,709
4969,552,928,0,1480
4970,656,292,0,948
4971,32,911,0,943
4972,314,173,0,487
4973,308,503,0,811
4974,260,707,0,967
4975,946,579,0,1525
4976,76,834,0,910
4977,269,851,0,1120
4978,503,624,0,1127
4979,312,979,0,1291
4980,302,202,0,504
4981,529,664,0,1193
4982,812,849,0,1661
4983,941,346,0,1287
4984,129,406,0,535
4985,460,202,0,662
4986,323,190,0,513
4987,830,667,0,1497
4988,877,985,0,1862
4989,676,722,0,1398
4990,639,503,0,1142
4991,983,192,0,1175
4992,13,91,0,104
4993,682,486,0,1168
4994,430,63,0,493
4995,399,215,0,614
4996,351,427,0,778
4997,475,433,0,908
4998,325,601,0,926
4999,979,555,0,1534
5000,634,115,0,749
5001,840,879,0,1719
5002,103,318,0,421
5003,467,581,0,1048
5004,945,353,0,1298
5005,326,982,0,1308
5006,816,707,0,1523
5007,47,27,0,74
5008,825,991,0,1816
5009,794,431,0,1225
5010,249,607,0,856
5011,444,475,0,919
5012,184,274,0,458
5013,784,507,0,1291
5014,14,588,0,602
5015,691,563,0,1254
5016,824,48,0,872
5017,886,973,0,1859
5018,179,658,0,837
5019,534,99,0,633
5020,779,4,0,783
5021,358,630,0,988
5022,768,432,0,1200
5023,234,617,0,851
5024,869,909,0,1778
5025,659,711,0,1370
5026,873,401,0,1274
5027,875,241,0,1116
5028,844,819,0,1663
5029,636,839,0,1475
5030,513,645,0,1158
5031,647,222,0,869
5032,769,854,0,1623
5033,808,198,0,1006
5034,593,564,0,1157
5035,397,502,0,899
5036,958,993,0,1951
5037,525,343,0,868
5038,867,329,0,1196
5039,641,190,0,831
5040,655,588,0,1243
5041,355,833,0,1188
5042,160,11,0,171
5043,252,342,0,594
5044,878,841,0,1719
5045,368,492,0,860
5046,705,145,0,850
5047,36,877,0,913
5048,537,688,0,1225
5049,306,4,0,310
5050,830,855,0,1685
5051,388,616,0,1004
5052,229,602,0,831
5053,587,173,0,760
5054,49,631,0,680
5055,399,328,0,727
5056,461,945,0,1406
5057,549,93,0,642
5058,786,2,0,788
5059,613,766,0,1379
5060,25,539,0,564
5061,988,541,0,1529
5062,51,64,0,115
5063,755,972,0,1727
5064,750,966,0,1716
5065,909,385,0,1294
5066,17,516,0,533
5067,455,107,0,562
5068,915,609,0,1524
5069,863,150,0,1013
5070,361,532,0,893
5071,282,938,0,1220
5072,604,358,0,962
5073,471,522,0,993
5074,289,114,0,403
5075,665,965,0,1630
5076,195,122,0,317
5077,628,512,0,1140
5078,608,210,0,818
5079,438,289,0,727
5080,23,426,0,449
5081,347,975,0,1322
5082,423,357,0,780
5083,976,208,0,1184
5084,81,730,0,811
5085,671,18,0,689
5086,45,552,0,597
5087,3,898,0,901
5088,158,374,0,532
5089,279,856,0,1135
5090,413,429,0,842
5091,475,49,0,524
5092,276,405,0,681
5093,193,67,0,260
5094,828,13,0,841
5095,57,184,0,241
5096,881,513,0,1394
5097,62,303,0,365
5098,468,570,0,1038
5099,719,415,0,1134
5100,781,639,0,1420
5101,765,543,0,1308
5102,961,738,0,1699
5103,795,316,0,1111
5104,70,662,0,732
5105,696,189,0,885
5106,292,295,0,587
5107,376,372,0,748
5108,979,712,0,1691
5109,578,838,0,1416
5110,483,628,0,1111
5111,695,61,0,756
5112,740,228,0,968
5113,773,830,0,1603
5114,30,480,0,510
5115,846,446,0,1292
5116,359,274,0,633
5117,674,100,0,774
5118,466,5,0,471
5119,463,671,0,1134
5120,98,799,0,897
5121,439,825,0,1264
5122,584,982,0,1566
5123,792,924,0,1716
5124,763,981,0,1744
5125,19,806,0,825
5126,577,424,0,1001
5127,329,722,0,1051
5128,406,281,0,687
5129,558,540,0,1098
5130,288,314,0,602
5131,83,993,0,1076
5132,116,46,0,162
5133,138,875,0,1013
5134,64,174,0,238
5135,650,802,0,1452
5136,55,146,0,201
5137,172,679,0,851
5138,752,989,0,1741
5139,38,575,0,613
5140,550,877,0,1427
5141,699,6,0,705
5142,979,147,0,1126
5143,228,728,0,956
5144,496,713,0,1209
5145,307,211,0,518
5146,110,622,0,732
5147,63,141,0,204
5148,120,200,0,320
5149,998,727,0,1725
5150,619,263,0,882
5151,118,874,0,992
5152,196,990,0,1186
5153,599,877,0,1476
5154,525,571,0,1096
5155,674,392,0,1066
5156,234,249,0,483
5157,398,862,0,1260
5158,735,433,0,1168
5159,774,816,0,1590
5160,574,958,0,1532
5161,325,82,0,407
5162,348,786,0,1134
5163,220,236,0,456
5164,595,647,0,1242
5165,756,71,0,827
5166,459,650,0,1109
5167,549,491,0,1040
5168,117,358,0,475
5169,44,691,0,735
5170,851,137,0,988
5171,287,615,0,902
5172,107,780,0,887
5173,87,304,0,391
5174,809,378,0,1187
5175,31,797,0,828
5176,561,19,0,580
5177,78,577,0,655
5178,550,978,0,1528
5179,690,278,0,968
5180,336,49,0,385
5181,578,345,0,923
5182,189,949,0,1138
5183,455,221,0,676
5184,635,805,0,1440
5185,655,798,0,1453
5186,758,780,0,1538
5187,453,628,0,1081
5188,835,965,0,1800
5189,613,67,0,680
5190,672,844,0,1516
5191,957,935,0,1892
5192,756,590,0,1346
5193,215,189,0,404
5194,502,481,0,983
5195,836,612,0,1448
5196,830,235,0,1065
5197,186,844,0,1030
5198,324,907,0,1231
5199,568,825,0,1393
5200,174,565,0,739
5201,762,338,0,1100
5202,900,884,0,1784
5203,654,398,0,1052
5204,315,511,0,826
5205,910,687,0,1597
5206,920,927,0,1847
5207,505,822,0,1327
5208,741,215,0,956
5209,610,538,0,1148
5210,78,172,0,250
5211,655,611,0,1266
5212,979,672,0,1651
5213,764,529,0,1293
5214,86,83,0,169
5215,833,505,0,1338
5216,878,242,0,1120
5217,173,631,0,804
5218,924,288,0,1212
5219,729,67,0,796
5220,140,913,0,1053
5221,331,644,0,975
5222,424,157,0,581
5223,906,567,0,1473
5224,271,239,0,510
5225,713,206,0,919
5226,115,28,0,143
5227,547,106,0,653
5228,822,410,0,1232
5229,614,26,0,640
5230,419,43,0,462
5231,818,879,0,1697
5232,48,547,0,595
5233,619,754,0,1373
5234,615,605,0,1220
5235,461,225,0,686
5236,955,508,0,1463
5237,950,598,0,1548
5238,526,30,0,556
5239,589,305,0,894
5240,143,99,0,242
5241,750,723,0,1473
5242,523,168,0,691
5243,256,847,0,1103
5244,696,290,0,986
5245,199,823,0,1022
5246,625,939,0,1564
5247,127,781,0,908
5248,64,144,0,208
5249,471,380,0,851
5250,895,604,0,1499
5251,501,125,0,626
5252,33,888,0,921
5253,944,99,0,1043
5254,849,793,0,1642
5255,692,33,0,725
5256,710,538,0,1248
5257,153,137,0,290
5258,786,211,0,997
5259,176,512,0,688
5260,180,415,0,595
5261,930,756,0,1686
5262,59,955,0,1014
5263,158,668,0,826
5264,839,539,0,1378
5265,269,148,0,417
5266,4,717,0,721
5267,221,358,0,579
5268,425,433,0,858
5269,391,587,0,978
5270,89,455,0,544
5271,105,712,0,817
5272,824,744,0,1568
5273,934,365,0,1299
5274,343,10,0,353
5275,109,593,0,702
5276,906,302,0,1208
5277,745,897,0,1642
5278,716,847,0,1563
5279,575,295,0,870
5280,494,727,0,1221
5281,144,420,0,564
5282,370,875,0,1245
5283,222,844,0,1066
5284,525,974,0,1499
5285,325,765,0,1090
5286,718,203,0,921
5287,138,587,0,725
5288,510,950,0,1460
5289,10,54,0,64
5290,602,780,0,1382
5291,697,979,0,1676
5292,949,276,0,1225
5293,493,974,0,1467
5294,299,547,0,846
5295,124,242,0,366
5296,669,827,0,1496
5297,55,157,0,212
5298,155,165,0,320
5299,138,685,0,823
5300,355,606,0,961
5301,113,530,0,643
5302,996,608,0,1604
5303,920,449,0,1369
5304,524,624,0,1148
5305,596,820,0,1416
5306,61,286,0,347
5307,545,101,0,646
5308,725,816,0,1541
5309,901,296,0,1197
5310,514,153,0,667
5311,238,533,0,771
5312,240,124,0,364
5313,889,303,0,1192
5314,696,145,0,841
5315,521,749,0,1270
5316,929,302,0,1231
5317,315,811,0,1126
5318,804,668,0,1472
5319,954,481,0,1435
5320,438,335,0,773
5321,485,752,0,1237
5322,685,86,0,771
5323,795,884,0,1679
5324,339,315,0,654
5325,614,633,0,1247
5326,839,791,0,1630
5327,421,627,0,1048
5328,656,478,0,1134
5329,241,262,0,503
5330,910,459,0,1369
5331,833,864,0,1697
5332,582,649,0,1231
5333,365,367,0,732
5334,85,981,0,1066
5335,602,203,0,805
5336,110,690,0,800
5337,532,569,0,1101
5338,818,294,0,1112
5339,339,659,0,998
5340,36,601,0,637
5341,763,502,0,1265
5342,237,842,0,1079
5343,246,319,0,565
5344,891,395,0,1286
5345,603,505,0,1108
5346,285,565,0,850
5347,724,650,0,1374
5348,938,51,0,989
5349,890,349,0,1239
5350,260,917,0,1177
5351,700,399,0,1099
5352,297,18,0,315
5353,300,206,0,506
5354,769,118,0,887
5355,652,720,0,1372
5356,392,513,0,905
5357,476,359,0,835
5358,331,713,0,1044
5359,582,968,0,1550
5360,505,378,0,883
5361,172,126,0,298
5362,187,120,0,307
5363,341,803,0,1144
5364,728,7,0,735
5365,891,384,0,1275
5366,603,939,0,1542
5367,301,873,0,1174
5368,420,87,0,507
5369,608,4,0,612
5370,989,253,0,1242
5371,698,359,0,1057
5372,617,810,0,1427
5373,940,761,0,1701
5374,734,877,0,1611
5375,653,562,0,1215
5376,962,730,0,1692
5377,531,806,0,1337
5378,474,154,0,628
5379,801,195,0,996
5380,661,278,0,939
5381,797,547,0,1344
5382,131,89,0,220
5383,761,954,0,1715
5384,184,321,0,505
5385,556,145,0,701
5386,57,608,0,665
5387,744,703,0,1447
5388,756,636,0,1392
5389,806,105,0,911
5390,687,341,0,1028
5391,220,163,0,383
5392,622,960,0,1582
5393,15,686,0,701
5394,222,791,0,1013
5395,212,208,0,420
5396,975,421,0,1396
5397,750,79,0,829
5398,820,767,0,1587
5399,670,431,0,1101
5400,749,735,0,1484
5401,748,408,0,1156
5402,452,758,0,1210
5403,499,791,0,1290
5404,425,351,0,776
5405,958,182,0,1140
5406,181,922,0,1103
5407,922,218,0,1140
5408,219,712,0,931
5409,349,218,0,567
5410,978,802,0,1780
5411,881,56,0,937
5412,900,590,0,1490
5413,86,572,0,658
5414,694,925,0,1619
5415,340,803,0,1143
5416,977,472,0,1449
5417,100,125,0,225
5418,718,831,0,1549
5419,63,150,0,213
5420,451,71,0,522
5421,994,605,0,1599
5422,37,990,0,1027
5423,128,325,0,453
5424,240,501,0,741
5425,617,554,0,1171
5426,881,263,0,1144
5427,176,202,0,378
5428,582,211,0,793
5429,189,802,0,991
5430,936,937,0,1873
5431,142,284,0,426
5432,622,936,0,1558
5433,983,320,0,1303
5434,543,637,0,1180
5435,3,902,0,905
5436,537,174,0,711
5437,755,413,0,1168
5438,452,885,0,1337
5439,743,285,0,1028
5440,139,555,0,694
5441,437,247,0,684
5442,803,620,0,1423
5443,850,891,0,1741
5444,468,945,0,1413
5445,153,578,0,731
5446,549,71,0,620
5447,81,413,0,494
5448,25,720,0,745
5449,569,557,0,1126
5450,282,879,0,1161
5451,184,641,0,825
5452,924,370,0,1294
5453,857,592,0,1449
5454,887,66,0,953
5455,957,899,0,1856
5456,253,207,0,460
5457,978,344,0,1322
5458,38,759,0,797
5459,381,62,0,443
5460,369,196,0,565
5461,460,620,0,1080
5462,527,565,0,1092
5463,837,929,0,1766
5464,362,264,0,626
5465,272,846,0,1118
5466,944,118,0,1062
5467,557,632,0,1189
5468,420,827,0,1247
5469,16,195,0,211
5470,948,979,0,1927
5471,639,726,0,1365
5472,900,281,0,1181
5473,400,182,0,582
5474,355,130,0,485
5475,191,154,0,345
5476,254,429,0,683
5477,653,844,0,1497
5478,954,136,0,1090
5479,633,300,0,933
5480,356,939,0,1295
5481,448,641,0,1089
5482,812,862,0,1674
5483,961,387,0,1348
5484,446,198,0,644
5485,549,455,0,1004
5486,212,16,0,228
5487,709,52,0,761
5488,662,37,0,699
5489,114,61,0,175
5490,534,192,0,726
5491,55,199,0,254
5492,807,101,0,908
5493,890,468,0,1358
5494,32,938,0,970
5495,949,431,0,1380
5496,271,805,0,1076
5497,140,532,0,672
5498,166,281,0,447
5499,28,85,0,113
5500,984,776,0,1760
5501,972,825,0,1797
5502,874,660,0,1534
5503,428,192,0,620
5504,870,435,0,1305
5505,36,809,0,845
5506,726,474,0,1200
5507,463,447,0,910
5508,293,493,0,786
5509,727,87,0,814
5510,709,246,0,955
5511,226,970,0,1196
5512,160,925,0,1085
5513,351,810,0,1161
5514,51,956,0,1007
5515,422,110,0,532
5516,681,453,0,1134
5517,148,912,0,1060
5518,811,145,0,956
5519,766,529,0,1295
5520,913,54,0,967
5521,677,10,0,687
5522,635,587,0,1222
5523,502,596,0,1098
5524,31,374,0,405
5525,964,456,0,1420
5526,425,119,0,544
5527,962,11,0,973
5528,12,923,0,935
5529,628,364,0,992
5530,7,196,0,203
5531,873,97,0,970
5532,489,966,0,1455
5533,380,800,0,1180
5534,696,938,0,1634
5535,74,53,0,127
5536,289,323,0,612
5537,196,88,0,284
5538,585,663,0,1248
5539,127,575,0,702
5540,224,2,0,226
5541,673,451,0,1124
5542,349,123,0,472
5543,447,946,0,1393
5544,53,511,0,564
5545,501,63,0,564
5546,215,146,0,361
5547,879,209,0,1088
5548,212,634,0,846
5549,189,35,0,224
5550,771,11,0,782
5551,133,933,0,1066
5552,436,383,0,819
5553,586,211,0,797
5554,813,703,0,1516
5555,535,249,0,784
5556,234,494,0,728
5557,992,410,0,1402
5558,442,854,0,1296
5559,939,676,0,1615
5560,429,614,0,1043
5561,877,619,0,1496
5562,246,518,0,764
5563,283,25,0,308
5564,111,226,0,337
5565,797,625,0,1422
5566,301,533,0,834
5567,913,321,0,1234
5568,691,17,0,708
5569,244,401,0,645
5570,71,165,0,236
5571,395,200,0,595
5572,359,206,0,565
5573,757,641,0,1398
5574,101,892,0,993
5575,447,962,0,1409
5576,621,331,0,952
5577,33,487,0,520
5578,927,739,0,1666
5579,600,76,0,676
5580,850,864,0,1714
5581,276,350,0,626
5582,996,468,0,1464
5583,90,490,0,580
5584,132,689,0,821
5585,130,474,0,604
5586,781,352,0,1133
5587,881,520,0,1401
5588,58,355,0,413
5589,589,515,0,1104
5590,159,568,0,727
5591,813,20,0,833
5592,204,966,0,1170
5593,128,615,0,743
5594,312,710,0,1022
5595,376,223,0,599
5596,523,154,0,677
5597,1,596,0,597
5598,192,264,0,456
5599,449,607,0,1056
5600,881,549,0,1430
5601,46,118,0,164
5602,997,935,0,1932
5603,860,761,0,1621
5604,368,799,0,1167
5605,281,5,0,286
5606,570,1,0,571
5607,10,144,0,154
5608,108,588,0,696
5609,194,98,0,292
5610,132,496,0,628
5611,924,44,0,968
5612,504,806,0,1310
5613,9,763,0,772
5614,835,206,0,1041
5615,937,677,0,1614
5616,136,799,0,935
5617,507,196,0,703
5618,234,723,0,957
5619,984,646,0,1630
5620,722,932,0,1654
5621,269,542,0,811
5622,679,687,0,1366
5623,180,616,0,796
5624,779,286,0,1065
5625,620,766,0,1386
5626,285,425,0,710
5627,77,652,0,729
5628,158,435,0,593
5629,394,697,0,1091
5630,724,3,0,727
5631,50,808,0,858
5632,367,793,0,1160
5633,687,871,0,1558
5634,715,860,0,1575
5635,305,527,0,832
5636,275,96,0,371
5637,168,687,0,855
5638,106,246,0,352
5639,751,16,0,767
5640,729,517,0,1246
5641,89,727,0,816
5642,690,789,0,1479
5643,541,147,0,688
5644,538,391,0,929
5645,202,276,0,478
5646,51,136,0,187
5647,416,211,0,627
5648,212,511,0,723
5649,630,806,0,1436
5650,48,507,0,555
5651,448,924,0,1372
5652,235,846,0,1081
5653,255,201,0,456
5654,188,913,0,1101
5655,858,657,0,1515
5656,865,714,0,1579
5657,118,405,0,523
5658,620,435,0,1055
5659,199,487,0,686
5660,408,392,0,800
5661,638,245,0,883
5662,376,960,0,1336
5663,107,709,0,816
5664,882,640,0,1522
5665,864,949,0,1813
5666,838,281,0,1119
5667,527,410,0,937
5668,48,267,0,315
5669,526,275,0,801
5670,867,95,0,962
5671,10,381,0,391
5672,617,857,0,1474
5673,579,951,0,1530
5674,65,219,0,284
5675,549,84,0,633
5676,504,790,0,1294
5677,500,276,0,776
5678,102,57,0,159
5679,987,885,0,1872
5680,52,853,0,905
5681,972,603,0,1575
5682,460,78,0,538
5683,638,844,0,1482
5684,247,749,0,996
5685,753,305,0,1058
5686,359,513,0,872
5687,974,138,0,1112
5688,829,414,0,1243
5689,459,14,0,473
5690,202,364,0,566
5691,718,60,0,778
5692,286,204,0,490
5693,702,704,0,1406
5694,52,624,0,676
5695,294,227,0,521
5696,565,407,0,972
5697,978,703,0,1681
5698,390,849,0,1239
5699,637,535,0,1172
5700,370,315,0,685
5701,335,938,0,1273
5702,348,449,0,797
5703,538,233,0,771
5704,626,414,0,1040
5705,384,494,0,878
5706,905,948,0,1853
5707,820,371,0,1191
5708,486,61,0,547
5709,914,488,0,1402
5710,818,623,0,1441
5711,366,236,0,602
5712,840,426,0,1266
5713,161,15,0,176
5714,502,210,0,712
5715,147,265,0,412
5716,40,135,0,175
5717,32,727,0,759
5718,65,760,0,825
5719,638,740,0,1378
5720,163,932,0,1095
5721,72,183,0,255
5722,387,119,0,506
5723,634,974,0,1608
5724,554,621,0,1175
5725,569,835,0,1404
5726,901,391,0,1292
5727,737,471,0,1208
5728,530,375,0,905
5729,850,837,0,1687
5730,978,214,0,1192
5731,767,52,0,819
5732,587,503,0,1090
5733,699,120,0,819
5734,390,568,0,958
5735,914,122,0,1036
5736,766,78,0,844
5737,413,939,0,1352
5738,545,849,0,1394
5739,113,393,0,506
5740,731,836,0,1567
5741,653,924,0,1577
5742,422,508,0,930
5743,558,77,0,635
5744,696,163,0,859
5745,859,143,0,1002
5746,348,687,0,1035
5747,455,327,0,782
5748,807,42,0,849
5749,106,544,0,650
5750,637,809,0,1446
5751,773,720,0,1493
5752,923,328,0,1251
5753,897,909,0,1806
5754,648,929,0,1577
5755,179,644,0,823
5756,358,661,0,1019
5757,12,967,0,979
5758,120,73,0,193
5759,810,577,0,1387
5760,659,604,0,1263
5761,881,693,0,1574
5762,333,139,0,472
5763,887,910,0,1797
5764,877,186,0,1063
5765,990,620,0,1610
5766,930,130,0,1060
5767,846,198,0,1044
5768,661,46,0,707
5769,348,919,0,1267
5770,814,480,0,1294
5771,507,468,0,975
5772,268,40,0,308
5773,25,59,0,84
5774,560,428,0,988
5775,548,346,0,894
5776,302,878,0,1180
5777,460,391,0,851
5778,152,908,0,1060
5779,507,722,0,1229
5780,36,878,0,914
5781,286,399,0,685
5782,280,486,0,766
5783,813,312,0,1125
5784,953,216,0,1169
5785,429,234,0,663
5786,537,300,0,837
5787,726,9,0,735
5788,188,39,0,227
5789,166,516,0,682
5790,428,172,0,600
5791,463,126,0,589
5792,449,179,0,628
5793,216,638,0,854
5794,177,842,0,1019
5795,92,657,0,749
5796,515,222,0,737
5797,743,758,0,1501
5798,609,531,0,1140
5799,519,234,0,753
5800,364,110,0,474
5801,415,62,0,477
5802,691,302,0,993
5803,536,738,0,1274
5804,247,296,0,543
5805,726,238,0,964
5806,315,68,0,383
5807,935,274,0,1209
5808,466,649,0,1115
5809,313,365,0,678
5810,603,501,0,1104
5811,683,454,0,1137
5812,716,153,0,869
5813,90,184,0,274
5814,71,396,0,467
5815,356,502,0,858
5816,113,849,0,962
5817,402,434,0,836
5818,32,593,0,625
5819,319,291,0,610
5820,848,11,0,859
5821,903,669,0,1572
5822,385,218,0,603
5823,288,688,0,976
5824,529,831,0,1360
5825,780,192,0,972
5826,450,700,0,1150
5827,313,91,0,404
5828,664,957,0,1621
5829,80,537,0,617
5830,34,784,0,818
5831,641,190,0,831
5832,352,497,0,849
5833,682,401,0,1083
5834,777,362,0,1139
5835,974,621,0,1595
5836,907,227,0,1134
5837,174,646,0,820
5838,437,886,0,1323
5839,674,4,0,678
5840,319,307,0,626
5841,527,475,0,1002
5842,445,672,0,1117
5843,758,115,0,873
5844,960,339,0,1299
5845,259,570,0,829
5846,335,500,0,835
5847,314,456,0,770
5848,268,331,0,599
5849,642,916,0,1558
5850,172,276,0,448
5851,28,178,0,206
5852,410,43,0,453
5853,110,128,0,238
5854,212,292,0,504
5855,488,83,0,571
5856,353,658,0,1011
5857,153,15,0,168
5858,248,334,0,582
5859,518,722,0,1240
5860,186,417,0,603
5861,447,402,0,849
5862,663,732,0,1395
5863,397,155,0,552
5864,260,581,0,841
5865,44,116,0,160
5866,822,688,0,1510
5867,795,321,0,1116
5868,373,428,0,801
5869,455,376,0,831
5870,77,361,0,438
5871,785,847,0,1632
5872,759,554,0,1313
5873,968,761,0,1729
5874,528,201,0,729
5875,713,889,0,1602
5876,256,328,0,584
5877,752,603,0,1355
5878,794,483,0,1277
5879,630,747,0,1377
5880,102,976,0,1078
5881,116,926,0,1042
5882,310,150,0,460
5883,762,856,0,1618
5884,569,586,0,1155
5885,813,495,0,1308
5886,666,394,0,1060
5887,979,905,0,1884
5888,608,304,0,912
5889,719,791,0,1510
5890,124,547,0,671
5891,319,928,0,1247
5892,471,612,0,1083
5893,44,590,0,634
5894,144,256,0,400
5895,233,960,0,1193
5896,509,628,0,1137
5897,166,811,0,977
5898,547,288,0,835
5899,925,275,0,1200
5900,141,213,0,354
5901,988,815,0,1803
5902,958,673,0,1631
5903,854,959,0,1813
5904,142,176,0,318
5905,881,599,0,1480
5906,975,376,0,1351
5907,304,901,0,1205
5908,133,740,0,873
5909,393,108,0,501
5910,550,261,0,811
5911,705,471,0,1176
5912,699,350,0,1049
5913,61,483,0,544
5914,49,993,0,1042
5915,904,170,0,1074
5916,88,255,0,343
5917,341,303,0,644
5918,750,746,0,1496
5919,183,858,0,1041
5920,47,458,0,505
5921,763,973,0,1736
5922,72,0,0,72
5923,7,473,0,480
5924,186,183,0,369
5925,453,27,0,480
5926,585,169,0,754
5927,816,90,0,906
5928,256,894,0,1150
5929,767,534,0,1301
5930,15,883,0,898
5931,631,871,0,1502
5932,950,906,0,1856
5933,402,546,0,948
5934,859,329,0,1188
5935,107,503,0,610
5936,256,162,0,418
5937,355,505,0,860
5938,863,771,0,1634
5939,226,104,0,330
5940,728,495,0,1223
5941,9,650,0,659
5942,579,836,0,1415
5943,442,307,0,749
5944,363,5,0,368
5945,558,81,0,639
5946,611,86,0,697
5947,185,547,0,732
5948,169,838,0,1007
5949,952,296,0,1248
5950,933,882,0,1815
5951,805,875,0,1680
5952,903,502,0,1405
5953,836,822,0,1658
5954,283,525,0,808
5955,364,713,0,1077
5956,668,869,0,1537
5957,587,330,0,917
5958,498,101,0,599
5959,296,396,0,692
5960,614,810,0,1424
5961,788,568,0,1356
5962,916,207,0,1123
5963,481,316,0,797
5964,136,758,0,894
5965,372,964,0,1336
5966,31,278,0,309
5967,80,794,0,874
5968,754,633,0,1387
5969,271,2,0,273
5970,134,331,0,465
5971,685,165,0,850
5972,752,535,0,1287
5973,479,343,0,822
5974,512,700,0,1212
5975,851,693,0,1544
5976,217,243,0,460
5977,635,668,0,1303
5978,368,909,0,1277
5979,280,644,0,924
5980,633,505,0,1138
5981,514,689,0,1203
5982,315,390,0,705
5983,752,636,0,1388
5984,562,205,0,767
5985,323,454,0,777
5986,912,309,0,1221
5987,916,369,0,1285
5988,909,391,0,1300
5989,262,759,0,1021
5990,970,17,0,987
5991,476,536,0,1012
5992,453,720,0,1173
5993,172,620,0,792
5994,825,339,0,1164
5995,876,216,0,1092
5996,349,6,0,355
5997,597,607,0,1204
5998,875,212,0,1087
5999,162,793,0,955
6000,350,69,0,419
6001,290,2,0,292
6002,353,455,0,808
6003,10,870,0,880
6004,440,365,0,805
6005,621,974,0,1595
6006,463,551,0,1014
6007,891,118,0,1009
6008,841,666,0,1507
6009,281,529,0,810
6010,550,8,0,558
6011,958,428,0,1386
6012,979,578,0,1557
6013,944,231,0,1175
6014,863,985,0,1848
6015,746,115,0,861
6016,274,406,0,680
6017,743,779,0,1522
6018,500,751,0,1251
6019,554,683,0,1237
6020,777,708,0,1485
6021,400,345,0,745
6022,243,477,0,720
6023,529,556,0,1085
6024,816,883,0,1699
6025,760,482,0,1242
6026,110,382,0,492
6027,360,244,0,604
6028,488,796,0,1284
6029,794,523,0,1317
6030,798,143,0,941
6031,128,496,0,624
6032,766,403,0,1169
6033,143,452,0,595
6034,472,7,0,479
6035,123,182,0,305
6036,225,293,0,518
6037,734,924,0,1658
6038,61,820,0,881
6039,568,224,0,792
6040,407,773,0,1180
6041,40,748,0,788
6042,742,829,0,1571
6043,391,887,0,1278
6044,759,879,0,1638
6045,842,175,0,1017
6046,84,395,0,479
6047,669,757,0,1426
6048,487,34,0,521
6049,331,449,0,780
6050,30,903,0,933
6051,710,415,0,1125
6052,412,91,0,503
6053,265,518,0,783
6054,446,678,0,1124
6055,27,715,0,742
6056,752,71,0,823
6057,646,903,0,1549
6058,281,1,0,282
6059,606,318,0,924
6060,378,142,0,520
6061,220,540,0,760
6062,860,176,0,1036
6063,885,661,0,1546
6064,209,581,0,790
6065,583,286,0,869
6066,491,5,0,496
6067,989,517,0,1506
6068,60,760,0,820
6069,26,787,0,813
6070,132,377,0,509
6071,763,472,0,1235
6072,501,573,0,1074
6073,501,995,0,1496
6074,759,823,0,1582
6075,806,133,0,939
6076,52,519,0,571
6077,740,489,0,1229
6078,73,692,0,765
6079,78,412,0,490
6080,416,173,0,589
6081,672,3,0,675
6082,939,555,0,1494
6083,67,389,0,456
6084,89,371,0,460
6085,34,219,0,253
6086,685,231,0,916
6087,870,750,0,1620
6088,506,708,0,1214
6089,299,321,0,620
6090,616,654,0,1270
6091,365,307,0,672
6092,987,222,0,1209
6093,595,347,0,942
6094,690,653,0,1343
6095,679,490,0,1169
6096,750,925,0,1675
6097,443,56,0,499
6098,718,124,0,842
6099,730,691,0,1421
6100,102,640,0,742
6101,783,475,0,1258
6102,669,890,0,1559
6103,923,435,0,1358
6104,203,421,0,624
6105,1000,87,0,1087
6106,12,261,0,273
6107,448,338,0,786
6108,243,432,0,675
6109,871,249,0,1120
6110,420,517,0,937
6111,888,225,0,1113
6112,283,385,0,668
6113,325,680,0,1005
6114,550,138,0,688
6115,906,32,0,938
6116,997,836,0,1833
6117,655,483,0,1138
6118,489,210,0,699
6119,60,784,0,844
6120,862,593,0,1455
6121,903,844,0,1747
6122,509,355,0,864
6123,921,910,0,1831
6124,144,755,0,899
6125,11,920,0,931
6126,246,765,0,1011
6127,892,547,0,1439
6128,580,829,0,1409
6129,55,294,0,349
6130,560,180,0,740
6131,653,143,0,796
6132,178,590,0,768
6133,688,594,0,1282
6134,349,74,0,423
6135,277,665,0,942
6136,534,863,0,1397
6137,924,876,0,1800
6138,103,569,0,672
6139,734,334,0,1068
6140,182,137,0,319
6141,636,732,0,1368
6142,544,457,0,1001
6143,263,40,0,303
6144,168,806,0,974
6145,433,443,0,876
6146,645,229,0,874
6147,590,762,0,1352
6148,718,977,0,1695
6149,985,814,0,1799
6150,275,965,0,1240
6151,139,750,0,889
6152,480,267,0,747
6153,435,678,0,1113
6154,71,281,0,352
6155,144,709,0,853
6156,526,437,0,963
6157,135,604,0,739
6158,23,477,0,500
6159,152,666,0,818
6160,92,682,0,774
6161,681,114,0,795
6162,516,920,0,1436
6163,974,122,0,1096
6164,594,603,0,1197
6165,757,30,0,787
6166,341,321,0,662
6167,660,527,0,1187
6168,728,240,0,968
6169,734,283,0,1017
6170,419,724,0,1143
6171,811,445,0,1256
6172,445,235,0,680
6173,767,98,0,865
6174,952,991,0,1943
6175,951,653,0,1604
6176,291,674,0,965
6177,619,306,0,925
6178,568,245,0,813
6179,200,738,0,938
6180,193,740,0,933
6181,965,509,0,1474
6182,696,996,0,1692
6183,938,634,0,1572
6184,459,609,0,1068
6185,108,764,0,872
6186,17,238,0,255
6187,352,274,0,626
6188,145,501,0,646
6189,968,943,0,1911
6190,531,152,0,683
6191,340,180,0,520
6192,685,884,0,1569
6193,763,580,0,1343
6194,956,715,0,1671
6195,456,996,0,1452
6196,633,346,0,979
6197,852,506,0,1358
6198,236,638,0,874
6199,702,301,0,1003
6200,834,885,0,1719
6201,456,702,0,1158
6202,886,547,0,1433
6203,189,595,0,784
6204,489,162,0,651
6205,704,957,0,1661
6206,473,834,0,1307
6207,345,717,0,1062
6208,799,263,0,1062
6209,562,980,0,1542
6210,301,157,0,458
6211,258,690,0,948
6212,400,76,0,476
6213,717,614,0,1331
6214,565,840,0,1405
6215,332,866,0,1198
6216,271,667,0,938
6217,214,751,0,965
6218,590,68,0,658
6219,739,963,0,1702
6220,280,675,0,955
6221,143,869,0,1012
6222,320,464,0,784
6223,933,494,0,1427
6224,514,991,0,1505
6225,579,802,0,1381
6226,676,590,0,1266
6227,269,691,0,960
6228,591,247,0,838
6229,82,294,0,376
6230,466,953,0,1419
6231,931,850,0,1781
6232,708,171,0,879
6233,370,126,0,496
6234,812,989,0,1801
6235,767,592,0,1359
6236,193,227,0,420
6237,309,407,0,716
6238,63,425,0,488
6239,173,196,0,369
6240,233,554,0,787
6241,805,584,0,1389
6242,758,791,0,1549
6243,104,127,0,231
6244,504,276,0,780
6245,775,408,0,1183
6246,419,783,0,1202
6247,618,739,0,1357
6248,66,465,0,531
6249,65,172,0,237
6250,758,350,0,1108
6251,466,85,0,551
6252,412,376,0,788
6253,287,207,0,494
6254,898,822,0,1720
6255,720,89,0,809
6256,137,42,0,179
6257,743,584,0,1327
6258,816,436,0,1252
6259,690,559,0,1249
6260,356,425,0,781
6261,224,743,0,967
6262,920,897,0,1817
6263,858,735,0,1593
6264,714,128,0,842
6265,720,728,0,1448
6266,74,753,0,827
6267,980,854,0,1834
6268,969,641,0,1610
6269,176,187,0,363
6270,538,456,0,994
6271,161,814,0,975
6272,266,818,0,1084
6273,412,651,0,1063
6274,593,121,0,714
6275,826,586,0,1412
6276,409,70,0,479
6277,108,388,0,496
6278,680,283,0,963
6279,973,5,0,978
6280,561,297,0,858
6281,785,906,0,1691
6282,824,482,0,1306
6283,185,646,0,831
6284,439,595,0,1034
6285,537,160,0,697
6286,243,680,0,923
6287,729,473,0,1202
6288,787,193,0,980
6289,447,180,0,627
6290,578,941,0,1519
6291,358,630,0,988
6292,959,923,0,1882
6293,328,450,0,778
6294,549,391,0,940
6295,416,360,0,776
6296,121,170,0,291
6297,210,543,0,753
6298,828,522,0,1350
6299,471,794,0,1265
6300,236,455,0,691
6301,420,196,0,616
6302,334,544,0,878
6303,107,232,0,339
6304,530,643,0,1173
6305,637,219,0,856
6306,361,527,0,888
6307,427,767,0,1194
6308,802,140,0,942
6309,571,182,0,753
6310,125,141,0,266
6311,14,666,0,680
6312,10,780,0,790
6313,104,678,0,782
6314,66,899,0,965
6315,142,664,0,806
6316,835,413,0,1248
6317,277,20,0,297
6318,174,733,0,907
6319,969,796,0,1765
6320,331,440,0,771
6321,242,336,0,578
6322,108,338,0,446
6323,856,268,0,1124
6324,40,351,0,391
6325,241,487,0,728
6326,283,561,0,844
6327,316,749,0,1065
6328,537,419,0,956
6329,264,869,0,1133
6330,346,744,0,1090
6331,445,413,0,858
6332,948,175,0,1123
6333,930,409,0,1339
6334,669,261,0,930
6335,570,438,0,1008
6336,63,928,0,991
6337,883,243,0,1126
6338,48,35,0,83
6339,430,249,0,679
6340,371,0,0,371
6341,938,402,0,1340
6342,229,694,0,923
6343,255,148,0,403
6344,203,510,0,713
6345,757,532,0,1289
6346,880,280,0,1160
6347,8,836,0,844
6348,71,955,0,1026
6349,250,114,0,364
6350,921,504,0,1425
6351,461,888,0,1349
6352,400,5,0,405
6353,922,629,0,1551
6354,912,213,0,1125
6355,54,239,0,293
6356,331,823,0,1154
6357,721,293,0,1014
6358,289,344,0,633
6359,145,457,0,602
6360,34,805,0,839
6361,241,324,0,565
6362,608,515,0,1123
6363,895,337,0,1232
6364,340,577,0,917
6365,317,104,0,421
6366,143,364,0,507
6367,400,362,0,762
6368,653,470,0,1123
6369,215,984,0,1199
6370,937,872,0,1809
6371,628,970,0,1598
6372,709,852,0,1561
6373,184,465,0,649
6374,520,132,0,652
6375,190,34,0,224
6376,781,151,0,932
6377,452,933,0,1385
6378,51,616,0,667
6379,291,393,0,684
6380,875,848,0,1723
6381,470,230,0,700
6382,966,852,0,1818
6383,889,361,0,1250
6384,920,787,0,1707
6385,434,867,0,1301
6386,780,797,0,1577
6387,127,999,0,1126
6388,845,472,0,1317
6389,559,469,0,1028
6390,489,171,0,660
6391,699,69,0,768
6392,41,776,0,817
6393,558,664,0,1222
6394,339,826,0,1165
6395,231,493,0,724
6396,651,849,0,1500
6397,922,852,0,1774
6398,729,965,0,1694
6399,383,417,0,800
6400,608,235,0,843
6401,709,679,0,1388
6402,857,629,0,1486
6403,24,767,0,791
6404,296,20,0,316
6405,767,749,0,1516
6406,592,89,0,681
6407,771,670,0,1441
6408,465,297,0,762
6409,604,996,0,1600
6410,284,242,0,526
6411,741,333,0,1074
6412,266,569,0,835
6413,296,47,0,343
6414,501,653,0,1154
6415,627,983,0,1610
6416,786,664,0,1450
6417,516,889,0,1405
6418,111,773,0,884
6419,916,438,0,1354
6420,804,219,0,1023
6421,988,576,0,1564
6422,748,311,0,1059
6423,101,983,0,1084
6424,632,250,0,882
6425,788,449,0,1237
6426,231,919,0,1150
6427,739,942,0,1681
6428,28,668,0,696
6429,523,65,0,588
6430,992,369,0,1361
6431,989,594,0,1583
6432,102,584,0,686
6433,741,907,0,1648
6434,865,249,0,1114
6435,754,264,0,1018
6436,103,911,0,1014
6437,849,537,0,1386
6438,201,493,0,694
6439,686,38,0,724
6440,385,0,0,385
6441,461,597,0,1058
6442,334,469,0,803
6443,358,880,0,1238
6444,393,797,0,1190
6445,933,641,0,1574
6446,89,300,0,389
6447,848,733,0,1581
6448,514,78,0,592
6449,461,629,0,1090
6450,606,306,0,912
6451,251,500,0,751
6452,636,339,0,975
6453,36,407,0,443
6454,282,474,0,756
6455,587,720,0,1307
6456,446,961,0,1407
6457,762,23,0,785
6458,391,738,0,1129
6459,638,213,0,851
6460,468,671,0,1139
6461,216,387,0,603
6462,714,50,0,764
6463,80,152,0,232
6464,554,194,0,748
6465,576,424,0,1000
6466,620,678,0,1298
6467,573,870,0,1443
6468,897,261,0,1158
6469,699,53,0,752
6470,515,180,0,695
6471,154,634,0,788
6472,704,826,0,1530
6473,870,232,0,1102
6474,321,718,0,1039
6475,587,650,0,1237
6476,760,941,0,1701
6477,851,312,0,1163
6478,194,240,0,434
6479,741,744,0,1485
6480,62,204,0,266
6481,971,654,0,1625
6482,95,461,0,556
6483,448,588,0,1036
6484,146,272,0,418
6485,480,793,0,1273
6486,127,723,0,850
6487,107,351,0,458
6488,883,262,0,1145
6489,104,239,0,343
6490,803,350,0,1153
6491,271,750,0,1021
6492,939,320,0,1259
6493,341,90,0,431
6494,32,996,0,1028
6495,454,287,0,741
6496,948,463,0,1411
6497,989,22,0,1011
6498,122,428,0,550
6499,379,698,0,1077
6500,849,461,0,1310
6501,333,383,0,716
6502,605,1,0,606
6503,992,991,0,1983
6504,629,612,0,1241
6505,963,924,0,1887
6506,322,8,0,330
6507,961,594,0,1555
6508,162,81,0,243
6509,913,135,0,1048
6510,171,949,0,1120
6511,893,990,0,1883
6512,858,351,0,1209
6513,845,876,0,1721
6514,26,758,0,784
6515,955,443,0,1398
6516,676,272,0,948
6517,996,769,0,1765
6518,924,116,0,1040
6519,613,333,0,946
6520,478,46,0,524
6521,553,946,0,1499
6522,646,915,0,1561
6523,610,558,0,1168
6524,189,661,0,850
6525,91,457,0,548
6526,437,280,0,717
6527,960,587,0,1547
6528,830,476,0,1306
6529,759,912,0,1671
6530,300,310,0,610
6531,134,482,0,616
6532,494,516,0,1010
6533,571,124,0,695
6534,1,214,0,215
6535,435,736,0,1171
6536,996,993,0,1989
6537,11,294,0,305
6538,989,206,0,1195
6539,783,719,0,1502
6540,135,859,0,994
6541,813,898,0,1711
6542,310,226,0,536
6543,149,414,0,563
6544,75,844,0,919
6545,291,100,0,391
6546,804,858,0,1662
6547,941,757,0,1698
6548,802,986,0,1788
6549,311,482,0,793
6550,260,201,0,461
6551,176,699,0,875
6552,166,362,0,528
6553,321,554,0,875
6554,586,283,0,869
6555,373,431,0,804
6556,669,959,0,1628
6557,628,496,0,1124
6558,378,675,0,1053
6559,468,561,0,1029
6560,118,274,0,392
6561,14,579,0,593
6562,329,955,0,1284
6563,902,845,0,1747
6564,381,937,0,1318
6565,197,734,0,931
6566,257,225,0,482
6567,12,518,0,530
6568,477,597,0,1074
6569,917,563,0,1480
6570,957,459,0,1416
6571,654,322,0,976
6572,220,708,0,928
6573,775,864,0,1639
6574,486,972,0,1458
6575,253,15,0,268
6576,145,375,0,520
6577,105,820,0,925
6578,918,97,0,1015
6579,493,138,0,631
6580,972,996,0,1968
6581,922,203,0,1125
6582,939,131,0,1070
6583,130,621,0,751
6584,160,956,0,1116
6585,569,865,0,1434
6586,517,156,0,673
6587,858,222,0,1080
6588,366,86,0,452
6589,276,578,0,854
6590,686,216,0,902
6591,559,642,0,1201
6592,722,228,0,950
6593,678,78,0,756
6594,174,984,0,1158
6595,81,831,0,912
6596,133,595,0,728
6597,938,117,0,1055
6598,419,208,0,627
6599,281,884,0,1165
6600,952,913,0,1865
6601,637,430,0,1067
6602,122,870,0,992
6603,624,709,0,1333
6604,320,977,0,1297
6605,110,659,0,769
6606,840,588,0,1428
6607,706,681,0,1387
6608,991,444,0,1435
6609,715,637,0,1352
6610,902,672,0,1574
6611,486,253,0,739
6612,539,487,0,1026
6613,582,826,0,1408
6614,151,454,0,605
6615,209,765,0,974
6616,91,229,0,320
6617,316,42,0,358
6618,921,41,0,962
6619,688,28,0,716
6620,797,384,0,1181
6621,121,347,0,468
6622,458,166,0,624
6623,92,773,0,865
6624,76,118,0,194
6625,689,87,0,776
6626,427,602,0,1029
6627,369,956,0,1325
6628,238,967,0,1205
6629,413,785,0,1198
6630,971,978,0,1949
6631,184,461,0,645
6632,252,768,0,1020
6633,782,149,0,931
6634,430,416,0,846
6635,688,407,0,1095
6636,46,874,0,920
6637,602,65,0,667
6638,78,304,0,382
6639,454,334,0,788
6640,908,175,0,1083
6641,1000,28,0,1028
6642,487,337,0,824
6643,519,286,0,805
6644,81,711,0,792
6645,658,479,0,1137
6646,112,662,0,774
6647,828,435,0,1263
6648,583,252,0,835
6649,638,374,0,1012
6650,596,646,0,1242
6651,734,251,0,985
6652,290,11,0,301
6653,436,788,0,1224
6654,347,631,0,978
6655,656,885,0,1541
6656,233,709,0,942
6657,728,772,0,1500
6658,786,279,0,1065
6659,546,450,0,996
6660,614,612,0,1226
6661,961,771,0,1732
6662,167,934,0,1101
6663,771,94,0,865
6664,949,777,0,1726
6665,629,966,0,1595
6666,915,967,0,1882
6667,763,736,0,1499
6668,680,904,0,1584
6669,193,377,0,570
6670,617,326,0,943
6671,13,920,0,933
6672,109,286,0,395
6673,65,575,0,640
6674,256,752,0,1008
6675,259,219,0,478
6676,268,470,0,738
6677,27,350,0,377
6678,983,0,0,983
6679,288,415,0,703
6680,302,124,0,426
6681,913,940,0,1853
6682,421,321,0,742
6683,744,142,0,886
6684,771,584,0,1355
6685,19,630,0,649
6686,695,458,0,1153
6687,958,662,0,1620
6688,518,148,0,666
6689,921,779,0,1700
6690,601,623,0,1224
6691,667,68,0,735
6692,90,554,0,644
6693,594,797,0,1391
6694,830,714,0,1544
6695,254,346,0,600
6696,17,929,0,946
6697,514,83,0,597
6698,902,795,0,1697
6699,433,862,0,1295
6700,605,271,0,876
6701,299,427,0,726
6702,134,909,0,1043
6703,317,292,0,609
6704,823,900,0,1723
6705,229,292,0,521
6706,427,791,0,1218
6707,582,84,0,666
6708,750,833,0,1583
6709,346,173,0,519
6710,525,592,0,1117
6711,946,770,0,1716
6712,72,521,0,593
6713,846,229,0,1075
6714,782,192,0,974
6715,3,292,0,295
6716,126,915,0,1041
6717,911,747,0,1658
6718,731,149,0,880
6719,245,498,0,743
6720,722,100,0,822
6721,824,698,0,1522
6722,381,459,0,840
6723,943,987,0,1930
6724,118,586,0,704
6725,829,274,0,1103
6726,859,37,0,896
6727,838,231,0,1069
6728,431,941,0,1372
6729,803,309,0,1112
6730,338,156,0,494
6731,631,922,0,1553
6732,120,882,0,1002
6733,789,161,0,950
6734,794,718,0,1512
6735,923,553,0,1476
6736,499,108,0,607
6737,608,128,0,736
6738,612,230,0,842
6739,580,73,0,653
6740,768,973,0,1741
6741,547,470,0,1017
6742,780,600,0,1380
6743,877,642,0,1519
6744,230,617,0,847
6745,783,450,0,1233
6746,425,569,0,994
6747,517,918,0,1435
6748,690,55,0,745
6749,495,49,0,544
6750,330,585,0,915
6751,600,356,0,956
6752,820,139,0,959
6753,402,617,0,1019
6754,495,979,0,1474
6755,753,765,0,1518
6756,104,559,0,663
6757,988,191,0,1179
6758,731,632,0,1363
6759,782,443,0,1225
6760,596,361,0,957
6761,827,787,0,1614
6762,973,30,0,1003
6763,35,167,0,202
6764,61,835,0,896
6765,58,781,0,839
6766,806,201,0,1007
6767,240,402,0,642
6768,726,411,0,1137
6769,168,655,0,823
6770,879,383,0,1262
6771,32,378,0,410
6772,36,937,0,973
6773,674,899,0,1573
6774,705,720,0,1425
6775,601,469,0,1070
6776,171,208,0,379
6777,33,271,0,304
6778,65,758,0,823
6779,357,776,0,1133
6780,866,436,0,1302
6781,758,326,0,1084
6782,26,639,0,665
6783,41,839,0,880
6784,215,170,0,385
6785,609,557,0,1166
6786,915,370,0,1285
6787,92,495,0,587
6788,109,803,0,912
6789,351,306,0,657
6790,991,356,0,1347
6791,605,98,0,703
6792,616,822,0,1438
6793,36,85,0,121
6794,676,176,0,852
6795,135,811,0,946
6796,397,911,0,1308
6797,822,102,0,924
6798,372,51,0,423
6799,176,344,0,520
6800,913,847,0,1760
6801,768,849,0,1617
6802,663,743,0,1406
6803,585,741,0,1326
6804,145,39,0,184
6805,968,120,0,1088
6806,32,292,0,324
6807,478,79,0,557
6808,247,485,0,732
6809,606,129,0,735
6810,548,738,0,1286
6811,112,210,0,322
6812,794,508,0,1302
6813,397,814,0,1211
6814,84,788,0,872
6815,903,196,0,1099
6816,463,540,0,1003
6817,18,741,0,759
6818,891,447,0,1338
6819,613,603,0,1216
6820,440,319,0,759
6821,9,772,0,781
6822,621,513,0,1134
6823,214,182,0,396
6824,329,102,0,431
6825,348,587,0,935
6826,233,988,0,1221
6827,791,868,0,1659
6828,954,736,0,1690
6829,358,402,0,760
6830,286,76,0,362
6831,688,255,0,943
6832,46,986,0,1032
6833,224,234,0,458
6834,504,95,0,599
6835,506,768,0,1274
6836,142,618,0,760
6837,156,707,0,863
6838,908,582,0,1490
6839,413,204,0,617
6840,910,804,0,1714
6841,812,494,0,1306
6842,816,408,0,1224
6843,997,390,0,1387
6844,53,420,0,473
6845,267,160,0,427
6846,904,173,0,1077
6847,729,951,0,1680
6848,992,745,0,1737
6849,25,763,0,788
6850,146,971,0,1117
6851,486,457,0,943
6852,886,616,0,1502
6853,407,914,0,1321
6854,895,820,0,1715
6855,746,561,0,1307
6856,468,379,0,847
6857,402,270,0,672
6858,385,302,0,687
6859,938,298,0,1236
6860,400,248,0,648
6861,792,596,0,1388
6862,273,386,0,659
6863,186,802,0,988
6864,588,724,0,1312
6865,436,926,0,1362
6866,341,529,0,870
6867,189,65,0,254
6868,780,458,0,1238
6869,632,22,0,654
6870,279,988,0,1267
6871,785,695,0,1480
6872,804,857,0,1661
6873,832,630,0,1462
6874,648,914,0,1562
6875,153,163,0,316
6876,654,798,0,1452
6877,691,709,0,1400
6878,577,657,0,1234
6879,241,701,0,942
6880,550,857,0,1407
6881,821,3,0,824
6882,111,862,0,973
6883,729,758,0,1487
6884,442,18,0,460
6885,831,669,0,1500
6886,534,100,0,634
6887,554,645,0,1199
6888,431,456,0,887
6889,977,480,0,1457
6890,851,611,0,1462
6891,851,235,0,1086
6892,887,569,0,1456
6893,683,648,0,1331
6894,908,735,0,1643
6895,202,79,0,281
6896,81,241,0,322
6897,62,426,0,488
6898,392,791,0,1183
6899,809,956,0,1765
6900,456,298,0,754
6901,860,903,0,1763
6902,135,187,0,322
6903,469,156,0,625
6904,258,620,0,878
6905,159,399,0,558
6906,764,405,0,1169
6907,681,24,0,705
6908,146,913,0,1059
6909,614,563,0,1177
6910,286,175,0,461
6911,267,131,0,398
6912,552,160,0,712
6913,724,691,0,1415
6914,989,411,0,1400
6915,58,757,0,815
6916,648,477,0,1125
6917,11,50,0,61
6918,92,738,0,830
6919,64,650,0,714
6920,346,775,0,1121
6921,23,764,0,787
6922,142,732,0,874
6923,65,13,0,78
6924,963,524,0,1487
6925,795,34,0,829
6926,904,627,0,1531
6927,354,654,0,1008
6928,363,126,0,489
6929,331,213,0,544
6930,952,60,0,1012
6931,403,853,0,1256
6932,352,265,0,617
6933,210,773,0,983
6934,670,952,0,1622
6935,992,299,0,1291
6936,412,73,0,485
6937,805,238,0,1043
6938,229,531,0,760
6939,632,134,0,766
6940,897,743,0,1640
6941,233,410,0,643
6942,612,236,0,848
6943,612,571,0,1183
6944,347,713,0,1060
6945,839,131,0,970
6946,423,35,0,458
6947,290,908,0,1198
6948,146,235,0,381
6949,457,763,0,1220
6950,322,880,0,1202
6951,587,562,0,1149
6952,699,447,0,1146
6953,142,272,0,414
6954,519,758,0,1277
6955,110,773,0,883
6956,707,971,0,1678
6957,242,366,0,608
6958,131,331,0,462
6959,567,943,0,1510
6960,475,686,0,1161
6961,752,36,0,788
6962,546,945,0,1491
6963,125,592,0,717
6964,566,428,0,994
6965,241,580,0,821
6966,887,834,0,1721
6967,906,846,0,1752
6968,599,5,0,604
6969,691,380,0,1071
6970,269,346,0,615
6971,444,434,0,878
6972,68,236,0,304
6973,647,423,0,1070
6974,957,346,0,1303
6975,97,998,0,1095
6976,621,147,0,768
6977,934,704,0,1638
6978,916,606,0,1522
6979,803,430,0,1233
6980,591,477,0,1068
6981,76,760,0,836
6982,969,120,0,1089
6983,658,966,0,1624
6984,907,355,0,1262
6985,368,521,0,889
6986,937,4,0,941
6987,885,721,0,1606
6988,387,984,0,1371
6989,397,631,0,1028
6990,7,781,0,788
6991,930,1000,0,1930
6992,693,803,0,1496
6993,535,910,0,1445
6994,836,14,0,850
6995,257,181,0,438
6996,367,615,0,982
6997,317,517,0,834
6998,556,790,0,1346
6999,759,587,0,1346
7000,647,463,0,1110
7001,148,432,0,580
7002,51,339,0,390
7003,489,728,0,1217
7004,316,597,0,913
7005,980,282,0,1262
7006,678,484,0,1162
7007,946,647,0,1593
7008,339,770,0,1109
7009,864,205,0,1069
7010,63,874,0,937
7011,136,376,0,512
7012,489,368,0,857
7013,988,534,0,1522
7014,904,20,0,924
7015,173,758,0,931
7016,253,311,0,564
7017,308,404,0,712
7018,226,396,0,622
7019,944,779,0,1723
7020,311,525,0,836
7021,877,543,0,1420
7022,413,168,0,581
7023,101,750,0,851
7024,901,225,0,1126
7025,943,66,0,1009
7026,578,689,0,1267
7027,939,108,0,1047
7028,31,731,0,762
7029,33,56,0,89
7030,562,861,0,1423
7031,665,673,0,1338
7032,915,341,0,1256
7033,533,631,0,1164
7034,596,416,0,1012
7035,622,594,0,1216
7036,584,93,0,677
7037,719,224,0,943
7038,627,478,0,1105
7039,234,147,0,381
7040,489,927,0,1416
7041,584,843,0,1427
7042,766,782,0,1548
7043,903,908,0,1811
7044,739,141,0,880
7045,764,84,0,848
7046,686,441,0,1127
7047,751,966,0,1717
7048,249,515,0,764
7049,410,669,0,1079
7050,88,996,0,1084
7051,626,507,0,1133
7052,729,720,0,1449
7053,777,453,0,1230
7054,800,629,0,1429
7055,247,804,0,1051
7056,278,336,0,614
7057,926,43,0,969
7058,854,284,0,1138
7059,362,386,0,748
7060,927,80,0,1007
7061,849,188,0,1037
7062,940,610,0,1550
7063,193,697,0,890
7064,115,517,0,632
7065,354,755,0,1109
7066,369,532,0,901
7067,951,963,0,1914
7068,686,987,0,1673
7069,308,102,0,410
7070,442,707,0,1149
7071,155,632,0,787
7072,940,1000,0,1940
7073,367,194,0,561
7074,471,215,0,686
7075,521,428,0,949
7076,207,746,0,953
7077,201,894,0,1095
7078,240,376,0,616
7079,164,978,0,1142
7080,594,111,0,705
7081,534,384,0,918
7082,893,950,0,1843
7083,851,63,0,914
7084,310,392,0,702
7085,412,867,0,1279
7086,277,89,0,366
7087,20,28,0,48
7088,104,72,0,176
7089,159,247,0,406
7090,834,667,0,1501
7091,959,235,0,1194
7092,720,423,0,1143
7093,176,774,0,950
7094,440,181,0,621
7095,313,35,0,348
7096,995,587,0,1582
7097,981,434,0,1415
7098,930,195,0,1125
7099,416,449,0,865
7100,773,312,0,1085
7101,925,846,0,1771
7102,619,843,0,1462
7103,163,787,0,950
7104,57,896,0,953
7105,506,700,0,1206
7106,495,767,0,1262
7107,760,374,0,1134
7108,637,663,0,1300
7109,692,455,0,1147
7110,315,585,0,900
7111,225,316,0,541
7112,606,148,0,754
7113,160,505,0,665
7114,846,810,0,1656
7115,377,872,0,1249
7116,438,211,0,649
7117,548,593,0,1141
7118,145,62,0,207
7119,443,789,0,1232
7120,900,523,0,1423
7121,436,627,0,1063
7122,298,502,0,800
7123,884,534,0,1418
7124,30,954,0,984
7125,448,522,0,970
7126,504,725,0,1229
7127,349,828,0,1177
7128,69,600,0,669
7129,460,411,0,871
7130,281,227,0,508
7131,479,35,0,514
7132,766,919,0,1685
7133,603,454,0,1057
7134,214,864,0,1078
7135,95,895,0,990
7136,26,160,0,186
7137,412,176,0,588
7138,439,297,0,736
7139,930,827,0,1757
7140,379,628,0,1007
7141,660,368,0,1028
7142,213,878,0,1091
7143,531,693,0,1224
7144,404,892,0,1296
7145,674,86,0,760
7146,178,225,0,403
7147,588,536,0,1124
7148,696,960,0,1656
7149,422,5,0,427
7150,516,780,0,1296
7151,69,717,0,786
7152,320,507,0,827
7153,238,183,0,421
7154,414,223,0,637
7155,440,596,0,1036
7156,997,443,0,1440
7157,662,784,0,1446
7158,348,101,0,449
7159,182,991,0,1173
7160,975,869,0,1844
7161,884,213,0,1097
7162,163,960,0,1123
7163,424,624,0,1048
7164,458,195,0,653
7165,942,222,0,1164
7166,975,678,0,1653
7167,110,911,0,1021
7168,191,722,0,913
7169,954,37,0,991
7170,955,730,0,1685
7171,143,764,0,907
7172,562,193,0,755
7173,527,39,0,566
7174,844,326,0,1170
7175,936,708,0,1644
7176,381,487,0,868
7177,606,925,0,1531
7178,893,582,0,1475
7179,840,474,0,1314
7180,309,475,0,784
7181,666,346,0,1012
7182,198,88,0,286
7183,366,949,0,1315
7184,480,770,0,1250
7185,87,780,0,867
7186,445,743,0,1188
7187,234,365,0,599
7188,82,572,0,654
7189,579,38,0,617
7190,520,621,0,1141
7191,78,706,0,784
7192,729,753,0,1482
7193,873,35,0,908
7194,894,811,0,1705
7195,966,439,0,1405
7196,851,422,0,1273
7197,812,379,0,1191
7198,834,453,0,1287
7199,266,777,0,1043
7200,182,505,0,687
7201,79,697,0,776
7202,926,321,0,1247
7203,411,903,0,1314
7204,817,764,0,1581
7205,913,545,0,1458
7206,910,820,0,1730
7207,849,962,0,1811
7208,89,822,0,911
7209,634,180,0,814
7210,648,50,0,698
7211,25,507,0,532
7212,597,779,0,1376
7213,276,54,0,330
7214,289,252,0,541
7215,999,404,0,1403
7216,542,469,0,1011
7217,148,692,0,840
7218,533,709,0,1242
7219,914,192,0,1106
7220,467,432,0,899
7221,818,401,0,1219
7222,202,331,0,533
7223,698,48,0,746
7224,379,161,0,540
7225,31,365,0,396
7226,471,180,0,651
7227,83,505,0,588
7228,501,406,0,907
7229,807,6,0,813
7230,340,948,0,1288
7231,120,927,0,1047
7232,509,146,0,655
7233,309,795,0,1104
7234,427,455,0,882
7235,762,828,0,1590
7236,939,924,0,1863
7237,167,80,0,247
7238,218,408,0,626
7239,295,408,0,703
7240,94,912,0,1006
7241,338,7,0,345
7242,997,125,0,1122
7243,703,900,0,1603
7244,86,875,0,961
7245,564,1000,0,1564
7246,215,235,0,450
7247,493,576,0,1069
7248,604,722,0,1326
7249,839,34,0,873
7250,226,274,0,500
7251,968,853,0,1821
7252,526,895,0,1421
7253,23,510,0,533
7254,723,290,0,1013
7255,197,869,0,1066
7256,882,825,0,1707
7257,165,786,0,951
7258,563,326,0,889
7259,635,935,0,1570
7260,849,430,0,1279
7261,876,573,0,1449
7262,122,140,0,262
7263,181,890,0,1071
7264,455,497,0,952
7265,601,168,0,769
7266,445,994,0,1439
7267,179,270,0,449
7268,56,76,0,132
7269,20,603,0,623
7270,350,997,0,1347
7271,582,186,0,768
7272,323,290,0,613
7273,164,230,0,394
7274,343,470,0,813
7275,164,62,0,226
7276,834,71,0,905
7277,735,768,0,1503
7278,133,902,0,1035
7279,474,570,0,1044
7280,201,487,0,688
7281,98,851,0,949
7282,732,711,0,1443
7283,609,562,0,1171
7284,393,805,0,1198
7285,737,371,0,1108
7286,131,80,0,211
7287,61,463,0,524
7288,969,148,0,1117
7289,82,323,0,405
7290,729,533,0,1262
7291,917,823,0,1740
7292,551,471,0,1022
7293,518,668,0,1186
7294,956,735,0,1691
7295,860,883,0,1743
7296,762,405,0,1167
7297,587,728,0,1315
7298,344,535,0,879
7299,887,376,0,1263
7300,261,284,0,545
7301,706,981,0,1687
7302,969,977,0,1946
7303,566,290,0,856
7304,310,967,0,1277
7305,347,621,0,968
7306,4,306,0,310
7307,718,528,0,1246
7308,639,124,0,763
7309,177,142,0,319
7310,98,343,0,441
7311,552,753,0,1305
7312,900,120,0,1020
7313,690,926,0,1616
7314,101,584,0,685
7315,611,502,0,1113
7316,554,156,0,710
7317,848,964,0,1812
7318,581,112,0,693
7319,827,586,0,1413
7320,185,693,0,878
7321,486,435,0,921
7322,266,501,0,767
7323,946,539,0,1485
7324,22,225,0,247
7325,240,558,0,798
7326,615,840,0,1455
7327,203,722,0,925
7328,44,669,0,713
7329,983,430,0,1413
7330,508,268,0,776
7331,23,541,0,564
7332,216,441,0,657
7333,288,532,0,820
7334,129,992,0,1121
7335,588,303,0,891
7336,384,276,0,660
7337,229,588,0,817
7338,257,668,0,925
7339,27,484,0,511
7340,340,48,0,388
7341,0,351,0,351
7342,923,679,0,1602
7343,12,949,0,961
7344,459,926,0,1385
7345,835,762,0,1597
7346,327,470,0,797
7347,589,780,0,1369
7348,183,697,0,880
7349,934,862,0,1796
7350,665,720,0,1385
7351,538,327,0,865
7352,640,589,0,1229
7353,245,553,0,798
7354,838,29,0,867
7355,158,189,0,347
7356,690,890,0,1580
7357,824,923,0,1747
7358,249,745,0,994
7359,621,168,0,789
7360,832,534,0,1366
7361,527,658,0,1185
7362,835,393,0,1228
7363,210,752,0,962
7364,633,253,0,886
7365,806,426,0,1232
7366,955,611,0,1566
7367,202,671,0,873
7368,116,370,0,486
7369,734,240,0,974
7370,654,406,0,1060
7371,95,264,0,359
7372,551,772,0,1323
7373,938,133,0,1071
7374,962,616,0,1578
7375,603,522,0,1125
7376,200,329,0,529
7377,213,829,0,1042
7378,638,729,0,1367
7379,127,558,0,685
7380,106,572,0,678
7381,349,280,0,629
7382,248,376,0,624
7383,950,212,0,1162
7384,497,781,0,1278
7385,775,512,0,1287
7386,842,199,0,1041
7387,256,89,0,345
7388,711,847,0,1558
7389,783,449,0,1232
7390,499,997,0,1496
7391,685,945,0,1630
7392,522,589,0,1111
7393,402,275,0,677
7394,278,783,0,1061
7395,166,630,0,796
7396,963,646,0,1609
7397,11,927,0,938
7398,835,133,0,968
7399,854,441,0,1295
7400,25,43,0,68
7401,902,612,0,1514
7402,896,396,0,1292
7403,561,128,0,689
7404,902,966,0,1868
7405,390,75,0,465
7406,885,33,0,918
7407,844,543,0,1387
7408,2,337,0,339
7409,367,362,0,729
7410,135,803,0,938
7411,995,239,0,1234
7412,739,513,0,1252
7413,765,350,0,1115
7414,848,174,0,1022
7415,872,408,0,1280
7416,220,449,0,669
7417,548,566,0,1114
7418,458,752,0,1210
7419,127,806,0,933
7420,354,179,0,533
7421,275,758,0,1033
7422,386,284,0,670
7423,706,3,0,709
7424,870,250,0,1120
7425,235,109,0,344
7426,3,75,0,78
7427,476,446,0,922
7428,630,632,0,1262
7429,462,698,0,1160
7430,258,787,0,1045
7431,587,493,0,1080
7432,839,416,0,1255
7433,211,319,0,530
7434,146,81,0,227
7435,765,334,0,1099
7436,540,49,0,589
7437,356,295,0,651
7438,545,243,0,788
7439,310,738,0,1048
7440,59,504,0,563
7441,957,867,0,1824
7442,350,740,0,1090
7443,811,343,0,1154
7444,209,867,0,1076
7445,688,805,0,1493
7446,720,348,0,1068
7447,162,503,0,665
7448,896,141,0,1037
7449,260,486,0,746
7450,160,608,0,768
7451,869,127,0,996
7452,515,142,0,657
7453,896,687,0,1583
7454,888,26,0,914
7455,132,756,0,888
7456,558,543,0,1101
7457,556,184,0,740
7458,976,489,0,1465
7459,893,943,0,1836
7460,945,683,0,1628
7461,908,15,0,923
7462,816,302,0,1118
7463,312,913,0,1225
7464,451,12,0,463
7465,880,406,0,1286
7466,633,90,0,723
7467,251,630,0,881
7468,503,567,0,1070
7469,716,806,0,1522
7470,632,954,0,1586
7471,884,217,0,1101
7472,395,942,0,1337
7473,118,139,0,257
7474,880,249,0,1129
7475,513,894,0,1407
7476,488,189,0,677
7477,936,854,0,1790
7478,546,509,0,1055
7479,280,187,0,467
7480,191,719,0,910
7481,653,697,0,1350
7482,905,574,0,1479
7483,414,176,0,590
7484,914,68,0,982
7485,461,116,0,577
7486,590,830,0,1420
7487,670,331,0,1001
7488,326,519,0,845
7489,850,25,0,875
7490,590,587,0,1177
7491,28,723,0,751
7492,989,127,0,1116
7493,425,814,0,1239
7494,723,206,0,929
7495,52,745,0,797
7496,94,920,0,1014
7497,146,192,0,338
7498,952,800,0,1752
7499,19,132,0,151
7500,593,387,0,980
7501,456,885,0,1341
7502,355,815,0,1170
7503,901,703,0,1604
7504,26,114,0,140
7505,344,937,0,1281
7506,605,237,0,842
7507,850,527,0,1377
7508,577,518,0,1095
7509,380,330,0,710
7510,377,672,0,1049
7511,22,44,0,66
7512,9,958,0,967
7513,504,690,0,1194
7514,777,406,0,1183
7515,813,70,0,883
7516,676,839,0,1515
7517,32,930,0,962
7518,180,320,0,500
7519,564,974,0,1538
7520,646,60,0,706
7521,479,731,0,1210
7522,824,160,0,984
7523,1,893,0,894
7524,40,10,0,50
7525,796,792,0,1588
7526,562,277,0,839
7527,348,975,0,1323
7528,914,708,0,1622
7529,861,806,0,1667
7530,266,415,0,681
7531,467,385,0,852
7532,881,229,0,1110
7533,566,306,0,872
7534,358,534,0,892
7535,8,596,0,604
7536,916,857,0,1773
7537,683,939,0,1622
7538,611,644,0,1255
7539,792,683,0,1475
7540,504,444,0,948
7541,196,406,0,602
7542,448,96,0,544
7543,18,836,0,854
7544,536,526,0,1062
7545,554,337,0,891
7546,104,600,0,704
7547,990,685,0,1675
7548,709,193,0,902
7549,897,535,0,1432
7550,922,318,0,1240
7551,757,10,0,767
7552,428,464,0,892
7553,411,612,0,1023
7554,876,978,0,1854
7555,165,627,0,792
7556,998,639,0,1637
7557,786,519,0,1305
7558,276,70,0,346
7559,926,243,0,1169
7560,297,91,0,388
7561,118,624,0,742
7562,378,152,0,530
7563,908,267,0,1175
7564,660,886,0,1546
7565,662,678,0,1340
7566,141,324,0,465
7567,312,158,0,470
7568,299,127,0,426
7569,627,622,0,1249
7570,768,944,0,1712
7571,657,987,0,1644
7572,168,253,0,421
7573,62,885,0,947
7574,557,929,0,1486
7575,967,864,0,1831
7576,533,660,0,1193
7577,673,624,0,1297
7578,268,671,0,939
7579,156,957,0,1113
7580,742,226,0,968
7581,188,813,0,1001
7582,10,985,0,995
7583,752,378,0,1130
7584,416,977,0,1393
7585,491,576,0,1067
7586,907,514,0,1421
7587,943,959,0,1902
7588,633,374,0,1007
7589,660,340,0,1000
7590,795,764,0,1559
7591,590,898,0,1488
7592,956,523,0,1479
7593,730,274,0,1004
7594,94,638,0,732
7595,645,518,0,1163
7596,539,725,0,1264
7597,196,12,0,208
7598,167,316,0,483
7599,930,494,0,1424
7600,479,817,0,1296
7601,952,272,0,1224
7602,94,675,0,769
7603,386,431,0,817
7604,506,302,0,808
7605,211,550,0,761
7606,925,613,0,1538
7607,466,313,0,779
7608,869,809,0,1678
7609,704,586,0,1290
7610,706,715,0,1421
7611,906,610,0,1516
7612,491,145,0,636
7613,958,650,0,1608
7614,125,314,0,439
7615,404,639,0,1043
7616,573,995,0,1568
7617,661,968,0,1629
7618,714,44,0,758
7619,923,52,0,975
7620,990,839,0,1829
7621,307,915,0,1222
7622,661,491,0,1152
7623,67,957,0,1024
7624,155,811,0,966
7625,783,598,0,1381
7626,303,841,0,1144
7627,337,182,0,519
7628,312,289,0,601
7629,453,530,0,983
7630,355,326,0,681
7631,12,107,0,119
7632,654,972,0,1626
7633,508,280,0,788
7634,405,326,0,731
7635,866,279,0,1145
7636,340,167,0,507
7637,745,701,0,1446
7638,969,74,0,1043
7639,345,120,0,465
7640,396,319,0,715
7641,637,473,0,1110
7642,327,316,0,643
7643,262,613,0,875
7644,422,519,0,941
7645,562,886,0,1448
7646,65,224,0,289
7647,889,835,0,1724
7648,627,721,0,1348
7649,85,550,0,635
7650,383,25,0,408
7651,952,506,0,1458
7652,165,659,0,824
7653,968,615,0,1583
7654,537,263,0,800
7655,770,908,0,1678
7656,174,415,0,589
7657,771,283,0,1054
7658,606,83,0,689
7659,720,373,0,1093
7660,693,68,0,761
7661,747,162,0,909
7662,309,206,0,515
7663,201,208,0,409
7664,868,215,0,1083
7665,723,164,0,887
7666,586,226,0,812
7667,312,621,0,933
7668,403,797,0,1200
7669,107,742,0,849
7670,263,652,0,915
7671,696,928,0,1624
7672,305,836,0,1141
7673,693,147,0,840
7674,957,489,0,1446
7675,553,178,0,731
7676,791,2,0,793
7677,11,903,0,914
7678,329,612,0,941
7679,326,972,0,1298
7680,13,475,0,488
7681,223,711,0,934
7682,201,425,0,626
7683,140,504,0,644
7684,985,621,0,1606
7685,369,929,0,1298
7686,864,974,0,1838
7687,515,912,0,1427
7688,436,278,0,714
7689,828,430,0,1258
7690,994,189,0,1183
7691,734,696,0,1430
7692,238,942,0,1180
7693,120,350,0,470
7694,141,840,0,981
7695,270,21,0,291
7696,147,3,0,150
7697,440,662,0,1102
7698,5,90,0,95
7699,301,779,0,1080
7700,510,130,0,640
7701,334,957,0,1291
7702,477,632,0,1109
7703,825,483,0,1308
7704,914,314,0,1228
7705,922,45,0,967
7706,374,753,0,1127
7707,981,379,0,1360
7708,164,304,0,468
7709,373,932,0,1305
7710,859,568,0,1427
7711,458,964,0,1422
7712,393,505,0,898
7713,361,131,0,492
7714,384,440,0,824
7715,542,655,0,1197
7716,357,696,0,1053
7717,816,466,0,1282
7718,732,658,0,1390
7719,265,852,0,1117
7720,626,264,0,890
7721,840,215,0,1055
7722,861,442,0,1303
7723,134,262,0,396
7724,532,631,0,1163
7725,67,605,0,672
7726,232,461,0,693
7727,706,192,0,898
7728,584,884,0,1468
7729,340,154,0,494
7730,16,994,0,1010
7731,854,103,0,957
7732,835,11,0,846
7733,713,779,0,1492
7734,982,816,0,1798
7735,966,715,0,1681
7736,169,235,0,404
7737,562,337,0,899
7738,324,3,0,327
7739,126,189,0,315
7740,308,442,0,750
7741,655,919,0,1574
7742,728,715,0,1443
7743,584,158,0,742
7744,391,766,0,1157
7745,376,303,0,679
7746,289,873,0,1162
7747,169,11,0,180
7748,229,294,0,523
7749,61,738,0,799
7750,784,791,0,1575
7751,533,709,0,1242
7752,404,855,0,1259
7753,67,604,0,671
7754,100,800,0,900
7755,270,549,0,819
7756,943,609,0,1552
7757,587,416,0,1003
7758,217,709,0,926
7759,22,848,0,870
7760,328,191,0,519
7761,213,614,0,827
7762,747,232,0,979
7763,721,757,0,1478
7764,596,677,0,1273
7765,949,688,0,1637
7766,759,311,0,1070
7767,600,146,0,746
7768,422,632,0,1054
7769,60,406,0,466
7770,792,469,0,1261
7771,193,366,0,559
7772,691,289,0,980
7773,936,685,0,1621
7774,823,966,0,1789
7775,295,136,0,431
7776,720,799,0,1519
7777,775,705,0,1480
7778,451,380,0,831
7779,597,535,0,1132
7780,218,243,0,461
7781,247,616,0,863
7782,332,752,0,1084
7783,43,526,0,569
7784,355,153,0,508
7785,549,937,0,1486
7786,593,975,0,1568
7787,762,316,0,1078
7788,471,453,0,924
7789,843,540,0,1383
7790,872,220,0,1092
7791,218,574,0,792
7792,729,329,0,1058
7793,69,10,0,79
7794,532,288,0,820
7795,7,200,0,207
7796,26,806,0,832
7797,319,227,0,546
7798,13,655,0,668
7799,176,487,0,663
7800,927,933,0,1860
7801,759,470,0,1229
7802,108,672,0,780
7803,993,968,0,1961
7804,615,408,0,1023
7805,207,295,0,502
7806,1,887,0,888
7807,677,247,0,924
7808,969,524,0,1493
7809,111,608,0,719
7810,753,929,0,1682
7811,436,68,0,504
7812,932,519,0,1451
7813,268,989,0,1257
7814,36,546,0,582
7815,284,457,0,741
7816,450,454,0,904
7817,213,325,0,538
7818,37,576,0,613
7819,618,707,0,1325
7820,58,824,0,882
7821,491,401,0,892
7822,490,192,0,682
7823,636,374,0,1010
7824,87,328,0,415
7825,662,233,0,895
7826,55,22,0,77
7827,109,724,0,833
7828,279,810,0,1089
7829,214,251,0,465
7830,11,913,0,924
7831,151,838,0,989
7832,84,295,0,379
7833,184,489,0,673
7834,516,860,0,1376
7835,141,267,0,408
7836,494,955,0,1449
7837,500,640,0,1140
7838,252,754,0,1006
7839,959,627,0,1586
7840,273,58,0,331
7841,47,357,0,404
7842,352,403,0,755
7843,857,684,0,1541
7844,489,83,0,572
7845,156,880,0,1036
7846,501,592,0,1093
7847,134,1000,0,1134
7848,154,397,0,551
7849,992,528,0,1520
7850,263,637,0,900
7851,692,93,0,785
7852,746,380,0,1126
7853,49,127,0,176
7854,750,802,0,1552
7855,436,179,0,615
7856,400,531,0,931
7857,772,814,0,1586
7858,321,861,0,1182
7859,872,259,0,1131
7860,418,326,0,744
7861,19,28,0,47
7862,436,408,0,844
7863,409,175,0,584
7864,527,454,0,981
7865,910,802,0,1712
7866,777,929,0,1706
7867,37,129,0,166
7868,646,723,0,1369
7869,333,28,0,361
7870,181,253,0,434
7871,749,225,0,974
7872,428,271,0,699
7873,952,515,0,1467
7874,806,616,0,1422
7875,305,813,0,1118
7876,774,927,0,1701
7877,191,58,0,249
7878,444,212,0,656
7879,537,537,0,1074
7880,104,613,0,717
7881,697,985,0,1682
7882,795,199,0,994
7883,701,492,0,1193
7884,590,337,0,927
7885,987,652,0,1639
7886,294,681,0,975
7887,213,264,0,477
7888,864,871,0,1735
7889,626,350,0,976
7890,991,640,0,1631
7891,578,758,0,1336
7892,523,7,0,530
7893,845,900,0,1745
7894,152,91,0,243
7895,53,755,0,808
7896,614,832,0,1446
7897,807,857,0,1664
7898,510,537,0,1047
7899,204,686,0,890
7900,88,599,0,687
7901,672,148,0,820
7902,512,921,0,1433
7903,531,709,0,1240
7904,309,738,0,1047
7905,429,601,0,1030
7906,374,175,0,549
7907,726,697,0,1423
7908,135,769,0,904
7909,150,462,0,612
7910,674,954,0,1628
7911,85,536,0,621
7912,185,478,0,663
7913,471,13,0,484
7914,470,361,0,831
7915,836,176,0,1012
7916,845,818,0,1663
7917,598,916,0,1514
7918,902,53,0,955
7919,430,511,0,941
7920,23,36,0,59
7921,408,486,0,894
7922,761,204,0,965
7923,886,238,0,1124
7924,698,410,0,1108
7925,424,423,0,847
7926,956,607,0,1563
7927,879,126,0,1005
7928,768,957,0,1725
7929,405,447,0,852
7930,789,925,0,1714
7931,467,648,0,1115
7932,555,974,0,1529
7933,785,977,0,1762
7934,979,508,0,1487
7935,992,814,0,1806
7936,257,361,0,618
7937,623,935,0,1558
7938,149,900,0,1049
7939,416,608,0,1024
7940,270,401,0,671
7941,82,908,0,990
7942,620,225,0,845
7943,365,707,0,1072
7944,199,226,0,425
7945,275,472,0,747
7946,259,581,0,840
7947,717,431,0,1148
7948,990,830,0,1820
7949,117,155,0,272
7950,721,536,0,1257
7951,726,411,0,1137
7952,650,869,0,1519
7953,209,120,0,329
7954,35,113,0,148
7955,843,225,0,1068
7956,871,665,0,1536
7957,678,739,0,1417
7958,391,782,0,1173
7959,462,509,0,971
7960,459,846,0,1305
7961,938,134,0,1072
7962,646,255,0,901
7963,403,499,0,902
7964,875,317,0,1192
7965,418,848,0,1266
7966,967,566,0,1533
7967,539,934,0,1473
7968,377,24,0,401
7969,620,289,0,909
7970,163,453,0,616
7971,630,217,0,847
7972,557,169,0,726
7973,385,979,0,1364
7974,734,379,0,1113
7975,646,573,0,1219
7976,445,677,0,1122
7977,785,404,0,1189
7978,457,780,0,1237
7979,545,796,0,1341
7980,574,887,0,1461
7981,630,55,0,685
7982,93,177,0,270
7983,938,808,0,1746
7984,361,46,0,407
7985,810,672,0,1482
7986,593,989,0,1582
7987,764,660,0,1424
7988,54,619,0,673
7989,441,173,0,614
7990,561,249,0,810
7991,288,337,0,625
7992,577,765,0,1342
7993,89,858,0,947
7994,219,229,0,448
7995,594,573,0,1167
7996,698,544,0,1242
7997,767,441,0,1208
7998,619,98,0,717
7999,908,893,0,1801
8000,286,728,0,1014
8001,469,325,0,794
8002,387,399,0,786
8003,902,66,0,968
8004,173,912,0,1085
8005,125,324,0,449
8006,260,527,0,787
8007,729,84,0,813
8008,713,40,0,753
8009,39,975,0,1014
8010,394,53,0,447
8011,807,69,0,876
8012,337,189,0,526
8013,624,419,0,1043
8014,553,141,0,694
8015,351,727,0,1078
8016,252,556,0,808
8017,565,312,0,877
8018,720,94,0,814
8019,273,345,0,618
8020,759,46,0,805
8021,722,620,0,1342
8022,170,420,0,590
8023,157,173,0,330
8024,502,202,0,704
8025,262,466,0,728
8026,821,932,0,1753
8027,302,464,0,766
8028,543,323,0,866
8029,655,82,0,737
8030,579,372,0,951
8031,623,434,0,1057
8032,436,102,0,538
8033,37,88,0,125
8034,47,982,0,1029
8035,491,881,0,1372
8036,35,518,0,553
8037,727,35,0,762
8038,741,35,0,776
8039,609,515,0,1124
8040,972,273,0,1245
8041,113,371,0,484
8042,641,618,0,1259
8043,891,262,0,1153
8044,666,983,0,1649
8045,427,2,0,429
8046,978,93,0,1071
8047,344,377,0,721
8048,814,761,0,1575
8049,572,897,0,1469
8050,862,457,0,1319
8051,972,247,0,1219
8052,957,173,0,1130
8053,3,241,0,244
8054,399,29,0,428
8055,665,650,0,1315
8056,549,370,0,919
8057,787,0,0,787
8058,438,717,0,1155
8059,325,570,0,895
8060,395,589,0,984
8061,976,914,0,1890
8062,220,204,0,424
8063,573,520,0,1093
8064,275,515,0,790
8065,742,150,0,892
8066,994,613,0,1607
8067,285,743,0,1028
8068,411,331,0,742
8069,952,881,0,1833
8070,633,405,0,1038
8071,64,562,0,626
8072,732,935,0,1667
8073,894,143,0,1037
8074,667,917,0,1584
8075,532,667,0,1199
8076,6,211,0,217
8077,588,545,0,1133
8078,974,447,0,1421
8079,519,348,0,867
8080,694,656,0,1350
8081,854,192,0,1046
8082,459,339,0,798
8083,638,533,0,1171
8084,276,513,0,789
8085,101,918,0,1019
8086,896,593,0,1489
8087,409,408,0,817
8088,248,232,0,480
8089,878,463,0,1341
8090,507,774,0,1281
8091,726,73,0,799
8092,239,962,0,1201
8093,543,147,0,690
8094,427,809,0,1236
8095,65,547,0,612
8096,45,458,0,503
8097,720,403,0,1123
8098,292,756,0,1048
8099,818,543,0,1361
8100,397,78,0,475
8101,638,142,0,780
8102,104,995,0,1099
8103,86,709,0,795
8104,393,193,0,586
8105,65,470,0,535
8106,114,798,0,912
8107,501,249,0,750
8108,551,169,0,720
8109,954,715,0,1669
8110,517,363,0,880
8111,709,518,0,1227
8112,887,750,0,1637
8113,280,652,0,932
8114,640,966,0,1606
8115,274,420,0,694
8116,183,300,0,483
8117,56,276,0,332
8118,647,258,0,905
8119,437,599,0,1036
8120,540,381,0,921
8121,351,480,0,831
8122,761,825,0,1586
8123,324,558,0,882
8124,839,567,0,1406
8125,643,852,0,1495
8126,157,342,0,499
8127,857,481,0,1338
8128,260,838,0,1098
8129,890,240,0,1130
8130,689,242,0,931
8131,496,708,0,1204
8132,912,498,0,1410
8133,933,989,0,1922
8134,550,372,0,922
8135,760,137,0,897
8136,359,226,0,585
8137,396,576,0,972
8138,502,166,0,668
8139,296,542,0,838
8140,816,839,0,1655
8141,578,477,0,1055
8142,209,648,0,857
8143,400,614,0,1014
8144,396,861,0,1257
8145,144,513,0,657
8146,520,217,0,737
8147,313,643,0,956
8148,715,469,0,1184
8149,486,236,0,722
8150,530,658,0,1188
8151,80,746,0,826
8152,70,351,0,421
8153,189,437,0,626
8154,80,469,0,549
8155,505,187,0,692
8156,796,482,0,1278
8157,601,110,0,711
8158,290,991,0,1281
8159,319,755,0,1074
8160,689,216,0,905
8161,499,147,0,646
8162,357,27,0,384
8163,539,115,0,654
8164,505,14,0,519
8165,107,819,0,926
8166,623,649,0,1272
8167,279,287,0,566
8168,1000,926,0,1926
8169,845,505,0,1350
8170,495,530,0,1025
8171,599,563,0,1162
8172,239,514,0,753
8173,325,851,0,1176
8174,597,127,0,724
8175,887,103,0,990
8176,259,219,0,478
8177,996,281,0,1277
8178,952,231,0,1183
8179,650,842,0,1492
8180,881,624,0,1505
8181,572,100,0,672
8182,108,255,0,363
8183,283,638,0,921
8184,435,368,0,803
8185,419,97,0,516
8186,446,153,0,599
8187,425,934,0,1359
8188,830,682,0,1512
8189,293,277,0,570
8190,544,168,0,712
8191,307,103,0,410
8192,832,591,0,1423
8193,916,472,0,1388
8194,439,24,0,463
8195,157,605,0,762
8196,754,121,0,875
8197,66,850,0,916
8198,950,197,0,1147
8199,827,110,0,937
8200,55,170,0,225
8201,582,447,0,1029
8202,624,26,0,650
8203,622,724,0,1346
8204,277,657,0,934
8205,614,881,0,1495
8206,563,155,0,718
8207,946,48,0,994
8208,680,364,0,1044
8209,885,903,0,1788
8210,538,49,0,587
8211,370,794,0,1164
8212,775,608,0,1383
8213,412,323,0,735
8214,190,275,0,465
8215,109,343,0,452
8216,285,656,0,941
8217,76,273,0,349
8218,592,88,0,680
8219,24,550,0,574
8220,810,935,0,1745
8221,264,103,0,367
8222,928,654,0,1582
8223,134,10,0,144
8224,813,505,0,1318
8225,314,479,0,793
8226,446,49,0,495
8227,62,628,0,690
8228,101,528,0,629
8229,970,338,0,1308
8230,906,752,0,1658
8231,474,757,0,1231
8232,976,750,0,1726
8233,632,979,0,1611
8234,872,463,0,1335
8235,729,749,0,1478
8236,975,222,0,1197
8237,129,521,0,650
8238,819,737,0,1556
8239,655,791,0,1446
8240,597,395,0,992
8241,778,145,0,923
8242,729,306,0,1035
8243,313,531,0,844
8244,843,910,0,1753
8245,383,958,0,1341
8246,56,32,0,88
8247,748,582,0,1330
8248,92,897,0,989
8249,24,706,0,730
8250,291,403,0,694
8251,615,220,0,835
8252,449,647,0,1096
8253,588,622,0,1210
8254,757,145,0,902
8255,977,209,0,1186
8256,900,360,0,1260
8257,420,679,0,1099
8258,824,79,0,903
8259,541,109,0,650
8260,134,318,0,452
8261,184,659,0,843
8262,304,213,0,517
8263,224,669,0,893
8264,730,70,0,800
8265,103,417,0,520
8266,549,98,0,647
8267,491,325,0,816
8268,547,459,0,1006
8269,54,535,0,589
8270,737,28,0,765
8271,314,855,0,1169
8272,814,860,0,1674
8273,300,419,0,719
8274,53,12,0,65
8275,863,640,0,1503
8276,449,995,0,1444
8277,391,234,0,625
8278,69,469,0,538
8279,78,923,0,1001
8280,889,733,0,1622
8281,28,876,0,904
8282,84,613,0,697
8283,914,437,0,1351
8284,568,426,0,994
8285,185,432,0,617
8286,571,780,0,1351
8287,968,802,0,1770
8288,72,716,0,788
8289,166,35,0,201
8290,99,471,0,570
8291,97,460,0,557
8292,862,235,0,1097
8293,830,639,0,1469
8294,453,7,0,460
8295,186,384,0,570
8296,477,273,0,750
8297,844,387,0,1231
8298,658,551,0,1209
8299,762,272,0,1034
8300,412,193,0,605
8301,738,289,0,1027
8302,478,875,0,1353
8303,784,988,0,1772
8304,549,322,0,871
8305,923,212,0,1135
8306,688,810,0,1498
8307,468,527,0,995
8308,86,593,0,679
8309,432,924,0,1356
8310,548,401,0,949
8311,320,713,0,1033
8312,319,301,0,620
8313,771,790,0,1561
8314,292,218,0,510
8315,905,673,0,1578
8316,760,731,0,1491
8317,608,904,0,1512
8318,753,556,0,1309
8319,754,288,0,1042
8320,503,20,0,523
8321,64,320,0,384
8322,564,958,0,1522
8323,541,948,0,1489
8324,691,372,0,1063
8325,829,500,0,1329
8326,363,687,0,1050
8327,526,695,0,1221
8328,715,77,0,792
8329,456,231,0,687
8330,926,767,0,1693
8331,370,930,0,1300
8332,454,896,0,1350
8333,24,68,0,92
8334,512,528,0,1040
8335,509,933,0,1442
8336,559,388,0,947
8337,629,542,0,1171
8338,837,715,0,1552
8339,800,384,0,1184
8340,93,419,0,512
8341,217,143,0,360
8342,430,405,0,835
8343,386,684,0,1070
8344,785,463,0,1248
8345,634,133,0,767
8346,336,539,0,875
8347,81,87,0,168
8348,470,247,0,717
8349,339,837,0,1176
8350,854,322,0,1176
8351,824,39,0,863
8352,605,654,0,1259
8353,382,662,0,1044
8354,12,640,0,652
8355,28,319,0,347
8356,226,688,0,914
8357,323,917,0,1240
8358,200,921,0,1121
8359,296,199,0,495
8360,754,575,0,1329
8361,53,862,0,915
8362,630,821,0,1451
8363,13,84,0,97
8364,709,580,0,1289
8365,683,975,0,1658
8366,665,47,0,712
8367,451,847,0,1298
8368,304,748,0,1052
8369,353,366,0,719
8370,381,379,0,760
8371,857,165,0,1022
8372,268,190,0,458
8373,117,557,0,674
8374,720,915,0,1635
8375,522,78,0,600
8376,353,363,0,716
8377,27,445,0,472
8378,17,341,0,358
8379,358,182,0,540
8380,970,33,0,1003
8381,345,261,0,606
8382,621,917,0,1538
8383,934,101,0,1035
8384,43,75,0,118
8385,804,201,0,1005
8386,875,123,0,998
8387,18,576,0,594
8388,333,340,0,673
8389,850,505,0,1355
8390,850,541,0,1391
8391,650,254,0,904
8392,72,282,0,354
8393,795,501,0,1296
8394,78,891,0,969
8395,223,290,0,513
8396,178,697,0,875
8397,682,485,0,1167
8398,201,5,0,206
8399,114,33,0,147
8400,734,794,0,1528
8401,494,815,0,1309
8402,73,338,0,411
8403,361,367,0,728
8404,512,428,0,940
8405,795,554,0,1349
8406,242,981,0,1223
8407,85,137,0,222
8408,487,636,0,1123
8409,388,14,0,402
8410,679,119,0,798
8411,388,53,0,441
8412,50,41,0,91
8413,891,848,0,1739
8414,129,816,0,945
8415,809,115,0,924
8416,285,356,0,641
8417,431,516,0,947
8418,993,451,0,1444
8419,188,344,0,532
8420,637,492,0,1129
8421,85,371,0,456
8422,699,620,0,1319
8423,741,249,0,990
8424,628,244,0,872
8425,383,900,0,1283
8426,539,62,0,601
8427,194,647,0,841
8428,16,202,0,218
8429,150,410,0,560
8430,921,146,0,1067
8431,137,943,0,1080
8432,214,533,0,747
8433,89,513,0,602
8434,663,552,0,1215
8435,685,130,0,815
8436,718,246,0,964
8437,32,650,0,682
8438,37,222,0,259
8439,529,106,0,635
8440,971,105,0,1076
8441,272,527,0,799
8442,190,285,0,475
8443,419,335,0,754
8444,72,489,0,561
8445,561,581,0,1142
8446,183,738,0,921
8447,396,572,0,968
8448,482,994,0,1476
8449,801,148,0,949
8450,703,193,0,896
8451,236,233,0,469
8452,172,992,0,1164
8453,791,267,0,1058
8454,575,320,0,895
8455,802,52,0,854
8456,26,875,0,901
8457,208,141,0,349
8458,620,23,0,643
8459,355,990,0,1345
8460,299,996,0,1295
8461,893,979,0,1872
8462,540,549,0,1089
8463,273,936,0,1209
8464,492,534,0,1026
8465,387,614,0,1001
8466,244,184,0,428
8467,54,789,0,843
8468,484,746,0,1230
8469,325,808,0,1133
8470,189,778,0,967
8471,945,154,0,1099
8472,483,661,0,1144
8473,121,718,0,839
8474,986,469,0,1455
8475,389,24,0,413
8476,126,129,0,255
8477,637,822,0,1459
8478,248,2,0,250
8479,992,279,0,1271
8480,272,250,0,522
8481,502,328,0,830
8482,545,594,0,1139
8483,146,380,0,526
8484,328,29,0,357
8485,773,271,0,1044
8486,491,273,0,764
8487,880,659,0,1539
8488,773,861,0,1634
8489,598,30,0,628
8490,250,902,0,1152
8491,605,490,0,1095
8492,386,625,0,1011
8493,782,868,0,1650
8494,666,720,0,1386
8495,269,10,0,279
8496,885,755,0,1640
8497,120,563,0,683
8498,14,964,0,978
8499,867,171,0,1038
8500,246,207,0,453
8501,120,649,0,769
8502,397,258,0,655
8503,823,902,0,1725
8504,391,903,0,1294
8505,336,322,0,658
8506,396,182,0,578
8507,688,838,0,1526
8508,507,179,0,686
8509,327,364,0,691
8510,774,65,0,839
8511,335,728,0,1063
8512,888,632,0,1520
8513,597,933,0,1530
8514,926,793,0,1719
8515,660,390,0,1050
8516,951,619,0,1570
8517,214,767,0,981
8518,986,382,0,1368
8519,126,3,0,129
8520,686,379,0,1065
8521,423,462,0,885
8522,659,494,0,1153
8523,1000,245,0,1245
8524,62,25,0,87
8525,632,613,0,1245
8526,923,383,0,1306
8527,496,605,0,1101
8528,113,259,0,372
8529,685,394,0,1079
8530,283,488,0,771
8531,17,176,0,193
8532,520,264,0,784
8533,511,133,0,644
8534,921,183,0,1104
8535,150,470,0,620
8536,199,807,0,1006
8537,3,381,0,384
8538,442,739,0,1181
8539,416,555,0,971
8540,866,747,0,1613
8541,592,48,0,640
8542,136,470,0,606
8543,660,949,0,1609
8544,322,748,0,1070
8545,61,170,0,231
8546,459,742,0,1201
8547,928,84,0,1012
8548,448,629,0,1077
8549,902,625,0,1527
8550,403,150,0,553
8551,70,566,0,636
8552,239,76,0,315
8553,991,567,0,1558
8554,559,407,0,966
8555,232,505,0,737
8556,258,869,0,1127
8557,743,916,0,1659
8558,780,204,0,984
8559,947,249,0,1196
8560,956,795,0,1751
8561,753,513,0,1266
8562,649,387,0,1036
8563,478,65,0,543
8564,656,833,0,1489
8565,78,243,0,321
8566,10,695,0,705
8567,436,365,0,801
8568,551,136,0,687
8569,538,430,0,968
8570,988,958,0,1946
8571,217,710,0,927
8572,859,397,0,1256
8573,667,511,0,1178
8574,667,670,0,1337
8575,879,509,0,1388
8576,544,237,0,781
8577,996,147,0,1143
8578,92,282,0,374
8579,619,833,0,1452
8580,563,863,0,1426
8581,385,914,0,1299
8582,14,909,0,923
8583,179,438,0,617
8584,326,898,0,1224
8585,603,805,0,1408
8586,828,1000,0,1828
8587,889,528,0,1417
8588,254,465,0,719
8589,731,782,0,1513
8590,154,706,0,860
8591,473,576,0,1049
8592,403,959,0,1362
8593,533,569,0,1102
8594,505,489,0,994
8595,349,183,0,532
8596,770,121,0,891
8597,232,79,0,311
8598,918,452,0,1370
8599,986,157,0,1143
8600,648,101,0,749
8601,219,39,0,258
8602,50,752,0,802
8603,614,735,0,1349
8604,381,410,0,791
8605,354,843,0,1197
8606,796,387,0,1183
8607,62,333,0,395
8608,906,519,0,1425
8609,853,413,0,1266
8610,164,200,0,364
8611,673,754,0,1427
8612,14,809,0,823
8613,924,275,0,1199
8614,751,193,0,944
8615,459,934,0,1393
8616,12,873,0,885
8617,40,113,0,153
8618,222,552,0,774
8619,868,959,0,1827
8620,883,527,0,1410
8621,222,24,0,246
8622,917,420,0,1337
8623,852,22,0,874
8624,913,777,0,1690
8625,681,302,0,983
8626,356,862,0,1218
8627,517,567,0,1084
8628,689,528,0,1217
8629,845,315,0,1160
8630,619,20,0,639
8631,588,55,0,643
8632,619,406,0,1025
8633,685,389,0,1074
8634,810,787,0,1597
8635,689,678,0,1367
8636,623,474,0,1097
8637,379,190,0,569
8638,565,571,0,1136
8639,214,935,0,1149
8640,640,392,0,1032
8641,767,754,0,1521
8642,104,700,0,804
8643,717,471,0,1188
8644,42,573,0,615
8645,524,325,0,849
8646,43,154,0,197
8647,890,251,0,1141
8648,342,209,0,551
8649,205,384,0,589
8650,133,522,0,655
8651,736,237,0,973
8652,731,94,0,825
8653,456,420,0,876
8654,428,28,0,456
8655,16,969,0,985
8656,295,781,0,1076
8657,891,559,0,1450
8658,872,68,0,940
8659,960,967,0,1927
8660,679,796,0,1475
8661,119,883,0,1002
8662,720,157,0,877
8663,296,493,0,789
8664,710,530,0,1240
8665,912,819,0,1731
8666,501,165,0,666
8667,309,705,0,1014
8668,889,298,0,1187
8669,93,393,0,486
8670,872,133,0,1005
8671,623,133,0,756
8672,641,425,0,1066
8673,193,815,0,1008
8674,540,431,0,971
8675,753,158,0,911
8676,996,472,0,1468
8677,505,670,0,1175
8678,972,925,0,1897
8679,489,158,0,647
8680,593,855,0,1448
8681,53,420,0,473
8682,261,347,0,608
8683,744,476,0,1220
8684,128,800,0,928
8685,153,492,0,645
8686,303,417,0,720
8687,166,213,0,379
8688,912,985,0,1897
8689,845,76,0,921
8690,158,458,0,616
8691,191,231,0,422
8692,765,815,0,1580
8693,938,622,0,1560
8694,529,391,0,920
8695,879,850,0,1729
8696,929,132,0,1061
8697,389,873,0,1262
8698,681,60,0,741
8699,353,840,0,1193
8700,717,897,0,1614
8701,487,376,0,863
8702,366,670,0,1036
8703,93,592,0,685
8704,515,736,0,1251
8705,60,185,0,245
8706,116,16,0,132
8707,175,243,0,418
8708,544,558,0,1102
8709,268,40,0,308
8710,894,76,0,970
8711,579,784,0,1363
8712,879,133,0,1012
8713,272,784,0,1056
8714,434,779,0,1213
8715,553,158,0,711
8716,788,175,0,963
8717,33,301,0,334
8718,581,293,0,874
8719,451,876,0,1327
8720,879,284,0,1163
8721,269,562,0,831
8722,496,543,0,1039
8723,206,763,0,969
8724,926,729,0,1655
8725,634,752,0,1386
8726,512,403,0,915
8727,186,353,0,539
8728,535,21,0,556
8729,677,324,0,1001
8730,182,812,0,994
8731,861,273,0,1134
8732,615,414,0,1029
8733,887,210,0,1097
8734,720,855,0,1575
8735,28,524,0,552
8736,475,556,0,1031
8737,283,29,0,312
8738,424,170,0,594
8739,863,877,0,1740
8740,759,603,0,1362
8741,769,647,0,1416
8742,936,33,0,969
8743,351,55,0,406
8744,210,957,0,1167
8745,253,221,0,474
8746,716,9,0,725
8747,212,762,0,974
8748,645,446,0,1091
8749,544,303,0,847
8750,854,309,0,1163
8751,877,15,0,892
8752,823,722,0,1545
8753,761,672,0,1433
8754,915,486,0,1401
8755,610,688,0,1298
8756,892,320,0,1212
8757,751,826,0,1577
8758,779,876,0,1655
8759,120,520,0,640
8760,890,983,0,1873
8761,191,46,0,237
8762,29,965,0,994
8763,880,695,0,1575
8764,931,722,0,1653
8765,789,329,0,1118
8766,163,248,0,411
8767,431,751,0,1182
8768,430,479,0,909
8769,506,5,0,511
8770,968,969,0,1937
8771,187,659,0,846
8772,157,189,0,346
8773,334,796,0,1130
8774,599,231,0,830
8775,942,262,0,1204
8776,67,660,0,727
8777,563,865,0,1428
8778,620,615,0,1235
8779,886,631,0,1517
8780,356,150,0,506
8781,447,265,0,712
8782,440,248,0,688
8783,477,824,0,1301
8784,465,240,0,705
8785,525,474,0,999
8786,151,923,0,1074
8787,719,774,0,1493
8788,394,510,0,904
8789,232,317,0,549
8790,582,867,0,1449
8791,995,455,0,1450
8792,951,414,0,1365
8793,830,652,0,1482
8794,395,387,0,782
8795,771,650,0,1421
8796,829,91,0,920
8797,833,798,0,1631
8798,715,184,0,899
8799,271,793,0,1064
8800,481,397,0,878
8801,75,781,0,856
8802,809,634,0,1443
8803,749,836,0,1585
8804,628,325,0,953
8805,768,447,0,1215
8806,349,358,0,707
8807,425,231,0,656
8808,594,987,0,1581
8809,679,510,0,1189
8810,96,938,0,1034
8811,486,291,0,777
8812,96,644,0,740
8813,42,904,0,946
8814,702,710,0,1412
8815,411,717,0,1128
8816,132,4,0,136
8817,117,915,0,1032
8818,396,458,0,854
8819,422,699,0,1121
8820,407,879,0,1286
8821,178,485,0,663
8822,338,709,0,1047
8823,400,218,0,618
8824,851,984,0,1835
8825,658,440,0,1098
8826,618,400,0,1018
8827,436,246,0,682
8828,723,522,0,1245
8829,344,81,0,425
8830,573,623,0,1196
8831,31,809,0,840
8832,180,344,0,524
8833,658,673,0,1331
8834,831,930,0,1761
8835,125,780,0,905
8836,509,194,0,703
8837,814,542,0,1356
8838,882,819,0,1701
8839,941,151,0,1092
8840,297,112,0,409
8841,229,392,0,621
8842,190,747,0,937
8843,592,468,0,1060
8844,436,254,0,690
8845,989,934,0,1923
8846,916,729,0,1645
8847,828,68,0,896
8848,558,844,0,1402
8849,177,757,0,934
8850,786,297,0,1083
8851,1,632,0,633
8852,4,446,0,450
8853,596,730,0,1326
8854,344,116,0,460
8855,615,444,0,1059
8856,334,709,0,1043
8857,673,969,0,1642
8858,940,72,0,1012
8859,907,389,0,1296
8860,571,549,0,1120
8861,751,989,0,1740
8862,579,863,0,1442
8863,237,382,0,619
8864,502,418,0,920
8865,553,14,0,567
8866,83,166,0,249
8867,177,487,0,664
8868,30,182,0,212
8869,631,439,0,1070
8870,352,168,0,520
8871,986,655,0,1641
8872,863,932,0,1795
8873,664,203,0,867
8874,657,590,0,1247
8875,483,831,0,1314
8876,351,774,0,1125
8877,667,778,0,1445
8878,838,732,0,1570
8879,362,915,0,1277
8880,616,803,0,1419
8881,731,359,0,1090
8882,133,37,0,170
8883,177,209,0,386
8884,521,763,0,1284
8885,851,172,0,1023
8886,734,753,0,1487
8887,359,243,0,602
8888,474,113,0,587
8889,283,600,0,883
8890,866,440,0,1306
8891,362,76,0,438
8892,599,200,0,799
8893,798,561,0,1359
8894,402,569,0,971
8895,72,151,0,223
8896,874,748,0,1622
8897,857,684,0,1541
8898,396,470,0,866
8899,310,368,0,678
8900,788,717,0,1505
8901,27,284,0,311
8902,343,786,0,1129
8903,720,675,0,1395
8904,644,272,0,916
8905,868,658,0,1526
8906,330,511,0,841
8907,398,710,0,1108
8908,471,328,0,799
8909,614,757,0,1371
8910,333,659,0,992
8911,141,254,0,395
8912,464,850,0,1314
8913,470,120,0,590
8914,889,859,0,1748
8915,996,589,0,1585
8916,142,321,0,463
8917,854,172,0,1026
8918,759,573,0,1332
8919,684,870,0,1554
8920,801,789,0,1590
8921,299,269,0,568
8922,406,167,0,573
8923,856,881,0,1737
8924,963,326,0,1289
8925,453,467,0,920
8926,258,236,0,494
8927,115,434,0,549
8928,720,531,0,1251
8929,397,188,0,585
8930,568,165,0,733
8931,139,799,0,938
8932,406,566,0,972
8933,939,759,0,1698
8934,36,440,0,476
8935,436,721,0,1157
8936,748,517,0,1265
8937,136,810,0,946
8938,824,535,0,1359
8939,379,686,0,1065
8940,259,862,0,1121
8941,613,99,0,712
8942,129,821,0,950
8943,477,133,0,610
8944,239,964,0,1203
8945,289,988,0,1277
8946,715,51,0,766
8947,371,321,0,692
8948,614,61,0,675
8949,403,310,0,713
8950,46,752,0,798
8951,818,978,0,1796
8952,467,1,0,468
8953,26,701,0,727
8954,33,830,0,863
8955,306,271,0,577
8956,536,31,0,567
8957,289,524,0,813
8958,977,435,0,1412
8959,39,252,0,291
8960,23,945,0,968
8961,199,83,0,282
8962,682,346,0,1028
8963,659,321,0,980
8964,485,919,0,1404
8965,760,891,0,1651
8966,303,819,0,1122
8967,226,379,0,605
8968,380,719,0,1099
8969,966,438,0,1404
8970,918,570,0,1488
8971,1000,993,0,1993
8972,814,231,0,1045
8973,485,757,0,1242
8974,816,226,0,1042
8975,498,187,0,685
8976,964,131,0,1095
8977,971,177,0,1148
8978,232,718,0,950
8979,926,449,0,1375
8980,190,666,0,856
8981,464,241,0,705
8982,214,214,0,428
8983,683,781,0,1464
8984,262,689,0,951
8985,400,143,0,543
8986,8,557,0,565
8987,551,730,0,1281
8988,705,87,0,792
8989,672,775,0,1447
8990,382,186,0,568
8991,200,241,0,441
8992,150,88,0,238
8993,774,683,0,1457
8994,25,399,0,424
8995,238,326,0,564
8996,181,59,0,240
8997,453,244,0,697
8998,941,505,0,1446
8999,814,73,0,887
9000,887,53,0,940
9001,186,576,0,762
9002,580,1000,0,1580
9003,941,450,0,1391
9004,105,746,0,851
9005,725,431,0,1156
9006,226,362,0,588
9007,284,645,0,929
9008,687,633,0,1320
9009,327,965,0,1292
9010,602,44,0,646
9011,119,395,0,514
9012,376,408,0,784
9013,72,288,0,360
9014,657,329,0,986
9015,50,77,0,127
9016,81,693,0,774
9017,258,393,0,651
9018,48,811,0,859
9019,936,826,0,1762
9020,988,392,0,1380
9021,862,40,0,902
9022,892,598,0,1490
9023,741,950,0,1691
9024,88,269,0,357
9025,645,516,0,1161
9026,973,99,0,1072
9027,399,13,0,412
9028,461,52,0,513
9029,719,18,0,737
9030,36,113,0,149
9031,92,0,0,92
9032,482,779,0,1261
9033,178,492,0,670
9034,254,503,0,757
9035,239,747,0,986
9036,621,215,0,836
9037,87,793,0,880
9038,185,25,0,210
9039,739,707,0,1446
9040,990,696,0,1686
9041,312,211,0,523
9042,200,776,0,976
9043,605,802,0,1407
9044,899,917,0,1816
9045,753,912,0,1665
9046,347,185,0,532
9047,207,608,0,815
9048,143,704,0,847
9049,847,296,0,1143
9050,31,227,0,258
9051,722,737,0,1459
9052,489,452,0,941
9053,20,416,0,436
9054,226,42,0,268
9055,499,288,0,787
9056,979,871,0,1850
9057,422,43,0,465
9058,866,708,0,1574
9059,531,82,0,613
9060,486,569,0,1055
9061,243,222,0,465
9062,78,978,0,1056
9063,701,280,0,981
9064,189,484,0,673
9065,93,167,0,260
9066,642,568,0,1210
9067,272,222,0,494
9068,796,47,0,843
9069,138,709,0,847
9070,276,986,0,1262
9071,601,721,0,1322
9072,76,857,0,933
9073,245,500,0,745
9074,792,510,0,1302
9075,308,769,0,1077
9076,554,278,0,832
9077,12,830,0,842
9078,440,31,0,471
9079,793,169,0,962
9080,270,917,0,1187
9081,516,28,0,544
9082,316,80,0,396
9083,389,721,0,1110
9084,24,982,0,1006
9085,840,96,0,936
9086,23,448,0,471
9087,903,914,0,1817
9088,969,471,0,1440
9089,905,880,0,1785
9090,583,968,0,1551
9091,952,668,0,1620
9092,268,780,0,1048
9093,92,939,0,1031
9094,950,3,0,953
9095,610,171,0,781
9096,234,614,0,848
9097,989,520,0,1509
9098,217,520,0,737
9099,957,98,0,1055
9100,755,298,0,1053
9101,369,0,0,369
9102,773,31,0,804
9103,674,533,0,1207
9104,668,111,0,779
9105,108,723,0,831
9106,193,958,0,1151
9107,387,32,0,419
9108,932,22,0,954
9109,337,605,0,942
9110,556,929,0,1485
9111,524,24,0,548
9112,151,396,0,547
9113,983,133,0,1116
9114,926,783,0,1709
9115,633,456,0,1089
9116,180,328,0,508
9117,987,989,0,1976
9118,577,219,0,796
9119,435,401,0,836
9120,501,455,0,956
9121,638,293,0,931
9122,247,195,0,442
9123,253,882,0,1135
9124,402,848,0,1250
9125,761,876,0,1637
9126,309,268,0,577
9127,639,805,0,1444
9128,772,811,0,1583
9129,14,850,0,864
9130,123,482,0,605
9131,557,465,0,1022
9132,252,992,0,1244
9133,779,359,0,1138
9134,647,789,0,1436
9135,303,523,0,826
9136,101,39,0,140
9137,171,321,0,492
9138,194,226,0,420
9139,869,431,0,1300
9140,216,336,0,552
9141,134,362,0,496
9142,960,712,0,1672
9143,755,747,0,1502
9144,78,507,0,585
9145,526,884,0,1410
9146,812,601,0,1413
9147,785,216,0,1001
9148,521,140,0,661
9149,173,337,0,510
9150,355,512,0,867
9151,702,470,0,1172
9152,307,353,0,660
9153,156,625,0,781
9154,125,544,0,669
9155,281,115,0,396
9156,960,270,0,1230
9157,100,458,0,558
9158,531,872,0,1403
9159,155,905,0,1060
9160,692,665,0,1357
9161,50,982,0,1032
9162,502,297,0,799
9163,3,813,0,816
9164,233,961,0,1194
9165,965,413,0,1378
9166,736,661,0,1397
9167,342,474,0,816
9168,36,429,0,465
9169,229,22,0,251
9170,405,998,0,1403
9171,88,816,0,904
9172,300,82,0,382
9173,178,373,0,551
9174,381,559,0,940
9175,840,412,0,1252
9176,160,889,0,1049
9177,280,0,0,280
9178,946,441,0,1387
9179,1,664,0,665
9180,574,590,0,1164
9181,657,766,0,1423
9182,807,463,0,1270
9183,987,305,0,1292
9184,867,435,0,1302
9185,453,776,0,1229
9186,859,436,0,1295
9187,445,677,0,1122
9188,283,669,0,952
9189,666,228,0,894
9190,661,106,0,767
9191,275,507,0,782
9192,396,651,0,1047
9193,980,872,0,1852
9194,499,739,0,1238
9195,999,630,0,1629
9196,683,563,0,1246
9197,202,925,0,1127
9198,845,521,0,1366
9199,132,58,0,190
9200,170,915,0,1085
9201,994,906,0,1900
9202,333,353,0,686
9203,980,201,0,1181
9204,507,785,0,1292
9205,100,730,0,830
9206,602,932,0,1534
9207,700,886,0,1586
9208,975,178,0,1153
9209,645,839,0,1484
9210,709,667,0,1376
9211,835,257,0,1092
9212,190,452,0,642
9213,964,587,0,1551
9214,906,83,0,989
9215,816,317,0,1133
9216,543,628,0,1171
9217,364,663,0,1027
9218,539,37,0,576
9219,872,967,0,1839
9220,419,36,0,455
9221,10,365,0,375
9222,912,407,0,1319
9223,679,355,0,1034
9224,911,361,0,1272
9225,618,882,0,1500
9226,569,890,0,1459
9227,806,227,0,1033
9228,162,329,0,491
9229,740,951,0,1691
9230,231,937,0,1168
9231,185,408,0,593
9232,281,435,0,716
9233,37,602,0,639
9234,486,549,0,1035
9235,323,471,0,794
9236,577,246,0,823
9237,757,910,0,1667
9238,289,475,0,764
9239,592,150,0,742
9240,214,739,0,953
9241,192,592,0,784
9242,722,847,0,1569
9243,597,375,0,972
9244,266,686,0,952
9245,623,642,0,1265
9246,792,933,0,1725
9247,79,470,0,549
9248,929,745,0,1674
9249,910,298,0,1208
9250,754,809,0,1563
9251,500,321,0,821
9252,136,219,0,355
9253,926,635,0,1561
9254,870,971,0,1841
9255,878,805,0,1683
9256,786,112,0,898
9257,132,118,0,250
9258,307,420,0,727
9259,68,264,0,332
9260,456,31,0,487
9261,378,690,0,1068
9262,540,332,0,872
9263,628,111,0,739
9264,75,83,0,158
9265,642,710,0,1352
9266,70,541,0,611
9267,153,62,0,215
9268,160,947,0,1107
9269,688,24,0,712
9270,524,15,0,539
9271,44,734,0,778
9272,349,420,0,769
9273,735,894,0,1629
9274,416,413,0,829
9275,375,94,0,469
9276,610,610,0,1220
9277,56,308,0,364
9278,797,593,0,1390
9279,579,31,0,610
9280,771,66,0,837
9281,644,743,0,1387
9282,593,674,0,1267
9283,515,929,0,1444
9284,423,589,0,1012
9285,685,225,0,910
9286,973,159,0,1132
9287,464,271,0,735
9288,12,604,0,616
9289,217,642,0,859
9290,608,743,0,1351
9291,592,480,0,1072
9292,1,947,0,948
9293,671,389,0,1060
9294,604,285,0,889
9295,928,79,0,1007
9296,341,778,0,1119
9297,11,357,0,368
9298,634,181,0,815
9299,993,109,0,1102
9300,248,112,0,360
9301,745,884,0,1629
9302,881,586,0,1467
9303,750,713,0,1463
9304,202,42,0,244
9305,213,417,0,630
9306,13,587,0,600
9307,36,939,0,975
9308,759,832,0,1591
9309,387,481,0,868
9310,191,247,0,438
9311,298,490,0,788
9312,935,861,0,1796
9313,58,600,0,658
9314,973,169,0,1142
9315,38,815,0,853
9316,780,494,0,1274
9317,868,418,0,1286
9318,393,326,0,719
9319,65,961,0,1026
9320,309,717,0,1026
9321,830,511,0,1341
9322,842,496,0,1338
9323,575,276,0,851
9324,962,563,0,1525
9325,731,113,0,844
9326,641,308,0,949
9327,77,622,0,699
9328,592,812,0,1404
9329,487,342,0,829
9330,593,677,0,1270
9331,115,543,0,658
9332,840,668,0,1508
9333,306,225,0,531
9334,625,378,0,1003
9335,177,891,0,1068
9336,938,332,0,1270
9337,819,413,0,1232
9338,659,915,0,1574
9339,859,946,0,1805
9340,274,271,0,545
9341,52,596,0,648
9342,629,501,0,1130
9343,936,764,0,1700
9344,996,556,0,1552
9345,822,111,0,933
9346,625,583,0,1208
9347,876,536,0,1412
9348,6,890,0,896
9349,236,261,0,497
9350,447,863,0,1310
9351,866,606,0,1472
9352,51,702,0,753
9353,627,577,0,1204
9354,569,999,0,1568
9355,114,66,0,180
9356,840,381,0,1221
9357,960,587,0,1547
9358,978,879,0,1857
9359,289,755,0,1044
9360,266,304,0,570
9361,963,140,0,1103
9362,136,185,0,321
9363,584,813,0,1397
9364,297,278,0,575
9365,516,197,0,713
9366,216,346,0,562
9367,712,185,0,897
9368,827,240,0,1067
9369,497,239,0,736
9370,68,922,0,990
9371,40,868,0,908
9372,408,618,0,1026
9373,532,764,0,1296
9374,163,159,0,322
9375,727,367,0,1094
9376,602,74,0,676
9377,975,961,0,1936
9378,835,250,0,1085
9379,228,392,0,620
9380,529,826,0,1355
9381,975,836,0,1811
9382,430,217,0,647
9383,691,303,0,994
9384,565,227,0,792
9385,100,330,0,430
9386,980,277,0,1257
9387,553,619,0,1172
9388,190,938,0,1128
9389,575,529,0,1104
9390,961,897,0,1858
9391,406,434,0,840
9392,757,69,0,826
9393,156,586,0,742
9394,187,69,0,256
9395,256,809,0,1065
9396,248,623,0,871
9397,854,981,0,1835
9398,740,190,0,930
9399,804,120,0,924
9400,50,201,0,251
9401,863,445,0,1308
9402,606,424,0,1030
9403,437,994,0,1431
9404,61,710,0,771
9405,299,658,0,957
9406,409,946,0,1355
9407,930,571,0,1501
9408,696,323,0,1019
9409,74,598,0,672
9410,23,494,0,517
9411,998,183,0,1181
9412,876,92,0,968
9413,817,748,0,1565
9414,278,539,0,817
9415,746,637,0,1383
9416,86,987,0,1073
9417,696,144,0,840
9418,475,508,0,983
9419,726,371,0,1097
9420,282,94,0,376
9421,380,765,0,1145
9422,867,944,0,1811
9423,274,657,0,931
9424,597,989,0,1586
9425,124,64,0,188
9426,402,521,0,923
9427,634,259,0,893
9428,367,490,0,857
9429,893,474,0,1367
9430,629,651,0,1280
9431,410,461,0,871
9432,562,439,0,1001
9433,52,802,0,854
9434,366,975,0,1341
9435,165,840,0,1005
9436,87,52,0,139
9437,297,868,0,1165
9438,86,21,0,107
9439,931,266,0,1197
9440,557,906,0,1463
9441,182,952,0,1134
9442,752,68,0,820
9443,346,457,0,803
9444,961,243,0,1204
9445,110,292,0,402
9446,750,333,0,1083
9447,43,466,0,509
9448,291,701,0,992
9449,458,229,0,687
9450,140,563,0,703
9451,767,277,0,1044
9452,757,60,0,817
9453,414,239,0,653
9454,903,344,0,1247
9455,391,121,0,512
9456,882,24,0,906
9457,664,202,0,866
9458,898,925,0,1823
9459,826,901,0,1727
9460,225,999,0,1224
9461,245,182,0,427
9462,604,176,0,780
9463,33,339,0,372
9464,984,740,0,1724
9465,143,743,0,886
9466,189,751,0,940
9467,313,969,0,1282
9468,386,636,0,1022
9469,499,501,0,1000
9470,687,151,0,838
9471,647,608,0,1255
9472,494,851,0,1345
9473,130,691,0,821
9474,134,0,0,134
9475,654,8,0,662
9476,325,714,0,1039
9477,134,42,0,176
9478,964,287,0,1251
9479,808,646,0,1454
9480,527,487,0,1014
9481,775,641,0,1416
9482,558,370,0,928
9483,421,638,0,1059
9484,307,310,0,617
9485,448,631,0,1079
9486,350,145,0,495
9487,289,501,0,790
9488,857,279,0,1136
9489,221,754,0,975
9490,890,280,0,1170
9491,480,83,0,563
9492,246,970,0,1216
9493,630,276,0,906
9494,725,454,0,1179
9495,207,879,0,1086
9496,385,923,0,1308
9497,259,731,0,990
9498,372,412,0,784
9499,111,49,0,160
9500,8,729,0,737
9501,857,803,0,1660
9502,818,306,0,1124
9503,919,295,0,1214
9504,687,177,0,864
9505,135,257,0,392
9506,594,735,0,1329
9507,522,381,0,903
9508,541,891,0,1432
9509,190,150,0,340
9510,967,949,0,1916
9511,133,27,0,160
9512,480,260,0,740
9513,329,892,0,1221
9514,228,910,0,1138
9515,628,953,0,1581
9516,812,910,0,1722
9517,830,322,0,1152
9518,50,384,0,434
9519,740,241,0,981
9520,208,424,0,632
9521,188,421,0,609
9522,214,665,0,879
9523,529,747,0,1276
9524,902,660,0,1562
9525,396,292,0,688
9526,618,813,0,1431
9527,498,367,0,865
9528,906,716,0,1622
9529,215,371,0,586
9530,835,990,0,1825
9531,832,976,0,1808
9532,546,589,0,1135
9533,741,973,0,1714
9534,942,290,0,1232
9535,273,202,0,475
9536,408,973,0,1381
9537,6,554,0,560
9538,0,705,0,705
9539,5,421,0,426
9540,68,231,0,299
9541,318,425,0,743
9542,624,448,0,1072
9543,333,806,0,1139
9544,75,326,0,401
9545,903,427,0,1330
9546,392,0,0,392
9547,477,957,0,1434
9548,106,204,0,310
9549,557,936,0,1493
9550,393,626,0,1019
9551,622,658,0,1280
9552,827,789,0,1616
9553,390,517,0,907
9554,779,690,0,1469
9555,805,216,0,1021
9556,727,577,0,1304
9557,810,372,0,1182
9558,801,203,0,1004
9559,742,73,0,815
9560,997,387,0,1384
9561,821,57,0,878
9562,151,93,0,244
9563,135,653,0,788
9564,861,970,0,1831
9565,113,819,0,932
9566,603,766,0,1369
9567,203,340,0,543
9568,95,832,0,927
9569,408,656,0,1064
9570,146,771,0,917
9571,210,599,0,809
9572,585,942,0,1527
9573,98,900,0,998
9574,408,811,0,1219
9575,130,939,0,1069
9576,975,593,0,1568
9577,757,199,0,956
9578,174,230,0,404
9579,375,329,0,704
9580,450,796,0,1246
9581,192,701,0,893
9582,176,254,0,430
9583,752,765,0,1517
9584,417,625,0,1042
9585,853,861,0,1714
9586,296,747,0,1043
9587,103,871,0,974
9588,427,624,0,1051
9589,882,533,0,1415
9590,532,711,0,1243
9591,962,399,0,1361
9592,53,986,0,1039
9593,710,803,0,1513
9594,794,660,0,1454
9595,796,396,0,1192
9596,697,889,0,1586
9597,380,216,0,596
9598,734,417,0,1151
9599,250,473,0,723
9600,97,677,0,774
9601,250,899,0,1149
9602,688,194,0,882
9603,279,634,0,913
9604,421,108,0,529
9605,558,620,0,1178
9606,928,927,0,1855
9607,498,589,0,1087
9608,948,155,0,1103
9609,514,237,0,751
9610,724,829,0,1553
9611,228,39,0,267
9612,156,258,0,414
9613,728,21,0,749
9614,907,872,0,1779
9615,511,253,0,764
9616,406,433,0,839
9617,46,990,0,1036
9618,133,552,0,685
9619,185,284,0,469
9620,81,345,0,426
9621,980,206,0,1186
9622,750,200,0,950
9623,184,971,0,1155
9624,712,931,0,1643
9625,961,950,0,1911
9626,609,729,0,1338
9627,265,118,0,383
9628,530,260,0,790
9629,269,661,0,930
9630,181,299,0,480
9631,703,23,0,726
9632,448,226,0,674
9633,145,978,0,1123
9634,484,653,0,1137
9635,266,216,0,482
9636,474,340,0,814
9637,492,788,0,1280
9638,231,721,0,952
9639,899,612,0,1511
9640,845,361,0,1206
9641,703,545,0,1248
9642,105,293,0,398
9643,754,502,0,1256
9644,193,20,0,213
9645,979,474,0,1453
9646,510,250,0,760
9647,838,61,0,899
9648,723,894,0,1617
9649,170,655,0,825
9650,399,740,0,1139
9651,144,192,0,336
9652,411,729,0,1140
9653,336,383,0,719
9654,872,301,0,1173
9655,764,118,0,882
9656,37,578,0,615
9657,675,465,0,1140
9658,705,902,0,1607
9659,139,361,0,500
9660,851,612,0,1463
9661,188,117,0,305
9662,323,464,0,787
9663,696,149,0,845
9664,656,863,0,1519
9665,861,339,0,1200
9666,615,66,0,681
9667,321,492,0,813
9668,865,864,0,1729
9669,551,964,0,1515
9670,544,366,0,910
9671,669,422,0,1091
9672,26,430,0,456
9673,615,958,0,1573
9674,671,346,0,1017
9675,449,927,0,1376
9676,41,58,0,99
9677,166,439,0,605
9678,129,147,0,276
9679,695,16,0,711
9680,409,545,0,954
9681,74,409,0,483
9682,894,836,0,1730
9683,570,531,0,1101
9684,282,311,0,593
9685,32,31,0,63
9686,237,405,0,642
9687,819,463,0,1282
9688,621,30,0,651
9689,494,686,0,1180
9690,426,71,0,497
9691,13,361,0,374
9692,462,412,0,874
9693,237,960,0,1197
9694,97,298,0,395
9695,977,743,0,1720
9696,87,527,0,614
9697,650,974,0,1624
9698,199,262,0,461
9699,649,940,0,1589
9700,217,387,0,604
9701,69,602,0,671
9702,401,90,0,491
9703,33,637,0,670
9704,654,922,0,1576
9705,679,724,0,1403
9706,85,100,0,185
9707,933,188,0,1121
9708,584,125,0,709
9709,404,20,0,424
9710,266,915,0,1181
9711,893,80,0,973
9712,549,14,0,563
9713,892,239,0,1131
9714,706,870,0,1576
9715,607,247,0,854
9716,911,465,0,1376
9717,393,567,0,960
9718,394,334,0,728
9719,689,634,0,1323
9720,763,761,0,1524
9721,301,863,0,1164
9722,468,877,0,1345
9723,672,336,0,1008
9724,420,134,0,554
9725,349,9,0,358
9726,793,879,0,1672
9727,365,487,0,852
9728,29,843,0,872
9729,536,734,0,1270
9730,942,190,0,1132
9731,106,600,0,706
9732,668,111,0,779
9733,87,965,0,1052
9734,936,625,0,1561
9735,670,710,0,1380
9736,139,508,0,647
9737,833,619,0,1452
9738,261,909,0,1170
9739,269,284,0,553
9740,11,345,0,356
9741,588,205,0,793
9742,58,292,0,350
9743,136,446,0,582
9744,181,732,0,913
9745,563,370,0,933
9746,75,350,0,425
9747,150,537,0,687
9748,222,861,0,1083
9749,626,413,0,1039
9750,475,847,0,1322
9751,458,755,0,1213
9752,655,134,0,789
9753,245,787,0,1032
9754,84,862,0,946
9755,620,743,0,1363
9756,404,62,0,466
9757,594,773,0,1367
9758,657,203,0,860
9759,98,925,0,1023
9760,932,211,0,1143
9761,41,686,0,727
9762,256,257,0,513
9763,198,147,0,345
9764,304,257,0,561
9765,813,140,0,953
9766,611,923,0,1534
9767,837,974,0,1811
9768,63,622,0,685
9769,422,401,0,823
9770,226,459,0,685
9771,472,701,0,1173
9772,458,653,0,1111
9773,120,498,0,618
9774,252,264,0,516
9775,827,65,0,892
9776,810,64,0,874
9777,181,254,0,435
9778,656,409,0,1065
9779,475,306,0,781
9780,617,290,0,907
9781,19,217,0,236
9782,472,714,0,1186
9783,127,693,0,820
9784,397,920,0,1317
9785,821,15,0,836
9786,357,0,0,357
9787,586,645,0,1231
9788,90,610,0,700
9789,761,20,0,781
9790,738,994,0,1732
9791,660,936,0,1596
9792,910,351,0,1261
9793,40,770,0,810
9794,978,807,0,1785
9795,688,745,0,1433
9796,251,309,0,560
9797,881,768,0,1649
9798,769,979,0,1748
9799,24,220,0,244
9800,40,447,0,487
9801,738,585,0,1323
9802,706,447,0,1153
9803,521,631,0,1152
9804,343,37,0,380
9805,289,184,0,473
9806,526,498,0,1024
9807,133,642,0,775
9808,981,674,0,1655
9809,987,759,0,1746
9810,596,954,0,1550
9811,385,317,0,702
9812,586,308,0,894
9813,129,551,0,680
9814,749,553,0,1302
9815,647,91,0,738
9816,269,37,0,306
9817,547,715,0,1262
9818,846,299,0,1145
9819,762,814,0,1576
9820,860,897,0,1757
9821,1000,484,0,1484
9822,128,297,0,425
9823,391,103,0,494
9824,207,483,0,690
9825,89,959,0,1048
9826,987,465,0,1452
9827,706,916,0,1622
9828,458,335,0,793
9829,362,551,0,913
9830,151,159,0,310
9831,772,600,0,1372
9832,528,617,0,1145
9833,630,980,0,1610
9834,757,548,0,1305
9835,368,666,0,1034
9836,619,827,0,1446
9837,301,633,0,934
9838,341,932,0,1273
9839,289,382,0,671
9840,414,827,0,1241
9841,934,771,0,1705
9842,30,686,0,716
9843,621,641,0,1262
9844,261,82,0,343
9845,559,353,0,912
9846,4,9,0,13
9847,200,208,0,408
9848,876,31,0,907
9849,13,267,0,280
9850,613,505,0,1118
9851,319,219,0,538
9852,332,824,0,1156
9853,142,71,0,213
9854,485,935,0,1420
9855,959,253,0,1212
9856,451,167,0,618
9857,284,572,0,856
9858,444,788,0,1232
9859,79,114,0,193
9860,487,290,0,777
9861,368,368,0,736
9862,906,322,0,1228
9863,384,769,0,1153
9864,472,378,0,850
9865,485,99,0,584
9866,748,834,0,1582
9867,601,242,0,843
9868,102,744,0,846
9869,328,440,0,768
9870,321,10,0,331
9871,398,871,0,1269
9872,280,848,0,1128
9873,61,996,0,1057
9874,893,467,0,1360
9875,91,938,0,1029
9876,434,374,0,808
9877,73,140,0,213
9878,928,641,0,1569
9879,194,378,0,572
9880,292,664,0,956
9881,542,147,0,689
9882,267,403,0,670
9883,749,431,0,1180
9884,564,845,0,1409
9885,295,595,0,890
9886,846,214,0,1060
9887,185,471,0,656
9888,656,67,0,723
9889,436,243,0,679
9890,157,247,0,404
9891,329,301,0,630
9892,873,795,0,1668
9893,537,907,0,1444
9894,950,420,0,1370
9895,92,669,0,761
9896,804,647,0,1451
9897,36,97,0,133
9898,765,651,0,1416
9899,404,969,0,1373
9900,785,370,0,1155
9901,376,323,0,699
9902,543,947,0,1490
9903,379,0,0,379
9904,81,128,0,209
9905,469,445,0,914
9906,674,597,0,1271
9907,544,13,0,557
9908,352,612,0,964
9909,217,7,0,224
9910,730,491,0,1221
9911,257,117,0,374
9912,911,127,0,1038
9913,663,602,0,1265
9914,366,679,0,1045
9915,190,92,0,282
9916,609,500,0,1109
9917,100,317,0,417
9918,389,305,0,694
9919,999,686,0,1685
9920,105,105,0,210
9921,347,145,0,492
9922,58,101,0,159
9923,321,698,0,1019
9924,250,761,0,1011
9925,475,736,0,1211
9926,393,813,0,1206
9927,567,354,0,921
9928,754,452,0,1206
9929,290,574,0,864
9930,107,797,0,904
9931,967,884,0,1851
9932,58,438,0,496
9933,936,107,0,1043
9934,899,337,0,1236
9935,638,230,0,868
9936,209,737,0,946
9937,602,894,0,1496
9938,220,467,0,687
9939,928,902,0,1830
9940,888,873,0,1761
9941,755,806,0,1561
9942,951,172,0,1123
9943,310,362,0,672
9944,463,357,0,820
9945,794,232,0,1026
9946,57,611,0,668
9947,504,293,0,797
9948,654,910,0,1564
9949,12,51,0,63
9950,556,985,0,1541
9951,229,289,0,518
9952,663,824,0,1487
9953,699,678,0,1377
9954,714,245,0,959
9955,623,552,0,1175
9956,322,558,0,880
9957,859,622,0,1481
9958,567,560,0,1127
9959,744,549,0,1293
9960,510,388,0,898
9961,69,413,0,482
9962,481,229,0,710
9963,561,193,0,754
9964,973,597,0,1570
9965,983,963,0,1946
9966,291,400,0,691
9967,837,37,0,874
9968,340,686,0,1026
9969,246,528,0,774
9970,556,861,0,1417
9971,966,918,0,1884
9972,151,230,0,381
9973,695,517,0,1212
9974,992,936,0,1928
9975,836,375,0,1211
9976,874,791,0,1665
9977,72,656,0,728
9978,62,459,0,521
9979,97,227,0,324
9980,322,537,0,859
9981,453,859,0,1312
9982,386,867,0,1253
9983,676,103,0,779
9984,210,939,0,1149
9985,469,564,0,1033
9986,337,256,0,593
9987,257,320,0,577
9988,766,17,0,783
9989,442,769,0,1211
9990,213,766,0,979
9991,309,869,0,1178
9992,87,219,0,306
9993,196,919,0,1115
9994,867,260,0,1127
9995,850,650,0,1500
9996,169,828,0,997
9997,986,418,0,1404
9998,252,417,0,669
9999,852,204,0,1056
